Time,Healthy,Undetectable,Detectable
0,95,5,0
1,95,5,0
2,95,5,0
3,95,5,0
4,95,5,0
5,95,5,0
6,95,5,0
7,95,5,0
8,95,5,0
9,95,5,0
10,95,5,0
11,95,5,0
12,95,5,0
13,95,4,1
14,95,4,1
15,95,4,1
16,95,4,1
17,95,4,1
18,95,4,1
19,95,4,1
20,95,4,1
21,95,4,1
22,95,4,1
23,95,4,1
24,95,4,1
25,95,4,1
26,95,4,1
27,95,4,1
28,95,4,1
29,95,4,1
30,95,4,1
31,95,4,1
32,95,3,2
33,95,3,2
34,95,3,2
35,95,3,2
36,95,3,2
37,95,3,2
38,95,3,2
39,95,3,2
40,95,3,2
41,95,3,2
42,95,3,2
43,95,3,2
44,95,3,2
45,95,3,2
46,95,3,2
47,95,3,2
48,95,3,2
49,95,3,2
50,95,3,2
51,95,3,2
52,95,3,2
53,95,3,2
54,95,3,2
55,95,3,2
56,95,3,2
57,95,3,2
58,95,3,2
59,95,3,2
60,95,3,2
61,95,3,2
62,95,3,2
63,95,3,2
64,95,3,2
65,95,3,2
66,95,3,2
67,95,3,2
68,95,3,2
69,95,3,2
70,95,3,2
71,95,3,2
72,95,3,2
73,94,4,2
74,93,5,2
75,93,5,2
76,93,5,2
77,93,5,2
78,93,5,2
79,93,5,2
80,93,5,2
81,93,5,2
82,93,5,2
83,93,5,2
84,93,5,2
85,93,5,2
86,93,5,2
87,93,5,2
88,93,5,2
89,93,5,2
90,93,4,3
91,93,4,3
92,93,4,3
93,93,4,3
94,93,4,3
95,93,4,3
96,93,4,3
97,93,4,3
98,93,4,3
99,93,4,3
100,93,4,3
101,93,4,3
102,93,4,3
103,93,4,3
104,93,4,3
105,93,4,3
106,93,4,3
107,93,4,3
108,93,4,3
109,93,4,3
110,93,4,3
111,93,4,3
112,93,4,3
113,93,4,3
114,93,4,3
115,93,4,3
116,93,4,3
117,93,4,3
118,93,4,3
119,93,4,3
120,93,4,3
121,93,4,3
122,93,4,3
123,93,4,3
124,93,4,3
125,93,4,3
126,93,4,3
127,93,4,3
128,93,4,3
129,93,4,3
130,93,4,3
131,93,4,3
132,93,4,3
133,93,4,3
134,93,4,3
135,93,4,3
136,93,4,3
137,93,4,3
138,93,4,3
139,93,4,3
140,93,4,3
141,93,4,3
142,93,4,3
143,93,4,3
144,93,4,3
145,93,4,3
146,93,4,3
147,93,4,3
148,92,5,3
149,92,5,3
150,92,5,3
151,92,5,3
152,92,5,3
153,92,5,3
154,92,5,3
155,92,5,3
156,92,5,3
157,92,5,3
158,92,5,3
159,92,5,3
160,92,5,3
161,92,5,3
162,92,5,3
163,92,5,3
164,92,5,3
165,92,5,3
166,92,5,3
167,92,5,3
168,92,5,3
169,92,5,3
170,92,5,3
171,92,5,3
172,92,5,3
173,92,5,3
174,92,5,3
175,92,5,3
176,92,5,3
177,92,5,3
178,92,5,3
179,92,5,3
180,92,5,3
181,92,5,3
182,92,5,3
183,92,5,3
184,92,5,3
185,92,5,3
186,92,5,3
187,92,5,3
188,92,5,3
189,92,5,3
190,92,5,3
191,92,5,3
192,92,5,3
193,92,5,3
194,92,5,3
195,92,5,3
196,92,5,3
197,92,5,3
198,92,5,3
199,92,5,3
200,92,5,3
201,92,5,3
202,92,4,4
203,92,4,4
204,92,4,4
205,92,4,4
206,92,4,4
207,92,4,4
208,92,4,4
209,92,4,4
210,92,4,4
211,92,4,4
212,92,4,4
213,92,4,4
214,92,4,4
215,92,4,4
216,92,4,4
217,92,4,4
218,92,4,4
219,92,4,4
220,92,4,4
221,92,4,4
222,92,4,4
223,92,4,4
224,92,4,4
225,92,4,4
226,92,4,4
227,92,4,4
228,92,4,4
229,92,4,4
230,92,4,4
231,92,4,4
232,92,4,4
233,92,4,4
234,92,4,4
235,92,4,4
236,92,4,4
237,92,4,4
238,92,4,4
239,92,4,4
240,92,4,4
241,92,4,4
242,92,4,4
243,92,4,4
244,92,4,4
245,92,4,4
246,92,4,4
247,92,4,4
248,92,4,4
249,92,4,4
250,92,4,4
251,92,4,4
252,92,4,4
253,92,4,4
254,92,4,4
255,92,4,4
256,92,4,4
257,92,4,4
258,92,4,4
259,92,4,4
260,92,4,4
261,92,4,4
262,92,4,4
263,91,5,4
264,91,5,4
265,91,5,4
266,91,5,4
267,91,5,4
268,91,5,4
269,91,5,4
270,91,5,4
271,91,5,4
272,91,5,4
273,91,5,4
274,91,5,4
275,91,5,4
276,91,5,4
277,91,5,4
278,91,5,4
279,91,5,4
280,91,5,4
281,91,5,4
282,91,5,4
283,91,5,4
284,91,5,4
285,91,5,4
286,91,5,4
287,91,5,4
288,91,5,4
289,91,5,4
290,91,5,4
291,91,5,4
292,91,5,4
293,91,5,4
294,91,5,4
295,91,5,4
296,91,5,4
297,91,5,4
298,91,5,4
299,91,4,5
300,91,4,5
301,91,4,5
302,91,4,5
303,91,4,5
304,91,4,5
305,91,4,5
306,91,4,5
307,91,4,5
308,91,4,5
309,91,4,5
310,91,4,5
311,91,4,5
312,91,4,5
313,91,4,5
314,91,4,5
315,91,4,5
316,91,4,5
317,91,4,5
318,91,4,5
319,91,4,5
320,91,4,5
321,91,4,5
322,91,4,5
323,91,4,5
324,91,4,5
325,91,4,5
326,91,4,5
327,91,4,5
328,91,4,5
329,91,4,5
330,91,4,5
331,91,4,5
332,91,4,5
333,90,5,5
334,90,5,5
335,90,5,5
336,90,5,5
337,90,5,5
338,90,5,5
339,90,5,5
340,90,5,5
341,90,5,5
342,90,5,5
343,90,5,5
344,90,5,5
345,90,5,5
346,90,5,5
347,90,5,5
348,90,5,5
349,90,5,5
350,89,6,5
351,89,6,5
352,89,6,5
353,89,6,5
354,89,5,6
355,89,5,6
356,89,5,6
357,89,5,6
358,89,5,6
359,89,5,6
360,89,5,6
361,89,5,6
362,89,5,6
363,89,5,6
364,88,6,6
365,88,6,6
366,88,6,6
367,88,6,6
368,88,6,6
369,88,6,6
370,88,6,6
371,88,6,6
372,88,6,6
373,88,6,6
374,88,6,6
375,88,6,6
376,88,6,6
377,88,6,6
378,88,6,6
379,88,6,6
380,88,6,6
381,88,6,6
382,88,6,6
383,88,6,6
384,88,6,6
385,88,6,6
386,88,6,6
387,88,6,6
388,88,6,6
389,88,6,6
390,88,6,6
391,87,7,6
392,87,7,6
393,87,7,6
394,87,7,6
395,87,7,6
396,87,7,6
397,87,7,6
398,87,7,6
399,87,7,6
400,87,7,6
401,87,7,6
402,87,7,6
403,86,8,6
404,86,8,6
405,86,8,6
406,86,8,6
407,86,8,6
408,86,8,6
409,86,8,6
410,86,8,6
411,86,8,6
412,86,8,6
413,86,8,6
414,86,8,6
415,86,8,6
416,86,8,6
417,86,8,6
418,86,8,6
419,86,8,6
420,86,8,6
421,86,8,6
422,86,8,6
423,86,8,6
424,86,8,6
425,86,8,6
426,86,8,6
427,86,8,6
428,86,8,6
429,86,8,6
430,86,8,6
431,86,8,6
432,86,8,6
433,86,8,6
434,86,8,6
435,86,8,6
436,86,8,6
437,86,8,6
438,86,8,6
439,86,8,6
440,86,8,6
441,86,8,6
442,86,7,7
443,85,8,7
444,85,8,7
445,85,8,7
446,85,8,7
447,85,8,7
448,85,8,7
449,85,8,7
450,84,9,7
451,84,9,7
452,84,9,7
453,84,9,7
454,84,9,7
455,84,9,7
456,84,9,7
457,84,9,7
458,84,9,7
459,84,9,7
460,84,9,7
461,84,9,7
462,84,9,7
463,84,9,7
464,84,9,7
465,84,9,7
466,84,9,7
467,84,9,7
468,84,9,7
469,84,9,7
470,84,9,7
471,84,9,7
472,84,9,7
473,84,9,7
474,84,9,7
475,84,9,7
476,84,9,7
477,84,9,7
478,84,9,7
479,84,9,7
480,84,9,7
481,84,9,7
482,83,10,7
483,83,9,8
484,83,9,8
485,83,9,8
486,83,9,8
487,83,9,8
488,83,9,8
489,83,9,8
490,83,9,8
491,83,9,8
492,83,9,8
493,83,9,8
494,83,9,8
495,83,9,8
496,83,9,8
497,83,9,8
498,83,9,8
499,83,9,8
500,83,9,8
501,83,9,8
502,83,9,8
503,83,9,8
504,83,9,8
505,83,9,8
506,83,9,8
507,83,9,8
508,83,9,8
509,83,9,8
510,83,9,8
511,83,9,8
512,83,9,8
513,83,9,8
514,83,9,8
515,83,9,8
516,83,9,8
517,83,9,8
518,83,9,8
519,83,9,8
520,83,9,8
521,83,9,8
522,83,9,8
523,83,9,8
524,82,10,8
525,81,11,8
526,81,11,8
527,81,11,8
528,81,11,8
529,81,11,8
530,81,11,8
531,81,11,8
532,81,11,8
533,81,11,8
534,81,11,8
535,81,11,8
536,81,11,8
537,81,11,8
538,81,11,8
539,81,11,8
540,80,12,8
541,80,12,8
542,80,12,8
543,80,12,8
544,79,13,8
545,79,13,8
546,79,13,8
547,79,13,8
548,79,13,8
549,79,13,8
550,79,13,8
551,78,14,8
552,78,14,8
553,78,14,8
554,78,14,8
555,78,14,8
556,78,14,8
557,78,14,8
558,77,15,8
559,77,15,8
560,77,15,8
561,76,16,8
562,76,16,8
563,76,16,8
564,76,16,8
565,76,16,8
566,76,16,8
567,76,16,8
568,76,16,8
569,76,16,8
570,76,16,8
571,76,16,8
572,76,16,8
573,75,17,8
574,75,17,8
575,75,17,8
576,75,17,8
577,75,17,8
578,75,17,8
579,74,18,8
580,73,19,8
581,73,19,8
582,73,19,8
583,73,19,8
584,73,19,8
585,73,19,8
586,73,19,8
587,73,19,8
588,73,19,8
589,73,19,8
590,72,20,8
591,72,20,8
592,72,20,8
593,72,20,8
594,72,20,8
595,72,20,8
596,72,20,8
597,72,20,8
598,72,18,10
599,72,17,11
600,72,17,11
601,71,18,11
602,70,19,11
603,70,19,11
604,70,19,11
605,70,19,11
606,70,19,11
607,70,19,11
608,70,19,11
609,70,19,11
610,70,18,12
611,69,19,12
612,69,18,13
613,68,19,13
614,68,19,13
615,68,19,13
616,68,19,13
617,68,19,13
618,68,19,13
619,68,19,13
620,68,19,13
621,68,19,13
622,67,20,13
623,67,20,13
624,66,21,13
625,66,21,13
626,66,21,13
627,66,21,13
628,66,21,13
629,66,21,13
630,66,21,13
631,66,21,13
632,66,21,13
633,66,21,13
634,66,21,13
635,66,21,13
636,66,21,13
637,66,21,13
638,66,21,13
639,66,21,13
640,66,21,13
641,66,21,13
642,66,21,13
643,66,21,13
644,66,21,13
645,66,21,13
646,66,21,13
647,66,21,13
648,66,21,13
649,66,21,13
650,66,21,13
651,66,21,13
652,66,21,13
653,66,21,13
654,66,21,13
655,66,21,13
656,66,21,13
657,66,21,13
658,66,21,13
659,66,21,13
660,66,21,13
661,66,21,13
662,66,21,13
663,66,21,13
664,66,21,13
665,66,21,13
666,66,20,14
667,66,20,14
668,66,20,14
669,66,20,14
670,65,20,15
671,65,20,15
672,65,20,15
673,65,20,15
674,65,20,15
675,64,21,15
676,64,21,15
677,64,21,15
678,64,21,15
679,63,22,15
680,63,22,15
681,63,22,15
682,62,23,15
683,62,23,15
684,62,23,15
685,62,23,15
686,62,23,15
687,62,23,15
688,62,23,15
689,62,23,15
690,62,23,15
691,62,23,15
692,62,23,15
693,61,24,15
694,61,24,15
695,61,24,15
696,61,24,15
697,61,24,15
698,61,24,15
699,60,25,15
700,60,25,15
701,59,26,15
702,59,26,15
703,59,26,15
704,59,26,15
705,59,26,15
706,59,26,15
707,59,26,15
708,59,26,15
709,59,26,15
710,59,26,15
711,59,26,15
712,58,27,15
713,58,27,15
714,57,27,16
715,56,28,16
716,56,28,16
717,56,28,16
718,56,28,16
719,55,28,17
720,55,28,17
721,55,28,17
722,55,28,17
723,54,29,17
724,54,29,17
725,54,29,17
726,54,29,17
727,54,29,17
728,54,29,17
729,54,29,17
730,54,29,17
731,54,29,17
732,54,27,19
733,54,27,19
734,54,27,19
735,54,26,20
736,54,26,20
737,54,26,20
738,54,26,20
739,53,27,20
740,53,27,20
741,53,27,20
742,52,28,20
743,52,28,20
744,52,28,20
745,52,28,20
746,52,28,20
747,52,28,20
748,52,28,20
749,52,28,20
750,52,28,20
751,52,28,20
752,52,28,20
753,52,28,20
754,52,28,20
755,52,28,20
756,52,28,20
757,52,28,20
758,52,28,20
759,52,28,20
760,52,28,20
761,52,28,20
762,52,27,21
763,52,27,21
764,52,27,21
765,52,27,21
766,52,27,21
767,52,27,21
768,52,27,21
769,52,27,21
770,52,27,21
771,51,28,21
772,51,28,21
773,51,28,21
774,51,28,21
775,51,28,21
776,51,27,22
777,51,27,22
778,51,27,22
779,51,27,22
780,51,27,22
781,51,27,22
782,51,27,22
783,51,27,22
784,51,27,22
785,51,27,22
786,51,27,22
787,50,28,22
788,50,28,22
789,50,28,22
790,50,28,22
791,50,28,22
792,49,29,22
793,48,30,22
794,48,30,22
795,48,30,22
796,48,30,22
797,48,30,22
798,48,30,22
799,48,30,22
800,48,30,22
801,48,30,22
802,48,30,22
803,48,30,22
804,48,30,22
805,48,29,23
806,48,29,23
807,48,29,23
808,48,29,23
809,48,29,23
810,48,29,23
811,48,29,23
812,47,30,23
813,47,30,23
814,47,30,23
815,47,30,23
816,45,32,23
817,44,33,23
818,44,33,23
819,44,33,23
820,44,33,23
821,44,33,23
822,42,35,23
823,42,35,23
824,41,36,23
825,41,36,23
826,40,37,23
827,40,37,23
828,40,37,23
829,40,37,23
830,40,37,23
831,40,37,23
832,40,37,23
833,40,37,23
834,40,37,23
835,40,37,23
836,40,37,23
837,40,37,23
838,40,36,24
839,40,36,24
840,40,36,24
841,40,36,24
842,40,36,24
843,40,36,24
844,40,36,24
845,40,36,24
846,40,36,24
847,39,37,24
848,39,37,24
849,39,37,24
850,39,37,24
851,39,37,24
852,38,38,24
853,38,38,24
854,38,38,24
855,38,38,24
856,38,38,24
857,38,37,25
858,38,37,25
859,38,37,25
860,38,37,25
861,38,37,25
862,38,37,25
863,38,37,25
864,37,38,25
865,37,38,25
866,37,38,25
867,37,38,25
868,37,37,26
869,37,37,26
870,37,37,26
871,37,37,26
872,36,38,26
873,35,39,26
874,35,39,26
875,35,39,26
876,35,39,26
877,35,38,27
878,35,38,27
879,35,38,27
880,35,38,27
881,33,39,28
882,33,39,28
883,33,39,28
884,33,38,29
885,33,38,29
886,33,38,29
887,33,38,29
888,33,38,29
889,33,38,29
890,33,38,29
891,33,38,29
892,33,38,29
893,33,37,30
894,33,37,30
895,33,37,30
896,33,36,31
897,33,36,31
898,33,36,31
899,33,36,31
900,33,36,31
901,33,36,31
902,33,36,31
903,33,36,31
904,33,35,32
905,32,36,32
906,32,35,33
907,32,35,33
908,32,35,33
909,31,36,33
910,31,36,33
911,31,35,34
912,30,36,34
913,30,36,34
914,30,36,34
915,30,36,34
916,29,37,34
917,29,37,34
918,29,37,34
919,29,37,34
920,29,37,34
921,29,37,34
922,29,37,34
923,29,35,36
924,29,35,36
925,29,35,36
926,29,35,36
927,29,35,36
928,29,35,36
929,29,35,36
930,28,36,36
931,28,36,36
932,28,36,36
933,28,36,36
934,28,36,36
935,28,36,36
936,28,36,36
937,28,36,36
938,28,36,36
939,28,36,36
940,28,36,36
941,28,36,36
942,28,35,37
943,28,35,37
944,28,35,37
945,28,35,37
946,28,35,37
947,28,35,37
948,28,35,37
949,27,36,37
950,27,36,37
951,27,36,37
952,27,36,37
953,27,35,38
954,27,35,38
955,27,35,38
956,27,35,38
957,27,35,38
958,27,35,38
959,27,35,38
960,27,35,38
961,27,35,38
962,27,35,38
963,27,35,38
964,27,35,38
965,27,35,38
966,27,35,38
967,26,36,38
968,26,36,38
969,26,35,39
970,26,35,39
971,26,35,39
972,26,35,39
973,26,35,39
974,26,35,39
975,25,36,39
976,25,35,40
977,25,35,40
978,25,35,40
979,25,35,40
980,25,34,41
981,25,33,42
982,25,33,42
983,25,33,42
984,25,33,42
985,25,33,42
986,24,34,42
987,24,34,42
988,24,34,42
989,23,35,42
990,23,35,42
991,23,35,42
992,23,35,42
993,23,35,42
994,23,35,42
995,23,35,42
996,23,35,42
997,23,35,42
998,23,35,42
999,23,35,42
1000,22,36,42
1001,22,36,42
1002,22,36,42
1003,22,36,42
1004,22,36,42
1005,22,36,42
1006,21,37,42
1007,21,37,42
1008,21,37,42
1009,21,37,42
1010,21,37,42
1011,21,37,42
1012,21,37,42
1013,21,37,42
1014,21,36,43
1015,21,36,43
1016,21,35,44
1017,21,35,44
1018,21,35,44
1019,21,35,44
1020,21,35,44
1021,21,35,44
1022,21,35,44
1023,21,35,44
1024,21,35,44
1025,21,35,44
1026,21,35,44
1027,21,35,44
1028,21,35,44
1029,21,35,44
1030,20,36,44
1031,20,35,45
1032,20,35,45
1033,20,34,46
1034,20,34,46
1035,20,34,46
1036,20,34,46
1037,20,34,46
1038,19,35,46
1039,18,36,46
1040,18,36,46
1041,18,35,47
1042,18,35,47
1043,18,35,47
1044,18,35,47
1045,18,35,47
1046,18,35,47
1047,18,34,48
1048,18,34,48
1049,17,35,48
1050,17,35,48
1051,17,34,49
1052,17,34,49
1053,17,34,49
1054,17,34,49
1055,17,34,49
1056,17,34,49
1057,17,34,49
1058,17,34,49
1059,17,34,49
1060,17,34,49
1061,17,34,49
1062,17,34,49
1063,17,34,49
1064,17,34,49
1065,17,34,49
1066,16,35,49
1067,16,35,49
1068,16,35,49
1069,16,35,49
1070,16,35,49
1071,16,35,49
1072,16,35,49
1073,16,35,49
1074,16,35,49
1075,16,35,49
1076,16,35,49
1077,16,35,49
1078,16,35,49
1079,16,35,49
1080,16,35,49
1081,16,35,49
1082,16,35,49
1083,16,35,49
1084,16,34,50
1085,16,34,50
1086,16,34,50
1087,16,34,50
1088,16,34,50
1089,16,34,50
1090,16,34,50
1091,16,34,50
1092,16,34,50
1093,16,34,50
1094,16,34,50
1095,16,34,50
1096,16,34,50
1097,16,34,50
1098,16,34,50
1099,16,34,50
1100,16,34,50
1101,16,34,50
1102,16,34,50
1103,16,34,50
1104,16,34,50
1105,16,34,50
1106,15,34,51
1107,15,34,51
1108,14,35,51
1109,14,35,51
1110,14,35,51
1111,14,35,51
1112,14,35,51
1113,14,35,51
1114,14,35,51
1115,14,35,51
1116,14,35,51
1117,14,35,51
1118,14,35,51
1119,14,35,51
1120,14,35,51
1121,14,35,51
1122,14,35,51
1123,14,35,51
1124,14,35,51
1125,14,35,51
1126,13,36,51
1127,13,36,51
1128,13,36,51
1129,12,37,51
1130,12,37,51
1131,12,37,51
1132,12,37,51
1133,10,39,51
1134,10,39,51
1135,10,39,51
1136,10,39,51
1137,10,39,51
1138,10,39,51
1139,10,39,51
1140,10,39,51
1141,10,39,51
1142,10,39,51
1143,10,39,51
1144,10,39,51
1145,10,39,51
1146,10,39,51
1147,10,39,51
1148,10,39,51
1149,10,39,51
1150,10,39,51
1151,9,40,51
1152,9,40,51
1153,9,40,51
1154,9,40,51
1155,9,40,51
1156,9,40,51
1157,9,40,51
1158,9,40,51
1159,9,40,51
1160,8,41,51
1161,8,41,51
1162,8,41,51
1163,8,41,51
1164,8,40,52
1165,8,40,52
1166,8,40,52
1167,8,40,52
1168,8,40,52
1169,8,40,52
1170,8,40,52
1171,8,40,52
1172,8,40,52
1173,8,40,52
1174,8,40,52
1175,8,40,52
1176,8,40,52
1177,8,40,52
1178,8,40,52
1179,8,40,52
1180,8,40,52
1181,8,39,53
1182,8,39,53
1183,8,39,53
1184,8,39,53
1185,8,39,53
1186,8,39,53
1187,8,39,53
1188,8,39,53
1189,8,39,53
1190,7,40,53
1191,7,39,54
1192,7,39,54
1193,7,38,55
1194,7,38,55
1195,7,38,55
1196,7,38,55
1197,7,38,55
1198,7,38,55
1199,7,37,56
1200,7,37,56
1201,7,37,56
1202,7,37,56
1203,7,37,56
1204,7,37,56
1205,7,36,57
1206,7,36,57
1207,7,36,57
1208,7,36,57
1209,7,35,58
1210,7,35,58
1211,7,35,58
1212,7,35,58
1213,7,35,58
1214,7,35,58
1215,7,35,58
1216,7,35,58
1217,7,35,58
1218,7,35,58
1219,7,34,59
1220,7,34,59
1221,7,34,59
1222,7,34,59
1223,7,34,59
1224,7,34,59
1225,7,34,59
1226,7,33,60
1227,7,33,60
1228,7,33,60
1229,7,33,60
1230,7,33,60
1231,7,33,60
1232,7,33,60
1233,7,33,60
1234,7,33,60
1235,7,33,60
1236,6,33,61
1237,6,33,61
1238,6,33,61
1239,6,33,61
1240,6,33,61
1241,6,33,61
1242,6,33,61
1243,6,33,61
1244,6,33,61
1245,6,33,61
1246,6,33,61
1247,6,33,61
1248,6,33,61
1249,6,33,61
1250,6,33,61
1251,6,33,61
1252,6,33,61
1253,6,33,61
1254,6,33,61
1255,6,33,61
1256,6,33,61
1257,6,33,61
1258,6,33,61
1259,6,33,61
1260,6,33,61
1261,6,33,61
1262,6,33,61
1263,6,33,61
1264,6,33,61
1265,6,32,62
1266,6,32,62
1267,6,32,62
1268,5,33,62
1269,5,33,62
1270,5,33,62
1271,5,33,62
1272,5,33,62
1273,5,33,62
1274,5,33,62
1275,5,33,62
1276,5,33,62
1277,5,33,62
1278,5,32,63
1279,5,32,63
1280,5,31,64
1281,5,31,64
1282,5,30,65
1283,5,30,65
1284,5,30,65
1285,5,30,65
1286,5,30,65
1287,5,30,65
1288,5,30,65
1289,5,30,65
1290,5,30,65
1291,5,29,66
1292,5,29,66
1293,5,29,66
1294,5,29,66
1295,5,29,66
1296,4,30,66
1297,4,30,66
1298,4,30,66
1299,4,30,66
1300,4,30,66
1301,4,30,66
1302,4,30,66
1303,4,30,66
1304,4,30,66
1305,4,30,66
1306,4,30,66
1307,4,30,66
1308,4,30,66
1309,4,30,66
1310,4,30,66
1311,4,29,67
1312,3,30,67
1313,3,30,67
1314,3,30,67
1315,3,30,67
1316,3,30,67
1317,3,30,67
1318,3,30,67
1319,3,30,67
1320,3,30,67
1321,3,30,67
1322,3,30,67
1323,3,30,67
1324,3,30,67
1325,3,30,67
1326,3,30,67
1327,3,29,68
1328,3,29,68
1329,3,29,68
1330,3,29,68
1331,3,29,68
1332,3,29,68
1333,3,29,68
1334,3,29,68
1335,3,29,68
1336,3,29,68
1337,3,29,68
1338,3,29,68
1339,3,29,68
1340,3,29,68
1341,3,29,68
1342,3,29,68
1343,3,29,68
1344,3,29,68
1345,3,29,68
1346,3,29,68
1347,3,29,68
1348,3,29,68
1349,3,29,68
1350,3,29,68
1351,3,29,68
1352,3,29,68
1353,3,29,68
1354,3,29,68
1355,3,29,68
1356,3,29,68
1357,3,29,68
1358,3,29,68
1359,3,29,68
1360,3,29,68
1361,3,29,68
1362,3,29,68
1363,3,29,68
1364,3,29,68
1365,3,29,68
1366,3,29,68
1367,3,28,69
1368,3,28,69
1369,3,28,69
1370,3,28,69
1371,3,28,69
1372,3,28,69
1373,3,28,69
1374,3,28,69
1375,3,28,69
1376,2,29,69
1377,2,29,69
1378,2,29,69
1379,2,29,69
1380,2,29,69
1381,2,29,69
1382,2,29,69
1383,2,29,69
1384,1,30,69
1385,1,30,69
1386,1,30,69
1387,1,30,69
1388,1,30,69
1389,1,30,69
1390,1,30,69
1391,1,30,69
1392,1,30,69
1393,1,30,69
1394,1,30,69
1395,1,30,69
1396,1,30,69
1397,1,30,69
1398,1,30,69
1399,1,30,69
1400,1,30,69
1401,1,30,69
1402,1,30,69
1403,1,30,69
1404,1,30,69
1405,1,30,69
1406,1,30,69
1407,1,30,69
1408,1,30,69
1409,1,30,69
1410,1,30,69
1411,1,30,69
1412,1,30,69
1413,1,30,69
1414,1,30,69
1415,1,29,70
1416,1,28,71
1417,1,28,71
1418,1,27,72
1419,1,27,72
1420,1,27,72
1421,1,27,72
1422,1,27,72
1423,1,27,72
1424,1,27,72
1425,1,27,72
1426,1,27,72
1427,1,27,72
1428,1,27,72
1429,1,27,72
1430,1,27,72
1431,1,27,72
1432,1,27,72
1433,1,27,72
1434,1,27,72
1435,1,27,72
1436,1,27,72
1437,1,27,72
1438,1,27,72
1439,1,27,72
1440,1,27,72
1441,1,27,72
1442,1,27,72
1443,1,27,72
1444,1,27,72
1445,1,27,72
1446,1,27,72
1447,1,27,72
1448,1,27,72
1449,1,27,72
1450,1,27,72
1451,1,27,72
1452,1,27,72
1453,1,27,72
1454,1,27,72
1455,1,27,72
1456,1,27,72
1457,0,28,72
1458,0,28,72
1459,0,27,73
1460,0,27,73
1461,0,27,73
1462,0,27,73
1463,0,27,73
1464,0,27,73
1465,0,27,73
1466,0,27,73
1467,0,27,73
1468,0,27,73
1469,0,27,73
1470,0,27,73
1471,0,27,73
1472,0,27,73
1473,0,27,73
1474,0,27,73
1475,0,27,73
1476,0,27,73
1477,0,27,73
1478,0,27,73
1479,0,27,73
1480,0,27,73
1481,0,27,73
1482,0,27,73
1483,0,27,73
1484,0,27,73
1485,0,27,73
1486,0,27,73
1487,0,27,73
1488,0,27,73
1489,0,27,73
1490,0,27,73
1491,0,27,73
1492,0,27,73
1493,0,27,73
1494,0,27,73
1495,0,27,73
1496,0,27,73
1497,0,26,74
1498,0,26,74
1499,0,25,75
1500,0,25,75
1501,0,25,75
1502,0,25,75
1503,0,25,75
1504,0,25,75
1505,0,25,75
1506,0,25,75
1507,0,25,75
1508,0,25,75
1509,0,25,75
1510,0,25,75
1511,0,25,75
1512,0,25,75
1513,0,25,75
1514,0,25,75
1515,0,25,75
1516,0,25,75
1517,0,25,75
1518,0,25,75
1519,0,25,75
1520,0,25,75
1521,0,25,75
1522,0,25,75
1523,0,25,75
1524,0,25,75
1525,0,25,75
1526,0,25,75
1527,0,25,75
1528,0,25,75
1529,0,25,75
1530,0,25,75
1531,0,25,75
1532,0,25,75
1533,0,25,75
1534,0,25,75
1535,0,25,75
1536,0,25,75
1537,0,25,75
1538,0,25,75
1539,0,25,75
1540,0,25,75
1541,0,25,75
1542,0,25,75
1543,0,25,75
1544,0,25,75
1545,0,25,75
1546,0,25,75
1547,0,25,75
1548,0,25,75
1549,0,25,75
1550,0,24,76
1551,0,24,76
1552,0,24,76
1553,0,24,76
1554,0,24,76
1555,0,24,76
1556,0,24,76
1557,0,24,76
1558,0,24,76
1559,0,23,77
1560,0,23,77
1561,0,23,77
1562,0,23,77
1563,0,23,77
1564,0,23,77
1565,0,23,77
1566,0,23,77
1567,0,23,77
1568,0,23,77
1569,0,23,77
1570,0,23,77
1571,0,23,77
1572,0,23,77
1573,0,23,77
1574,0,23,77
1575,0,23,77
1576,0,23,77
1577,0,23,77
1578,0,22,78
1579,0,22,78
1580,0,22,78
1581,0,22,78
1582,0,22,78
1583,0,22,78
1584,0,22,78
1585,0,22,78
1586,0,22,78
1587,0,22,78
1588,0,22,78
1589,0,22,78
1590,0,22,78
1591,0,22,78
1592,0,21,79
1593,0,21,79
1594,0,21,79
1595,0,21,79
1596,0,21,79
1597,0,21,79
1598,0,21,79
1599,0,21,79
1600,0,21,79
1601,0,21,79
1602,0,21,79
1603,0,21,79
1604,0,21,79
1605,0,21,79
1606,0,21,79
1607,0,21,79
1608,0,21,79
1609,0,21,79
1610,0,21,79
1611,0,21,79
1612,0,21,79
1613,0,21,79
1614,0,21,79
1615,0,21,79
1616,0,21,79
1617,0,21,79
1618,0,21,79
1619,0,21,79
1620,0,21,79
1621,0,21,79
1622,0,21,79
1623,0,21,79
1624,0,20,80
1625,0,20,80
1626,0,19,81
1627,0,19,81
1628,0,19,81
1629,0,18,82
1630,0,18,82
1631,0,18,82
1632,0,17,83
1633,0,17,83
1634,0,17,83
1635,0,17,83
1636,0,17,83
1637,0,17,83
1638,0,17,83
1639,0,17,83
1640,0,17,83
1641,0,17,83
1642,0,17,83
1643,0,17,83
1644,0,17,83
1645,0,17,83
1646,0,17,83
1647,0,17,83
1648,0,17,83
1649,0,17,83
1650,0,17,83
1651,0,17,83
1652,0,17,83
1653,0,17,83
1654,0,17,83
1655,0,17,83
1656,0,17,83
1657,0,17,83
1658,0,17,83
1659,0,17,83
1660,0,17,83
1661,0,16,84
1662,0,16,84
1663,0,16,84
1664,0,15,85
1665,0,15,85
1666,0,15,85
1667,0,15,85
1668,0,15,85
1669,0,15,85
1670,0,15,85
1671,0,15,85
1672,0,15,85
1673,0,15,85
1674,0,15,85
1675,0,15,85
1676,0,15,85
1677,0,14,86
1678,0,14,86
1679,0,14,86
1680,0,14,86
1681,0,14,86
1682,0,14,86
1683,0,14,86
1684,0,13,87
1685,0,13,87
1686,0,13,87
1687,0,13,87
1688,0,13,87
1689,0,13,87
1690,0,13,87
1691,0,13,87
1692,0,13,87
1693,0,13,87
1694,0,13,87
1695,0,13,87
1696,0,13,87
1697,0,13,87
1698,0,13,87
1699,0,13,87
1700,0,13,87
1701,0,13,87
1702,0,13,87
1703,0,13,87
1704,0,13,87
1705,0,13,87
1706,0,13,87
1707,0,13,87
1708,0,13,87
1709,0,13,87
1710,0,13,87
1711,0,13,87
1712,0,12,88
1713,0,12,88
1714,0,12,88
1715,0,12,88
1716,0,12,88
1717,0,12,88
1718,0,12,88
1719,0,12,88
1720,0,12,88
1721,0,12,88
1722,0,12,88
1723,0,12,88
1724,0,12,88
1725,0,12,88
1726,0,12,88
1727,0,12,88
1728,0,12,88
1729,0,11,89
1730,0,11,89
1731,0,11,89
1732,0,11,89
1733,0,11,89
1734,0,11,89
1735,0,11,89
1736,0,11,89
1737,0,11,89
1738,0,11,89
1739,0,11,89
1740,0,11,89
1741,0,11,89
1742,0,11,89
1743,0,11,89
1744,0,11,89
1745,0,11,89
1746,0,11,89
1747,0,11,89
1748,0,11,89
1749,0,11,89
1750,0,11,89
1751,0,11,89
1752,0,11,89
1753,0,11,89
1754,0,11,89
1755,0,11,89
1756,0,11,89
1757,0,11,89
1758,0,11,89
1759,0,11,89
1760,0,11,89
1761,0,11,89
1762,0,11,89
1763,0,11,89
1764,0,11,89
1765,0,11,89
1766,0,11,89
1767,0,11,89
1768,0,11,89
1769,0,10,90
1770,0,10,90
1771,0,10,90
1772,0,10,90
1773,0,10,90
1774,0,10,90
1775,0,10,90
1776,0,10,90
1777,0,10,90
1778,0,10,90
1779,0,10,90
1780,0,10,90
1781,0,10,90
1782,0,10,90
1783,0,10,90
1784,0,10,90
1785,0,10,90
1786,0,10,90
1787,0,10,90
1788,0,10,90
1789,0,10,90
1790,0,10,90
1791,0,10,90
1792,0,10,90
1793,0,10,90
1794,0,9,91
1795,0,8,92
1796,0,8,92
1797,0,8,92
1798,0,8,92
1799,0,8,92
1800,0,8,92
1801,0,8,92
1802,0,8,92
1803,0,8,92
1804,0,8,92
1805,0,8,92
1806,0,8,92
1807,0,8,92
1808,0,8,92
1809,0,8,92
1810,0,8,92
1811,0,8,92
1812,0,8,92
1813,0,8,92
1814,0,8,92
1815,0,8,92
1816,0,8,92
1817,0,8,92
1818,0,8,92
1819,0,8,92
1820,0,8,92
1821,0,8,92
1822,0,8,92
1823,0,8,92
1824,0,8,92
1825,0,8,92
1826,0,8,92
1827,0,8,92
1828,0,8,92
1829,0,8,92
1830,0,8,92
1831,0,8,92
1832,0,8,92
1833,0,8,92
1834,0,8,92
1835,0,8,92
1836,0,8,92
1837,0,8,92
1838,0,8,92
1839,0,8,92
1840,0,8,92
1841,0,8,92
1842,0,8,92
1843,0,8,92
1844,0,8,92
1845,0,8,92
1846,0,8,92
1847,0,8,92
1848,0,8,92
1849,0,8,92
1850,0,8,92
1851,0,8,92
1852,0,8,92
1853,0,8,92
1854,0,8,92
1855,0,8,92
1856,0,8,92
1857,0,8,92
1858,0,8,92
1859,0,8,92
1860,0,8,92
1861,0,8,92
1862,0,8,92
1863,0,8,92
1864,0,8,92
1865,0,8,92
1866,0,8,92
1867,0,8,92
1868,0,8,92
1869,0,8,92
1870,0,8,92
1871,0,7,93
1872,0,7,93
1873,0,7,93
1874,0,7,93
1875,0,7,93
1876,0,7,93
1877,0,7,93
1878,0,7,93
1879,0,7,93
1880,0,7,93
1881,0,7,93
1882,0,7,93
1883,0,7,93
1884,0,7,93
1885,0,7,93
1886,0,7,93
1887,0,7,93
1888,0,7,93
1889,0,7,93
1890,0,7,93
1891,0,7,93
1892,0,7,93
1893,0,7,93
1894,0,7,93
1895,0,7,93
1896,0,7,93
1897,0,7,93
1898,0,7,93
1899,0,7,93
1900,0,7,93
1901,0,7,93
1902,0,7,93
1903,0,7,93
1904,0,7,93
1905,0,7,93
1906,0,7,93
1907,0,7,93
1908,0,7,93
1909,0,7,93
1910,0,7,93
1911,0,7,93
1912,0,7,93
1913,0,7,93
1914,0,7,93
1915,0,7,93
1916,0,7,93
1917,0,7,93
1918,0,7,93
1919,0,7,93
1920,0,7,93
1921,0,7,93
1922,0,7,93
1923,0,7,93
1924,0,7,93
1925,0,7,93
1926,0,7,93
1927,0,7,93
1928,0,7,93
1929,0,7,93
1930,0,7,93
1931,0,7,93
1932,0,7,93
1933,0,7,93
1934,0,7,93
1935,0,7,93
1936,0,7,93
1937,0,7,93
1938,0,7,93
1939,0,7,93
1940,0,7,93
1941,0,7,93
1942,0,7,93
1943,0,7,93
1944,0,7,93
1945,0,7,93
1946,0,7,93
1947,0,7,93
1948,0,7,93
1949,0,7,93
1950,0,7,93
1951,0,7,93
1952,0,7,93
1953,0,7,93
1954,0,7,93
1955,0,7,93
1956,0,7,93
1957,0,7,93
1958,0,7,93
1959,0,7,93
1960,0,7,93
1961,0,7,93
1962,0,7,93
1963,0,7,93
1964,0,7,93
1965,0,7,93
1966,0,7,93
1967,0,7,93
1968,0,7,93
1969,0,7,93
1970,0,7,93
1971,0,7,93
1972,0,7,93
1973,0,7,93
1974,0,7,93
1975,0,7,93
1976,0,7,93
1977,0,7,93
1978,0,7,93
1979,0,7,93
1980,0,7,93
1981,0,7,93
1982,0,7,93
1983,0,7,93
1984,0,7,93
1985,0,7,93
1986,0,7,93
1987,0,7,93
1988,0,7,93
1989,0,7,93
1990,0,7,93
1991,0,7,93
1992,0,7,93
1993,0,7,93
1994,0,7,93
1995,0,7,93
1996,0,7,93
1997,0,7,93
1998,0,7,93
1999,0,7,93
2000,0,7,93
2001,0,7,93
2002,0,7,93
2003,0,7,93
2004,0,7,93
2005,0,7,93
2006,0,7,93
2007,0,7,93
2008,0,7,93
2009,0,7,93
2010,0,7,93
2011,0,7,93
2012,0,7,93
2013,0,7,93
2014,0,7,93
2015,0,7,93
2016,0,7,93
2017,0,7,93
2018,0,7,93
2019,0,7,93
2020,0,7,93
2021,0,7,93
2022,0,7,93
2023,0,7,93
2024,0,7,93
2025,0,7,93
2026,0,7,93
2027,0,7,93
2028,0,7,93
2029,0,7,93
2030,0,7,93
2031,0,7,93
2032,0,7,93
2033,0,7,93
2034,0,7,93
2035,0,7,93
2036,0,7,93
2037,0,7,93
2038,0,7,93
2039,0,7,93
2040,0,7,93
2041,0,7,93
2042,0,7,93
2043,0,7,93
2044,0,7,93
2045,0,7,93
2046,0,7,93
2047,0,7,93
2048,0,7,93
2049,0,7,93
2050,0,7,93
2051,0,7,93
2052,0,7,93
2053,0,7,93
2054,0,7,93
2055,0,7,93
2056,0,7,93
2057,0,7,93
2058,0,7,93
2059,0,7,93
2060,0,7,93
2061,0,7,93
2062,0,7,93
2063,0,7,93
2064,0,7,93
2065,0,7,93
2066,0,7,93
2067,0,7,93
2068,0,7,93
2069,0,7,93
2070,0,7,93
2071,0,7,93
2072,0,7,93
2073,0,7,93
2074,0,7,93
2075,0,7,93
2076,0,7,93
2077,0,7,93
2078,0,7,93
2079,0,7,93
2080,0,7,93
2081,0,7,93
2082,0,7,93
2083,0,7,93
2084,0,7,93
2085,0,7,93
2086,0,7,93
2087,0,7,93
2088,0,7,93
2089,0,7,93
2090,0,7,93
2091,0,7,93
2092,0,7,93
2093,0,7,93
2094,0,7,93
2095,0,7,93
2096,0,7,93
2097,0,7,93
2098,0,7,93
2099,0,7,93
2100,0,7,93
2101,0,7,93
2102,0,7,93
2103,0,7,93
2104,0,7,93
2105,0,7,93
2106,0,7,93
2107,0,7,93
2108,0,7,93
2109,0,7,93
2110,0,7,93
2111,0,7,93
2112,0,7,93
2113,0,7,93
2114,0,7,93
2115,0,7,93
2116,0,7,93
2117,0,7,93
2118,0,7,93
2119,0,7,93
2120,0,7,93
2121,0,7,93
2122,0,7,93
2123,0,7,93
2124,0,7,93
2125,0,7,93
2126,0,7,93
2127,0,7,93
2128,0,7,93
2129,0,7,93
2130,0,7,93
2131,0,7,93
2132,0,7,93
2133,0,7,93
2134,0,7,93
2135,0,7,93
2136,0,7,93
2137,0,7,93
2138,0,7,93
2139,0,7,93
2140,0,7,93
2141,0,7,93
2142,0,7,93
2143,0,7,93
2144,0,7,93
2145,0,7,93
2146,0,7,93
2147,0,7,93
2148,0,7,93
2149,0,7,93
2150,0,7,93
2151,0,7,93
2152,0,6,94
2153,0,6,94
2154,0,6,94
2155,0,6,94
2156,0,6,94
2157,0,6,94
2158,0,6,94
2159,0,6,94
2160,0,5,95
2161,0,5,95
2162,0,5,95
2163,0,5,95
2164,0,5,95
2165,0,5,95
2166,0,5,95
2167,0,5,95
2168,0,5,95
2169,0,5,95
2170,0,5,95
2171,0,5,95
2172,0,5,95
2173,0,5,95
2174,0,5,95
2175,0,5,95
2176,0,5,95
2177,0,5,95
2178,0,5,95
2179,0,5,95
2180,0,5,95
2181,0,5,95
2182,0,5,95
2183,0,5,95
2184,0,5,95
2185,0,5,95
2186,0,5,95
2187,0,5,95
2188,0,4,96
2189,0,4,96
2190,0,4,96
2191,0,4,96
2192,0,4,96
2193,0,4,96
2194,0,4,96
2195,0,4,96
2196,0,4,96
2197,0,4,96
2198,0,4,96
2199,0,4,96
2200,0,4,96
2201,0,4,96
2202,0,4,96
2203,0,4,96
2204,0,4,96
2205,0,4,96
2206,0,4,96
2207,0,4,96
2208,0,4,96
2209,0,4,96
2210,0,4,96
2211,0,4,96
2212,0,4,96
2213,0,4,96
2214,0,4,96
2215,0,4,96
2216,0,4,96
2217,0,4,96
2218,0,4,96
2219,0,4,96
2220,0,4,96
2221,0,4,96
2222,0,4,96
2223,0,4,96
2224,0,4,96
2225,0,4,96
2226,0,4,96
2227,0,4,96
2228,0,4,96
2229,0,4,96
2230,0,4,96
2231,0,4,96
2232,0,4,96
2233,0,4,96
2234,0,4,96
2235,0,4,96
2236,0,4,96
2237,0,4,96
2238,0,4,96
2239,0,4,96
2240,0,4,96
2241,0,4,96
2242,0,4,96
2243,0,4,96
2244,0,4,96
2245,0,4,96
2246,0,4,96
2247,0,4,96
2248,0,4,96
2249,0,4,96
2250,0,4,96
2251,0,4,96
2252,0,4,96
2253,0,4,96
2254,0,4,96
2255,0,4,96
2256,0,4,96
2257,0,4,96
2258,0,4,96
2259,0,4,96
2260,0,4,96
2261,0,4,96
2262,0,4,96
2263,0,4,96
2264,0,4,96
2265,0,4,96
2266,0,4,96
2267,0,4,96
2268,0,4,96
2269,0,4,96
2270,0,4,96
2271,0,4,96
2272,0,4,96
2273,0,4,96
2274,0,4,96
2275,0,4,96
2276,0,4,96
2277,0,4,96
2278,0,4,96
2279,0,4,96
2280,0,4,96
2281,0,4,96
2282,0,4,96
2283,0,4,96
2284,0,4,96
2285,0,4,96
2286,0,4,96
2287,0,4,96
2288,0,4,96
2289,0,4,96
2290,0,4,96
2291,0,4,96
2292,0,4,96
2293,0,4,96
2294,0,4,96
2295,0,4,96
2296,0,4,96
2297,0,4,96
2298,0,4,96
2299,0,4,96
2300,0,4,96
2301,0,4,96
2302,0,4,96
2303,0,4,96
2304,0,4,96
2305,0,4,96
2306,0,4,96
2307,0,4,96
2308,0,4,96
2309,0,4,96
2310,0,4,96
2311,0,4,96
2312,0,4,96
2313,0,4,96
2314,0,4,96
2315,0,4,96
2316,0,4,96
2317,0,4,96
2318,0,4,96
2319,0,4,96
2320,0,4,96
2321,0,4,96
2322,0,4,96
2323,0,4,96
2324,0,4,96
2325,0,4,96
2326,0,3,97
2327,0,3,97
2328,0,3,97
2329,0,3,97
2330,0,3,97
2331,0,3,97
2332,0,3,97
2333,0,3,97
2334,0,3,97
2335,0,3,97
2336,0,3,97
2337,0,3,97
2338,0,3,97
2339,0,3,97
2340,0,3,97
2341,0,3,97
2342,0,3,97
2343,0,3,97
2344,0,3,97
2345,0,3,97
2346,0,3,97
2347,0,3,97
2348,0,3,97
2349,0,3,97
2350,0,3,97
2351,0,3,97
2352,0,3,97
2353,0,3,97
2354,0,3,97
2355,0,3,97
2356,0,3,97
2357,0,3,97
2358,0,3,97
2359,0,3,97
2360,0,3,97
2361,0,3,97
2362,0,3,97
2363,0,3,97
2364,0,3,97
2365,0,3,97
2366,0,3,97
2367,0,3,97
2368,0,3,97
2369,0,3,97
2370,0,3,97
2371,0,3,97
2372,0,3,97
2373,0,3,97
2374,0,3,97
2375,0,3,97
2376,0,3,97
2377,0,3,97
2378,0,3,97
2379,0,3,97
2380,0,3,97
2381,0,3,97
2382,0,3,97
2383,0,3,97
2384,0,3,97
2385,0,3,97
2386,0,3,97
2387,0,3,97
2388,0,3,97
2389,0,3,97
2390,0,3,97
2391,0,3,97
2392,0,3,97
2393,0,3,97
2394,0,3,97
2395,0,3,97
2396,0,3,97
2397,0,3,97
2398,0,3,97
2399,0,3,97
2400,0,3,97
2401,0,3,97
2402,0,3,97
2403,0,3,97
2404,0,3,97
2405,0,3,97
2406,0,3,97
2407,0,3,97
2408,0,3,97
2409,0,3,97
2410,0,3,97
2411,0,3,97
2412,0,3,97
2413,0,3,97
2414,0,3,97
2415,0,3,97
2416,0,3,97
2417,0,3,97
2418,0,3,97
2419,0,3,97
2420,0,3,97
2421,0,3,97
2422,0,3,97
2423,0,3,97
2424,0,3,97
2425,0,3,97
2426,0,3,97
2427,0,3,97
2428,0,3,97
2429,0,3,97
2430,0,3,97
2431,0,3,97
2432,0,3,97
2433,0,3,97
2434,0,3,97
2435,0,3,97
2436,0,3,97
2437,0,3,97
2438,0,3,97
2439,0,3,97
2440,0,3,97
2441,0,3,97
2442,0,3,97
2443,0,3,97
2444,0,3,97
2445,0,3,97
2446,0,3,97
2447,0,3,97
2448,0,3,97
2449,0,3,97
2450,0,3,97
2451,0,3,97
2452,0,3,97
2453,0,3,97
2454,0,3,97
2455,0,3,97
2456,0,3,97
2457,0,3,97
2458,0,3,97
2459,0,3,97
2460,0,3,97
2461,0,3,97
2462,0,3,97
2463,0,3,97
2464,0,3,97
2465,0,3,97
2466,0,3,97
2467,0,3,97
2468,0,3,97
2469,0,3,97
2470,0,3,97
2471,0,3,97
2472,0,3,97
2473,0,3,97
2474,0,3,97
2475,0,3,97
2476,0,3,97
2477,0,3,97
2478,0,3,97
2479,0,3,97
2480,0,3,97
2481,0,3,97
2482,0,3,97
2483,0,3,97
2484,0,3,97
2485,0,3,97
2486,0,3,97
2487,0,3,97
2488,0,3,97
2489,0,3,97
2490,0,3,97
2491,0,3,97
2492,0,3,97
2493,0,3,97
2494,0,3,97
2495,0,3,97
2496,0,3,97
2497,0,3,97
2498,0,3,97
2499,0,3,97
2500,0,3,97
2501,0,3,97
2502,0,3,97
2503,0,3,97
2504,0,3,97
2505,0,3,97
2506,0,3,97
2507,0,3,97
2508,0,3,97
2509,0,3,97
2510,0,3,97
2511,0,3,97
2512,0,3,97
2513,0,3,97
2514,0,3,97
2515,0,3,97
2516,0,3,97
2517,0,3,97
2518,0,3,97
2519,0,3,97
2520,0,3,97
2521,0,3,97
2522,0,3,97
2523,0,3,97
2524,0,3,97
2525,0,3,97
2526,0,3,97
2527,0,3,97
2528,0,3,97
2529,0,3,97
2530,0,3,97
2531,0,3,97
2532,0,3,97
2533,0,3,97
2534,0,3,97
2535,0,3,97
2536,0,3,97
2537,0,3,97
2538,0,3,97
2539,0,3,97
2540,0,3,97
2541,0,3,97
2542,0,3,97
2543,0,3,97
2544,0,3,97
2545,0,3,97
2546,0,3,97
2547,0,3,97
2548,0,3,97
2549,0,3,97
2550,0,3,97
2551,0,3,97
2552,0,3,97
2553,0,3,97
2554,0,3,97
2555,0,3,97
2556,0,3,97
2557,0,3,97
2558,0,3,97
2559,0,3,97
2560,0,3,97
2561,0,3,97
2562,0,3,97
2563,0,3,97
2564,0,3,97
2565,0,2,98
2566,0,2,98
2567,0,2,98
2568,0,2,98
2569,0,2,98
2570,0,2,98
2571,0,2,98
2572,0,2,98
2573,0,2,98
2574,0,2,98
2575,0,2,98
2576,0,2,98
2577,0,2,98
2578,0,2,98
2579,0,2,98
2580,0,2,98
2581,0,2,98
2582,0,2,98
2583,0,2,98
2584,0,2,98
2585,0,2,98
2586,0,2,98
2587,0,2,98
2588,0,2,98
2589,0,2,98
2590,0,2,98
2591,0,2,98
2592,0,2,98
2593,0,2,98
2594,0,2,98
2595,0,2,98
2596,0,2,98
2597,0,2,98
2598,0,2,98
2599,0,2,98
2600,0,2,98
2601,0,2,98
2602,0,2,98
2603,0,2,98
2604,0,2,98
2605,0,2,98
2606,0,2,98
2607,0,2,98
2608,0,2,98
2609,0,2,98
2610,0,2,98
2611,0,2,98
2612,0,2,98
2613,0,2,98
2614,0,2,98
2615,0,2,98
2616,0,2,98
2617,0,2,98
2618,0,2,98
2619,0,2,98
2620,0,2,98
2621,0,2,98
2622,0,2,98
2623,0,2,98
2624,0,2,98
2625,0,2,98
2626,0,2,98
2627,0,2,98
2628,0,2,98
2629,0,2,98
2630,0,2,98
2631,0,2,98
2632,0,2,98
2633,0,2,98
2634,0,2,98
2635,0,2,98
2636,0,2,98
2637,0,2,98
2638,0,2,98
2639,0,2,98
2640,0,2,98
2641,0,2,98
2642,0,2,98
2643,0,2,98
2644,0,2,98
2645,0,2,98
2646,0,2,98
2647,0,2,98
2648,0,2,98
2649,0,2,98
2650,0,2,98
2651,0,2,98
2652,0,2,98
2653,0,2,98
2654,0,2,98
2655,0,2,98
2656,0,2,98
2657,0,2,98
2658,0,2,98
2659,0,2,98
2660,0,2,98
2661,0,2,98
2662,0,2,98
2663,0,2,98
2664,0,2,98
2665,0,2,98
2666,0,2,98
2667,0,2,98
2668,0,2,98
2669,0,2,98
2670,0,2,98
2671,0,2,98
2672,0,2,98
2673,0,2,98
2674,0,2,98
2675,0,2,98
2676,0,2,98
2677,0,2,98
2678,0,2,98
2679,0,2,98
2680,0,2,98
2681,0,2,98
2682,0,2,98
2683,0,2,98
2684,0,2,98
2685,0,2,98
2686,0,2,98
2687,0,2,98
2688,0,2,98
2689,0,2,98
2690,0,2,98
2691,0,2,98
2692,0,2,98
2693,0,2,98
2694,0,2,98
2695,0,2,98
2696,0,2,98
2697,0,2,98
2698,0,2,98
2699,0,2,98
2700,0,2,98
2701,0,2,98
2702,0,2,98
2703,0,2,98
2704,0,2,98
2705,0,2,98
2706,0,2,98
2707,0,2,98
2708,0,2,98
2709,0,2,98
2710,0,2,98
2711,0,2,98
2712,0,2,98
2713,0,2,98
2714,0,2,98
2715,0,2,98
2716,0,2,98
2717,0,2,98
2718,0,2,98
2719,0,2,98
2720,0,2,98
2721,0,2,98
2722,0,2,98
2723,0,2,98
2724,0,2,98
2725,0,2,98
2726,0,2,98
2727,0,2,98
2728,0,2,98
2729,0,2,98
2730,0,2,98
2731,0,2,98
2732,0,2,98
2733,0,2,98
2734,0,2,98
2735,0,2,98
2736,0,2,98
2737,0,2,98
2738,0,2,98
2739,0,2,98
2740,0,2,98
2741,0,2,98
2742,0,2,98
2743,0,2,98
2744,0,2,98
2745,0,2,98
2746,0,2,98
2747,0,2,98
2748,0,2,98
2749,0,2,98
2750,0,2,98
2751,0,2,98
2752,0,2,98
2753,0,2,98
2754,0,2,98
2755,0,2,98
2756,0,2,98
2757,0,2,98
2758,0,2,98
2759,0,2,98
2760,0,2,98
2761,0,2,98
2762,0,2,98
2763,0,2,98
2764,0,2,98
2765,0,2,98
2766,0,2,98
2767,0,2,98
2768,0,2,98
2769,0,2,98
2770,0,2,98
2771,0,2,98
2772,0,1,99
2773,0,1,99
2774,0,1,99
2775,0,1,99
2776,0,1,99
2777,0,1,99
2778,0,1,99
2779,0,1,99
2780,0,1,99
2781,0,1,99
2782,0,1,99
2783,0,1,99
2784,0,1,99
2785,0,1,99
2786,0,1,99
2787,0,1,99
2788,0,1,99
2789,0,1,99
2790,0,1,99
2791,0,1,99
2792,0,1,99
2793,0,1,99
2794,0,1,99
2795,0,1,99
2796,0,1,99
2797,0,1,99
2798,0,1,99
2799,0,1,99
2800,0,1,99
2801,0,1,99
2802,0,1,99
2803,0,1,99
2804,0,1,99
2805,0,1,99
2806,0,1,99
2807,0,1,99
2808,0,1,99
2809,0,1,99
2810,0,1,99
2811,0,1,99
2812,0,1,99
2813,0,1,99
2814,0,1,99
2815,0,1,99
2816,0,1,99
2817,0,1,99
2818,0,1,99
2819,0,1,99
2820,0,1,99
2821,0,1,99
2822,0,1,99
2823,0,1,99
2824,0,1,99
2825,0,1,99
2826,0,1,99
2827,0,1,99
2828,0,1,99
2829,0,1,99
2830,0,1,99
2831,0,1,99
2832,0,1,99
2833,0,1,99
2834,0,1,99
2835,0,1,99
2836,0,1,99
2837,0,1,99
2838,0,1,99
2839,0,1,99
2840,0,1,99
2841,0,1,99
2842,0,1,99
2843,0,1,99
2844,0,1,99
2845,0,1,99
2846,0,1,99
2847,0,1,99
2848,0,1,99
2849,0,1,99
2850,0,1,99
2851,0,1,99
2852,0,1,99
2853,0,1,99
2854,0,1,99
2855,0,1,99
2856,0,1,99
2857,0,1,99
2858,0,1,99
2859,0,1,99
2860,0,1,99
2861,0,1,99
2862,0,1,99
2863,0,1,99
2864,0,1,99
2865,0,1,99
2866,0,1,99
2867,0,1,99
2868,0,1,99
2869,0,1,99
2870,0,1,99
2871,0,1,99
2872,0,1,99
2873,0,1,99
2874,0,1,99
2875,0,1,99
2876,0,1,99
2877,0,1,99
2878,0,1,99
2879,0,1,99
2880,0,1,99
2881,0,1,99
2882,0,1,99
2883,0,1,99
2884,0,1,99
2885,0,1,99
2886,0,1,99
2887,0,1,99
2888,0,1,99
2889,0,1,99
2890,0,1,99
2891,0,1,99
2892,0,1,99
2893,0,1,99
2894,0,1,99
2895,0,1,99
2896,0,1,99
2897,0,1,99
2898,0,1,99
2899,0,1,99
2900,0,1,99
2901,0,1,99
2902,0,1,99
2903,0,1,99
2904,0,1,99
2905,0,1,99
2906,0,1,99
2907,0,1,99
2908,0,1,99
2909,0,1,99
2910,0,1,99
2911,0,1,99
2912,0,1,99
2913,0,1,99
2914,0,1,99
2915,0,1,99
2916,0,1,99
2917,0,1,99
2918,0,1,99
2919,0,1,99
2920,0,1,99
2921,0,1,99
2922,0,1,99
2923,0,1,99
2924,0,1,99
2925,0,1,99
2926,0,1,99
2927,0,1,99
2928,0,1,99
2929,0,1,99
2930,0,1,99
2931,0,1,99
2932,0,1,99
2933,0,1,99
2934,0,1,99
2935,0,1,99
2936,0,1,99
2937,0,1,99
2938,0,1,99
2939,0,1,99
2940,0,1,99
2941,0,1,99
2942,0,1,99
2943,0,1,99
2944,0,1,99
2945,0,1,99
2946,0,1,99
2947,0,1,99
2948,0,1,99
2949,0,1,99
2950,0,1,99
2951,0,1,99
2952,0,1,99
2953,0,1,99
2954,0,1,99
2955,0,1,99
2956,0,1,99
2957,0,1,99
2958,0,1,99
2959,0,1,99
2960,0,1,99
2961,0,1,99
2962,0,1,99
2963,0,1,99
2964,0,1,99
2965,0,1,99
2966,0,1,99
2967,0,1,99
2968,0,1,99
2969,0,1,99
2970,0,1,99
2971,0,1,99
2972,0,1,99
2973,0,1,99
2974,0,1,99
2975,0,1,99
2976,0,1,99
2977,0,1,99
2978,0,1,99
2979,0,1,99
2980,0,1,99
2981,0,1,99
2982,0,1,99
2983,0,1,99
2984,0,1,99
2985,0,1,99
2986,0,1,99
2987,0,1,99
2988,0,1,99
2989,0,1,99
2990,0,1,99
2991,0,1,99
2992,0,1,99
2993,0,1,99
2994,0,1,99
2995,0,1,99
2996,0,1,99
2997,0,1,99
2998,0,1,99
2999,0,1,99
3000,0,1,99
