Time,Healthy,Undetectable,Detectable
0,100,0,0
1,100,0,0
2,100,0,0
3,100,0,0
4,99,1,0
5,99,1,0
6,99,1,0
7,99,1,0
8,99,1,0
9,98,2,0
10,98,1,1
11,98,1,1
12,97,2,1
13,97,2,1
14,97,2,1
15,97,2,1
16,97,2,1
17,96,3,1
18,95,4,1
19,95,3,2
20,95,3,2
21,95,3,2
22,95,3,2
23,95,3,2
24,95,3,2
25,95,3,2
26,95,3,2
27,95,3,2
28,95,3,2
29,95,3,2
30,95,3,2
31,95,3,2
32,95,3,2
33,95,3,2
34,94,4,2
35,94,4,2
36,94,3,3
37,94,3,3
38,94,3,3
39,94,3,3
40,94,3,3
41,94,3,3
42,94,3,3
43,94,3,3
44,94,3,3
45,94,3,3
46,94,3,3
47,94,3,3
48,94,3,3
49,94,3,3
50,94,3,3
51,94,3,3
52,94,3,3
53,94,3,3
54,94,2,4
55,94,2,4
56,94,2,4
57,94,2,4
58,94,2,4
59,94,2,4
60,94,2,4
61,94,2,4
62,94,2,4
63,94,2,4
64,94,1,5
65,94,1,5
66,94,1,5
67,94,1,5
68,94,1,5
69,94,1,5
70,94,1,5
71,94,1,5
72,94,1,5
73,93,2,5
74,93,2,5
75,93,2,5
76,93,2,5
77,93,2,5
78,93,2,5
79,93,2,5
80,93,2,5
81,93,2,5
82,93,2,5
83,93,2,5
84,93,2,5
85,93,2,5
86,93,2,5
87,93,2,5
88,93,2,5
89,93,2,5
90,93,2,5
91,93,2,5
92,93,2,5
93,93,2,5
94,93,2,5
95,93,2,5
96,93,2,5
97,93,2,5
98,93,2,5
99,93,1,6
100,93,1,6
101,93,1,6
102,93,1,6
103,93,1,6
104,92,2,6
105,92,2,6
106,92,2,6
107,92,2,6
108,92,2,6
109,92,2,6
110,92,2,6
111,91,3,6
112,91,3,6
113,91,3,6
114,91,3,6
115,91,3,6
116,91,3,6
117,91,3,6
118,91,3,6
119,91,3,6
120,91,3,6
121,89,5,6
122,89,5,6
123,89,5,6
124,88,6,6
125,88,6,6
126,88,6,6
127,88,6,6
128,88,6,6
129,88,6,6
130,88,6,6
131,88,6,6
132,88,6,6
133,88,6,6
134,87,7,6
135,87,7,6
136,87,7,6
137,87,6,7
138,84,9,7
139,84,8,8
140,84,8,8
141,84,8,8
142,84,8,8
143,84,8,8
144,84,7,9
145,84,7,9
146,84,7,9
147,84,7,9
148,84,6,10
149,84,6,10
150,84,6,10
151,84,5,11
152,83,6,11
153,82,7,11
154,82,7,11
155,82,7,11
156,82,6,12
157,82,6,12
158,82,6,12
159,81,7,12
160,81,6,13
161,80,7,13
162,79,8,13
163,79,7,14
164,79,7,14
165,79,7,14
166,78,8,14
167,78,8,14
168,78,8,14
169,78,7,15
170,78,7,15
171,78,7,15
172,78,7,15
173,78,7,15
174,78,7,15
175,76,9,15
176,76,9,15
177,74,11,15
178,74,11,15
179,74,11,15
180,74,11,15
181,74,11,15
182,74,10,16
183,74,10,16
184,74,10,16
185,74,10,16
186,73,11,16
187,73,11,16
188,73,11,16
189,72,12,16
190,72,12,16
191,72,11,17
192,72,11,17
193,72,11,17
194,72,11,17
195,72,11,17
196,72,11,17
197,72,11,17
198,72,11,17
199,72,11,17
200,72,11,17
201,72,11,17
202,72,11,17
203,72,11,17
204,72,11,17
205,72,10,18
206,72,10,18
207,72,10,18
208,72,9,19
209,72,9,19
210,71,10,19
211,71,10,19
212,71,10,19
213,71,10,19
214,71,9,20
215,71,8,21
216,71,6,23
217,71,6,23
218,71,6,23
219,70,7,23
220,70,7,23
221,70,7,23
222,70,7,23
223,70,7,23
224,70,7,23
225,70,7,23
226,70,7,23
227,70,5,25
228,70,5,25
229,70,5,25
230,70,5,25
231,69,6,25
232,69,6,25
233,69,6,25
234,69,6,25
235,68,7,25
236,68,7,25
237,68,7,25
238,67,8,25
239,66,9,25
240,66,9,25
241,66,8,26
242,66,8,26
243,66,8,26
244,66,8,26
245,66,8,26
246,66,8,26
247,66,8,26
248,66,7,27
249,66,6,28
250,66,6,28
251,66,6,28
252,66,6,28
253,65,7,28
254,64,8,28
255,64,7,29
256,64,7,29
257,64,7,29
258,63,8,29
259,63,6,31
260,63,6,31
261,63,6,31
262,63,6,31
263,63,6,31
264,63,6,31
265,63,6,31
266,63,6,31
267,63,6,31
268,63,5,32
269,63,5,32
270,63,5,32
271,63,5,32
272,62,6,32
273,62,6,32
274,62,6,32
275,61,7,32
276,61,6,33
277,60,7,33
278,59,7,34
279,59,7,34
280,59,5,36
281,59,5,36
282,59,5,36
283,59,5,36
284,59,5,36
285,59,5,36
286,59,5,36
287,59,5,36
288,59,5,36
289,59,5,36
290,59,4,37
291,59,3,38
292,59,3,38
293,58,4,38
294,58,4,38
295,57,5,38
296,57,5,38
297,57,4,39
298,57,4,39
299,57,4,39
300,57,4,39
301,57,4,39
302,56,5,39
303,56,5,39
304,56,5,39
305,56,5,39
306,55,6,39
307,55,5,40
308,55,5,40
309,55,5,40
310,55,5,40
311,55,5,40
312,54,6,40
313,54,6,40
314,54,6,40
315,54,5,41
316,53,6,41
317,52,7,41
318,52,7,41
319,52,7,41
320,52,7,41
321,52,7,41
322,52,7,41
323,51,8,41
324,51,8,41
325,51,8,41
326,51,8,41
327,50,9,41
328,50,9,41
329,49,9,42
330,48,10,42
331,48,10,42
332,48,9,43
333,48,9,43
334,48,8,44
335,48,7,45
336,48,7,45
337,48,7,45
338,48,7,45
339,48,7,45
340,48,7,45
341,48,6,46
342,48,6,46
343,48,6,46
344,48,6,46
345,47,7,46
346,47,7,46
347,46,8,46
348,46,8,46
349,46,8,46
350,46,8,46
351,46,8,46
352,46,8,46
353,46,8,46
354,46,7,47
355,46,7,47
356,45,8,47
357,45,8,47
358,45,8,47
359,45,8,47
360,45,7,48
361,45,7,48
362,45,7,48
363,45,7,48
364,44,8,48
365,44,7,49
366,43,8,49
367,43,8,49
368,43,7,50
369,43,6,51
370,43,6,51
371,43,6,51
372,43,6,51
373,43,6,51
374,43,6,51
375,43,6,51
376,43,5,52
377,43,4,53
378,43,4,53
379,42,5,53
380,42,5,53
381,42,5,53
382,41,6,53
383,41,6,53
384,41,6,53
385,41,5,54
386,41,5,54
387,41,5,54
388,41,5,54
389,40,6,54
390,40,6,54
391,40,5,55
392,40,5,55
393,40,5,55
394,40,5,55
395,40,5,55
396,39,6,55
397,39,6,55
398,37,8,55
399,37,8,55
400,36,9,55
401,36,8,56
402,36,8,56
403,35,9,56
404,35,9,56
405,35,9,56
406,35,9,56
407,35,9,56
408,35,9,56
409,35,9,56
410,35,9,56
411,35,9,56
412,35,9,56
413,35,9,56
414,35,8,57
415,35,7,58
416,35,7,58
417,35,7,58
418,35,7,58
419,35,7,58
420,35,7,58
421,35,6,59
422,35,6,59
423,35,6,59
424,34,7,59
425,34,7,59
426,34,7,59
427,34,7,59
428,34,6,60
429,34,6,60
430,34,6,60
431,33,7,60
432,32,8,60
433,32,7,61
434,32,7,61
435,32,7,61
436,32,6,62
437,32,6,62
438,32,5,63
439,32,4,64
440,32,3,65
441,32,3,65
442,32,3,65
443,32,3,65
444,31,3,66
445,31,2,67
446,31,1,68
447,31,1,68
448,30,2,68
449,30,2,68
450,30,2,68
451,30,2,68
452,30,2,68
453,29,3,68
454,29,3,68
455,29,3,68
456,29,3,68
457,29,3,68
458,29,3,68
459,28,3,69
460,28,3,69
461,28,3,69
462,28,3,69
463,28,3,69
464,28,3,69
465,28,3,69
466,28,3,69
467,28,3,69
468,28,3,69
469,28,3,69
470,28,3,69
471,28,3,69
472,28,3,69
473,28,3,69
474,28,3,69
475,28,3,69
476,28,3,69
477,28,3,69
478,28,3,69
479,28,3,69
480,28,3,69
481,28,3,69
482,28,3,69
483,27,4,69
484,27,4,69
485,27,4,69
486,27,4,69
487,27,4,69
488,27,4,69
489,27,4,69
490,27,4,69
491,27,4,69
492,27,4,69
493,27,4,69
494,27,4,69
495,27,4,69
496,27,4,69
497,27,4,69
498,27,4,69
499,27,4,69
500,27,4,69
501,27,4,69
502,27,4,69
503,27,4,69
504,26,5,69
505,26,5,69
506,26,5,69
507,26,5,69
508,26,4,70
509,26,3,71
510,26,3,71
511,26,3,71
512,26,3,71
513,26,3,71
514,26,3,71
515,26,3,71
516,26,3,71
517,26,3,71
518,26,3,71
519,26,3,71
520,26,3,71
521,26,3,71
522,25,4,71
523,25,4,71
524,25,4,71
525,25,4,71
526,25,4,71
527,25,4,71
528,25,4,71
529,25,4,71
530,25,4,71
531,25,4,71
532,25,3,72
533,25,3,72
534,25,3,72
535,25,3,72
536,25,3,72
537,25,3,72
538,25,3,72
539,25,3,72
540,25,3,72
541,25,3,72
542,25,2,73
543,25,2,73
544,25,2,73
545,25,2,73
546,25,2,73
547,25,2,73
548,25,2,73
549,25,2,73
550,25,2,73
551,25,2,73
552,25,2,73
553,25,2,73
554,25,2,73
555,24,3,73
556,24,3,73
557,24,3,73
558,24,3,73
559,24,3,73
560,24,3,73
561,24,3,73
562,24,3,73
563,24,3,73
564,24,3,73
565,24,3,73
566,24,3,73
567,24,3,73
568,24,3,73
569,24,3,73
570,24,3,73
571,24,3,73
572,24,3,73
573,24,3,73
574,24,2,74
575,24,2,74
576,24,1,75
577,24,1,75
578,24,1,75
579,24,1,75
580,24,1,75
581,24,1,75
582,24,1,75
583,24,1,75
584,24,1,75
585,24,1,75
586,24,1,75
587,24,1,75
588,23,2,75
589,23,2,75
590,23,2,75
591,23,2,75
592,23,2,75
593,23,2,75
594,23,2,75
595,23,1,76
596,23,1,76
597,23,1,76
598,23,1,76
599,23,1,76
600,23,1,76
601,23,1,76
602,23,1,76
603,23,1,76
604,23,1,76
605,23,1,76
606,23,1,76
607,23,1,76
608,23,1,76
609,23,1,76
610,23,1,76
611,23,1,76
612,23,1,76
613,23,1,76
614,23,1,76
615,23,1,76
616,23,1,76
617,22,2,76
618,22,2,76
619,22,2,76
620,22,2,76
621,22,2,76
622,22,2,76
623,22,2,76
624,22,2,76
625,22,2,76
626,22,2,76
627,22,2,76
628,22,2,76
629,21,3,76
630,21,3,76
631,21,2,77
632,21,2,77
633,21,2,77
634,21,2,77
635,21,2,77
636,21,2,77
637,21,2,77
638,21,2,77
639,21,2,77
640,21,1,78
641,21,1,78
642,21,1,78
643,21,1,78
644,21,1,78
645,21,1,78
646,21,1,78
647,21,1,78
648,21,1,78
649,21,1,78
650,21,1,78
651,21,1,78
652,21,1,78
653,21,1,78
654,21,1,78
655,21,1,78
656,21,1,78
657,21,1,78
658,21,1,78
659,21,1,78
660,21,1,78
661,21,1,78
662,20,2,78
663,20,2,78
664,20,2,78
665,20,2,78
666,20,2,78
667,20,2,78
668,20,2,78
669,20,2,78
670,20,2,78
671,20,2,78
672,20,2,78
673,20,2,78
674,20,2,78
675,20,2,78
676,20,2,78
677,19,3,78
678,19,2,79
679,19,2,79
680,19,2,79
681,19,2,79
682,19,2,79
683,19,2,79
684,19,2,79
685,19,2,79
686,19,2,79
687,19,2,79
688,19,1,80
689,19,1,80
690,19,1,80
691,19,1,80
692,19,1,80
693,19,1,80
694,19,1,80
695,19,1,80
696,19,1,80
697,19,1,80
698,19,1,80
699,19,1,80
700,18,2,80
701,18,2,80
702,18,2,80
703,18,2,80
704,18,2,80
705,18,2,80
706,18,2,80
707,18,1,81
708,18,1,81
709,18,1,81
710,18,1,81
711,18,1,81
712,18,1,81
713,18,1,81
714,18,1,81
715,18,1,81
716,18,1,81
717,18,1,81
718,18,1,81
719,18,1,81
720,18,1,81
721,18,1,81
722,18,1,81
723,18,1,81
724,18,1,81
725,18,1,81
726,18,1,81
727,18,1,81
728,18,1,81
729,18,1,81
730,18,1,81
731,18,1,81
732,18,1,81
733,18,1,81
734,18,1,81
735,18,1,81
736,18,1,81
737,18,1,81
738,18,1,81
739,17,2,81
740,17,2,81
741,17,2,81
742,17,2,81
743,16,3,81
744,16,3,81
745,16,3,81
746,16,3,81
747,16,3,81
748,16,3,81
749,16,3,81
750,16,3,81
751,16,3,81
752,16,3,81
753,16,3,81
754,16,2,82
755,16,2,82
756,16,2,82
757,16,2,82
758,16,2,82
759,16,2,82
760,16,2,82
761,16,2,82
762,16,2,82
763,16,2,82
764,16,2,82
765,16,2,82
766,16,2,82
767,16,2,82
768,16,2,82
769,16,2,82
770,16,2,82
771,16,2,82
772,16,2,82
773,15,3,82
774,15,3,82
775,15,3,82
776,15,3,82
777,15,3,82
778,15,3,82
779,15,3,82
780,15,3,82
781,15,3,82
782,15,3,82
783,15,2,83
784,15,2,83
785,15,1,84
786,15,1,84
787,15,1,84
788,15,1,84
789,15,1,84
790,15,1,84
791,15,1,84
792,15,1,84
793,15,1,84
794,15,1,84
795,15,1,84
796,15,1,84
797,15,1,84
798,15,1,84
799,15,1,84
800,15,1,84
801,15,1,84
802,15,1,84
803,15,1,84
804,15,1,84
805,15,1,84
806,15,1,84
807,15,1,84
808,15,1,84
809,15,1,84
810,15,1,84
811,15,1,84
812,15,1,84
813,15,1,84
814,15,1,84
815,15,1,84
816,15,1,84
817,15,1,84
818,15,1,84
819,15,1,84
820,15,1,84
821,15,1,84
822,15,1,84
823,15,0,85
824,15,0,85
825,15,0,85
826,15,0,85
827,15,0,85
828,15,0,85
829,15,0,85
830,15,0,85
831,15,0,85
832,15,0,85
833,15,0,85
834,14,1,85
835,14,1,85
836,14,1,85
837,14,1,85
838,14,1,85
839,14,1,85
840,14,1,85
841,14,1,85
842,14,1,85
843,14,1,85
844,14,1,85
845,13,2,85
846,13,2,85
847,13,2,85
848,13,2,85
849,13,2,85
850,13,2,85
851,13,2,85
852,13,2,85
853,13,2,85
854,13,2,85
855,13,2,85
856,13,2,85
857,13,2,85
858,13,2,85
859,13,2,85
860,13,2,85
861,13,2,85
862,13,2,85
863,13,2,85
864,13,2,85
865,13,2,85
866,13,2,85
867,13,2,85
868,13,2,85
869,13,2,85
870,13,2,85
871,13,2,85
872,13,2,85
873,13,2,85
874,13,2,85
875,13,2,85
876,13,2,85
877,13,2,85
878,13,2,85
879,13,2,85
880,13,2,85
881,13,2,85
882,13,2,85
883,13,2,85
884,13,2,85
885,13,2,85
886,13,2,85
887,13,2,85
888,13,2,85
889,13,2,85
890,13,2,85
891,13,2,85
892,12,3,85
893,12,3,85
894,12,3,85
895,12,3,85
896,12,3,85
897,12,3,85
898,12,3,85
899,12,3,85
900,12,3,85
901,12,3,85
902,12,3,85
903,12,3,85
904,12,3,85
905,12,3,85
906,12,3,85
907,12,3,85
908,12,3,85
909,12,3,85
910,12,3,85
911,12,2,86
912,12,2,86
913,12,2,86
914,12,2,86
915,12,2,86
916,12,2,86
917,12,2,86
918,12,2,86
919,12,2,86
920,12,2,86
921,12,2,86
922,12,2,86
923,12,2,86
924,12,2,86
925,12,2,86
926,12,2,86
927,12,2,86
928,12,2,86
929,12,2,86
930,12,2,86
931,12,2,86
932,12,2,86
933,12,2,86
934,12,2,86
935,12,2,86
936,12,2,86
937,12,2,86
938,12,2,86
939,12,2,86
940,12,2,86
941,12,2,86
942,12,2,86
943,12,2,86
944,12,2,86
945,12,2,86
946,12,2,86
947,12,2,86
948,12,2,86
949,12,2,86
950,12,2,86
951,12,2,86
952,12,2,86
953,12,2,86
954,12,2,86
955,12,2,86
956,12,2,86
957,12,2,86
958,12,2,86
959,12,2,86
960,12,2,86
961,12,2,86
962,12,2,86
963,12,2,86
964,12,2,86
965,12,2,86
966,12,2,86
967,12,2,86
968,12,2,86
969,12,2,86
970,12,2,86
971,12,2,86
972,12,2,86
973,12,2,86
974,12,2,86
975,12,2,86
976,12,2,86
977,12,2,86
978,12,2,86
979,12,2,86
980,12,2,86
981,12,2,86
982,12,2,86
983,12,2,86
984,12,2,86
985,12,2,86
986,12,2,86
987,12,2,86
988,12,2,86
989,12,2,86
990,12,2,86
991,12,2,86
992,12,2,86
993,12,2,86
994,12,2,86
995,12,2,86
996,12,2,86
997,12,2,86
998,12,2,86
999,12,2,86
1000,12,2,86
1001,12,2,86
1002,12,2,86
1003,12,2,86
1004,12,2,86
1005,12,2,86
1006,12,2,86
1007,12,2,86
1008,12,2,86
1009,12,2,86
1010,12,2,86
1011,12,2,86
1012,12,2,86
1013,12,2,86
1014,12,2,86
1015,12,2,86
1016,12,2,86
1017,12,2,86
1018,12,2,86
1019,12,2,86
1020,12,2,86
1021,12,2,86
1022,12,2,86
1023,12,1,87
1024,12,1,87
1025,12,1,87
1026,12,1,87
1027,12,1,87
1028,12,1,87
1029,12,1,87
1030,12,1,87
1031,12,1,87
1032,12,1,87
1033,12,1,87
1034,12,1,87
1035,12,1,87
1036,12,1,87
1037,12,1,87
1038,12,1,87
1039,12,1,87
1040,12,1,87
1041,12,1,87
1042,12,1,87
1043,12,1,87
1044,12,1,87
1045,12,1,87
1046,12,1,87
1047,11,2,87
1048,11,2,87
1049,11,2,87
1050,11,0,89
1051,11,0,89
1052,11,0,89
1053,11,0,89
1054,11,0,89
1055,11,0,89
1056,11,0,89
1057,11,0,89
1058,11,0,89
1059,11,0,89
1060,11,0,89
1061,11,0,89
1062,11,0,89
1063,11,0,89
1064,11,0,89
1065,11,0,89
1066,11,0,89
1067,11,0,89
1068,11,0,89
1069,11,0,89
1070,11,0,89
1071,11,0,89
1072,11,0,89
1073,11,0,89
1074,11,0,89
1075,11,0,89
1076,11,0,89
1077,11,0,89
1078,11,0,89
1079,11,0,89
1080,11,0,89
1081,11,0,89
1082,11,0,89
1083,11,0,89
1084,11,0,89
1085,11,0,89
1086,11,0,89
1087,11,0,89
1088,11,0,89
1089,11,0,89
1090,11,0,89
1091,11,0,89
1092,11,0,89
1093,11,0,89
1094,11,0,89
1095,11,0,89
1096,11,0,89
1097,11,0,89
1098,11,0,89
1099,11,0,89
1100,11,0,89
1101,11,0,89
1102,11,0,89
1103,11,0,89
1104,11,0,89
1105,11,0,89
1106,11,0,89
1107,11,0,89
1108,11,0,89
1109,11,0,89
1110,11,0,89
1111,11,0,89
1112,11,0,89
1113,11,0,89
1114,11,0,89
1115,11,0,89
1116,11,0,89
1117,11,0,89
1118,11,0,89
1119,11,0,89
1120,11,0,89
1121,11,0,89
1122,11,0,89
1123,11,0,89
1124,11,0,89
1125,11,0,89
1126,11,0,89
1127,11,0,89
1128,11,0,89
1129,11,0,89
1130,11,0,89
1131,11,0,89
1132,11,0,89
1133,11,0,89
1134,11,0,89
1135,11,0,89
1136,11,0,89
1137,11,0,89
1138,11,0,89
1139,11,0,89
1140,11,0,89
1141,11,0,89
1142,11,0,89
1143,11,0,89
1144,11,0,89
1145,11,0,89
1146,11,0,89
1147,11,0,89
1148,11,0,89
1149,11,0,89
1150,11,0,89
1151,11,0,89
1152,11,0,89
1153,11,0,89
1154,11,0,89
1155,11,0,89
1156,11,0,89
1157,11,0,89
1158,11,0,89
1159,11,0,89
1160,11,0,89
1161,11,0,89
1162,11,0,89
1163,11,0,89
1164,11,0,89
1165,11,0,89
1166,11,0,89
1167,11,0,89
1168,11,0,89
1169,11,0,89
1170,11,0,89
1171,11,0,89
1172,11,0,89
1173,11,0,89
1174,11,0,89
1175,11,0,89
1176,11,0,89
1177,11,0,89
1178,11,0,89
1179,11,0,89
1180,11,0,89
1181,11,0,89
1182,11,0,89
1183,11,0,89
1184,11,0,89
1185,11,0,89
1186,11,0,89
1187,11,0,89
1188,11,0,89
1189,11,0,89
1190,11,0,89
1191,11,0,89
1192,11,0,89
1193,11,0,89
1194,11,0,89
1195,11,0,89
1196,11,0,89
1197,11,0,89
1198,11,0,89
1199,11,0,89
1200,11,0,89
1201,11,0,89
1202,11,0,89
1203,11,0,89
1204,11,0,89
1205,11,0,89
1206,11,0,89
1207,11,0,89
1208,11,0,89
1209,11,0,89
1210,11,0,89
1211,11,0,89
1212,11,0,89
1213,11,0,89
1214,11,0,89
1215,11,0,89
1216,11,0,89
1217,11,0,89
1218,11,0,89
1219,11,0,89
1220,11,0,89
1221,11,0,89
1222,11,0,89
1223,11,0,89
1224,11,0,89
1225,11,0,89
1226,11,0,89
1227,11,0,89
1228,11,0,89
1229,11,0,89
1230,11,0,89
1231,11,0,89
1232,11,0,89
1233,11,0,89
1234,11,0,89
1235,11,0,89
1236,11,0,89
1237,11,0,89
1238,11,0,89
1239,11,0,89
1240,11,0,89
1241,11,0,89
1242,11,0,89
1243,11,0,89
1244,11,0,89
1245,11,0,89
1246,11,0,89
1247,11,0,89
1248,11,0,89
1249,11,0,89
1250,11,0,89
1251,11,0,89
1252,11,0,89
1253,11,0,89
1254,11,0,89
1255,11,0,89
1256,11,0,89
1257,11,0,89
1258,11,0,89
1259,11,0,89
1260,11,0,89
1261,11,0,89
1262,11,0,89
1263,11,0,89
1264,11,0,89
1265,11,0,89
1266,11,0,89
1267,11,0,89
1268,11,0,89
1269,11,0,89
1270,11,0,89
1271,11,0,89
1272,11,0,89
1273,11,0,89
1274,11,0,89
1275,11,0,89
1276,11,0,89
1277,11,0,89
1278,11,0,89
1279,11,0,89
1280,11,0,89
1281,11,0,89
1282,11,0,89
1283,11,0,89
1284,11,0,89
1285,11,0,89
1286,11,0,89
1287,11,0,89
1288,11,0,89
1289,11,0,89
1290,11,0,89
1291,11,0,89
1292,11,0,89
1293,11,0,89
1294,11,0,89
1295,11,0,89
1296,11,0,89
1297,11,0,89
1298,11,0,89
1299,11,0,89
1300,11,0,89
1301,11,0,89
1302,11,0,89
1303,11,0,89
1304,11,0,89
1305,11,0,89
1306,11,0,89
1307,11,0,89
1308,11,0,89
1309,11,0,89
1310,11,0,89
1311,11,0,89
1312,11,0,89
1313,11,0,89
1314,11,0,89
1315,11,0,89
1316,11,0,89
1317,11,0,89
1318,11,0,89
1319,11,0,89
1320,11,0,89
1321,11,0,89
1322,11,0,89
1323,11,0,89
1324,11,0,89
1325,11,0,89
1326,11,0,89
1327,11,0,89
1328,11,0,89
1329,11,0,89
1330,11,0,89
1331,11,0,89
1332,11,0,89
1333,11,0,89
1334,11,0,89
1335,11,0,89
1336,11,0,89
1337,11,0,89
1338,11,0,89
1339,11,0,89
1340,11,0,89
1341,11,0,89
1342,11,0,89
1343,11,0,89
1344,11,0,89
1345,11,0,89
1346,11,0,89
1347,11,0,89
1348,11,0,89
1349,11,0,89
1350,11,0,89
1351,11,0,89
1352,11,0,89
1353,11,0,89
1354,11,0,89
1355,11,0,89
1356,11,0,89
1357,11,0,89
1358,11,0,89
1359,11,0,89
1360,11,0,89
1361,11,0,89
1362,11,0,89
1363,11,0,89
1364,11,0,89
1365,11,0,89
1366,11,0,89
1367,11,0,89
1368,11,0,89
1369,11,0,89
1370,11,0,89
1371,11,0,89
1372,11,0,89
1373,11,0,89
1374,11,0,89
1375,11,0,89
1376,11,0,89
1377,11,0,89
1378,11,0,89
1379,11,0,89
1380,11,0,89
1381,11,0,89
1382,11,0,89
1383,11,0,89
1384,11,0,89
1385,11,0,89
1386,11,0,89
1387,11,0,89
1388,11,0,89
1389,11,0,89
1390,11,0,89
1391,11,0,89
1392,11,0,89
1393,11,0,89
1394,11,0,89
1395,11,0,89
1396,11,0,89
1397,11,0,89
1398,11,0,89
1399,11,0,89
1400,11,0,89
1401,11,0,89
1402,11,0,89
1403,11,0,89
1404,11,0,89
1405,11,0,89
1406,11,0,89
1407,11,0,89
1408,11,0,89
1409,11,0,89
1410,11,0,89
1411,11,0,89
1412,11,0,89
1413,11,0,89
1414,11,0,89
1415,11,0,89
1416,11,0,89
1417,11,0,89
1418,11,0,89
1419,11,0,89
1420,11,0,89
1421,11,0,89
1422,11,0,89
1423,11,0,89
1424,11,0,89
1425,11,0,89
1426,11,0,89
1427,11,0,89
1428,11,0,89
1429,11,0,89
1430,11,0,89
1431,10,1,89
1432,10,1,89
1433,10,1,89
1434,10,1,89
1435,10,1,89
1436,10,1,89
1437,10,1,89
1438,10,1,89
1439,10,1,89
1440,10,1,89
1441,10,0,90
1442,10,0,90
1443,10,0,90
1444,10,0,90
1445,10,0,90
1446,10,0,90
1447,10,0,90
1448,10,0,90
1449,10,0,90
1450,10,0,90
1451,10,0,90
1452,10,0,90
1453,10,0,90
1454,10,0,90
1455,10,0,90
1456,10,0,90
1457,10,0,90
1458,10,0,90
1459,10,0,90
1460,10,0,90
1461,10,0,90
1462,10,0,90
1463,10,0,90
1464,10,0,90
1465,10,0,90
1466,10,0,90
1467,10,0,90
1468,10,0,90
1469,10,0,90
1470,10,0,90
1471,10,0,90
1472,10,0,90
1473,10,0,90
1474,10,0,90
1475,10,0,90
1476,10,0,90
1477,10,0,90
1478,10,0,90
1479,10,0,90
1480,10,0,90
1481,10,0,90
1482,10,0,90
1483,10,0,90
1484,10,0,90
1485,10,0,90
1486,10,0,90
1487,10,0,90
1488,10,0,90
1489,10,0,90
1490,10,0,90
1491,10,0,90
1492,10,0,90
1493,10,0,90
1494,10,0,90
1495,10,0,90
1496,10,0,90
1497,10,0,90
1498,10,0,90
1499,10,0,90
1500,10,0,90
1501,10,0,90
1502,10,0,90
1503,10,0,90
1504,10,0,90
1505,10,0,90
1506,10,0,90
1507,10,0,90
1508,10,0,90
1509,10,0,90
1510,10,0,90
1511,10,0,90
1512,10,0,90
1513,10,0,90
1514,10,0,90
1515,10,0,90
1516,10,0,90
1517,10,0,90
1518,10,0,90
1519,10,0,90
1520,10,0,90
1521,10,0,90
1522,10,0,90
1523,10,0,90
1524,10,0,90
1525,10,0,90
1526,10,0,90
1527,10,0,90
1528,10,0,90
1529,10,0,90
1530,10,0,90
1531,10,0,90
1532,10,0,90
1533,10,0,90
1534,10,0,90
1535,10,0,90
1536,10,0,90
1537,10,0,90
1538,10,0,90
1539,10,0,90
1540,10,0,90
1541,10,0,90
1542,10,0,90
1543,10,0,90
1544,10,0,90
1545,10,0,90
1546,10,0,90
1547,10,0,90
1548,10,0,90
1549,10,0,90
1550,10,0,90
1551,10,0,90
1552,10,0,90
1553,10,0,90
1554,10,0,90
1555,10,0,90
1556,10,0,90
1557,10,0,90
1558,10,0,90
1559,10,0,90
1560,10,0,90
1561,10,0,90
1562,10,0,90
1563,10,0,90
1564,10,0,90
1565,10,0,90
1566,10,0,90
1567,10,0,90
1568,10,0,90
1569,10,0,90
1570,10,0,90
1571,10,0,90
1572,10,0,90
1573,10,0,90
1574,10,0,90
1575,10,0,90
1576,10,0,90
1577,10,0,90
1578,10,0,90
1579,10,0,90
1580,10,0,90
1581,10,0,90
1582,10,0,90
1583,10,0,90
1584,10,0,90
1585,10,0,90
1586,10,0,90
1587,10,0,90
1588,10,0,90
1589,10,0,90
1590,10,0,90
1591,10,0,90
1592,10,0,90
1593,10,0,90
1594,10,0,90
1595,10,0,90
1596,10,0,90
1597,10,0,90
1598,10,0,90
1599,10,0,90
1600,9,1,90
1601,9,1,90
1602,9,1,90
1603,9,1,90
1604,9,1,90
1605,9,1,90
1606,9,1,90
1607,9,1,90
1608,9,1,90
1609,9,1,90
1610,9,1,90
1611,9,1,90
1612,9,1,90
1613,9,1,90
1614,9,1,90
1615,9,1,90
1616,9,1,90
1617,9,1,90
1618,9,1,90
1619,9,1,90
1620,9,1,90
1621,9,1,90
1622,9,1,90
1623,9,1,90
1624,9,1,90
1625,9,1,90
1626,9,1,90
1627,9,1,90
1628,9,1,90
1629,9,1,90
1630,9,1,90
1631,9,1,90
1632,9,1,90
1633,9,1,90
1634,9,1,90
1635,9,1,90
1636,9,1,90
1637,9,1,90
1638,9,1,90
1639,9,1,90
1640,9,1,90
1641,9,1,90
1642,9,1,90
1643,9,1,90
1644,9,1,90
1645,9,1,90
1646,9,1,90
1647,9,1,90
1648,9,1,90
1649,9,1,90
1650,9,1,90
1651,9,1,90
1652,9,1,90
1653,9,1,90
1654,9,1,90
1655,9,1,90
1656,9,1,90
1657,9,1,90
1658,9,1,90
1659,9,1,90
1660,9,1,90
1661,9,1,90
1662,9,1,90
1663,9,1,90
1664,9,1,90
1665,9,1,90
1666,9,1,90
1667,9,1,90
1668,9,1,90
1669,9,1,90
1670,9,1,90
1671,9,1,90
1672,9,1,90
1673,9,1,90
1674,9,1,90
1675,9,1,90
1676,9,1,90
1677,8,2,90
1678,8,2,90
1679,8,2,90
1680,8,2,90
1681,8,2,90
1682,8,2,90
1683,8,2,90
1684,8,2,90
1685,8,2,90
1686,8,2,90
1687,8,2,90
1688,8,2,90
1689,8,2,90
1690,8,2,90
1691,8,2,90
1692,8,2,90
1693,8,2,90
1694,8,2,90
1695,8,2,90
1696,8,2,90
1697,8,2,90
1698,8,2,90
1699,8,2,90
1700,8,2,90
1701,8,2,90
1702,8,2,90
1703,8,2,90
1704,8,2,90
1705,8,2,90
1706,8,2,90
1707,8,2,90
1708,8,2,90
1709,8,2,90
1710,8,1,91
1711,8,1,91
1712,8,1,91
1713,8,1,91
1714,8,1,91
1715,8,1,91
1716,8,1,91
1717,8,1,91
1718,8,1,91
1719,8,1,91
1720,8,1,91
1721,8,1,91
1722,8,1,91
1723,8,1,91
1724,8,1,91
1725,8,1,91
1726,8,1,91
1727,8,1,91
1728,8,1,91
1729,8,1,91
1730,8,1,91
1731,8,1,91
1732,8,1,91
1733,8,1,91
1734,8,1,91
1735,8,1,91
1736,8,1,91
1737,8,1,91
1738,8,1,91
1739,8,1,91
1740,8,1,91
1741,8,1,91
1742,8,1,91
1743,8,1,91
1744,8,1,91
1745,8,1,91
1746,8,1,91
1747,8,1,91
1748,8,1,91
1749,8,1,91
1750,8,1,91
1751,8,1,91
1752,8,1,91
1753,8,1,91
1754,8,1,91
1755,8,1,91
1756,8,0,92
1757,8,0,92
1758,8,0,92
1759,8,0,92
1760,8,0,92
1761,8,0,92
1762,8,0,92
1763,8,0,92
1764,8,0,92
1765,8,0,92
1766,8,0,92
1767,8,0,92
1768,8,0,92
1769,8,0,92
1770,8,0,92
1771,8,0,92
1772,8,0,92
1773,8,0,92
1774,8,0,92
1775,8,0,92
1776,8,0,92
1777,8,0,92
1778,8,0,92
1779,8,0,92
1780,8,0,92
1781,8,0,92
1782,8,0,92
1783,8,0,92
1784,8,0,92
1785,8,0,92
1786,8,0,92
1787,8,0,92
1788,8,0,92
1789,8,0,92
1790,8,0,92
1791,8,0,92
1792,8,0,92
1793,8,0,92
1794,8,0,92
1795,8,0,92
1796,8,0,92
1797,8,0,92
1798,8,0,92
1799,8,0,92
1800,8,0,92
1801,8,0,92
1802,8,0,92
1803,8,0,92
1804,8,0,92
1805,8,0,92
1806,8,0,92
1807,8,0,92
1808,8,0,92
1809,8,0,92
1810,8,0,92
1811,8,0,92
1812,8,0,92
1813,8,0,92
1814,8,0,92
1815,8,0,92
1816,8,0,92
1817,8,0,92
1818,8,0,92
1819,8,0,92
1820,8,0,92
1821,8,0,92
1822,8,0,92
1823,8,0,92
1824,8,0,92
1825,8,0,92
1826,8,0,92
1827,8,0,92
1828,8,0,92
1829,8,0,92
1830,8,0,92
1831,8,0,92
1832,8,0,92
1833,8,0,92
1834,8,0,92
1835,8,0,92
1836,8,0,92
1837,8,0,92
1838,8,0,92
1839,8,0,92
1840,8,0,92
1841,8,0,92
1842,8,0,92
1843,8,0,92
1844,8,0,92
1845,8,0,92
1846,8,0,92
1847,8,0,92
1848,8,0,92
1849,8,0,92
1850,8,0,92
1851,8,0,92
1852,8,0,92
1853,8,0,92
1854,8,0,92
1855,8,0,92
1856,8,0,92
1857,8,0,92
1858,8,0,92
1859,8,0,92
1860,8,0,92
1861,8,0,92
1862,8,0,92
1863,8,0,92
1864,8,0,92
1865,8,0,92
1866,8,0,92
1867,8,0,92
1868,8,0,92
1869,8,0,92
1870,8,0,92
1871,8,0,92
1872,8,0,92
1873,8,0,92
1874,8,0,92
1875,8,0,92
1876,8,0,92
1877,8,0,92
1878,8,0,92
1879,8,0,92
1880,8,0,92
1881,8,0,92
1882,8,0,92
1883,8,0,92
1884,8,0,92
1885,8,0,92
1886,8,0,92
1887,8,0,92
1888,8,0,92
1889,8,0,92
1890,8,0,92
1891,8,0,92
1892,8,0,92
1893,8,0,92
1894,8,0,92
1895,8,0,92
1896,8,0,92
1897,8,0,92
1898,8,0,92
1899,8,0,92
1900,8,0,92
1901,8,0,92
1902,8,0,92
1903,8,0,92
1904,8,0,92
1905,8,0,92
1906,8,0,92
1907,8,0,92
1908,8,0,92
1909,8,0,92
1910,8,0,92
1911,8,0,92
1912,8,0,92
1913,8,0,92
1914,8,0,92
1915,8,0,92
1916,8,0,92
1917,8,0,92
1918,8,0,92
1919,8,0,92
1920,8,0,92
1921,8,0,92
1922,8,0,92
1923,8,0,92
1924,8,0,92
1925,8,0,92
1926,8,0,92
1927,8,0,92
1928,8,0,92
1929,8,0,92
1930,8,0,92
1931,8,0,92
1932,8,0,92
1933,8,0,92
1934,8,0,92
1935,8,0,92
1936,8,0,92
1937,8,0,92
1938,8,0,92
1939,8,0,92
1940,8,0,92
1941,8,0,92
1942,8,0,92
1943,8,0,92
1944,8,0,92
1945,8,0,92
1946,8,0,92
1947,8,0,92
1948,8,0,92
1949,8,0,92
1950,8,0,92
1951,8,0,92
1952,8,0,92
1953,8,0,92
1954,8,0,92
1955,8,0,92
1956,8,0,92
1957,8,0,92
1958,8,0,92
1959,8,0,92
1960,8,0,92
1961,8,0,92
1962,8,0,92
1963,8,0,92
1964,8,0,92
1965,8,0,92
1966,8,0,92
1967,8,0,92
1968,8,0,92
1969,8,0,92
1970,8,0,92
1971,8,0,92
1972,8,0,92
1973,8,0,92
1974,8,0,92
1975,8,0,92
1976,8,0,92
1977,8,0,92
1978,8,0,92
1979,8,0,92
1980,8,0,92
1981,8,0,92
1982,8,0,92
1983,8,0,92
1984,8,0,92
1985,8,0,92
1986,8,0,92
1987,8,0,92
1988,8,0,92
1989,8,0,92
1990,8,0,92
1991,8,0,92
1992,8,0,92
1993,8,0,92
1994,8,0,92
1995,8,0,92
1996,8,0,92
1997,8,0,92
1998,8,0,92
1999,8,0,92
2000,8,0,92
2001,8,0,92
2002,8,0,92
2003,8,0,92
2004,8,0,92
2005,8,0,92
2006,8,0,92
2007,8,0,92
2008,8,0,92
2009,8,0,92
2010,8,0,92
2011,8,0,92
2012,8,0,92
2013,8,0,92
2014,8,0,92
2015,8,0,92
2016,8,0,92
2017,8,0,92
2018,8,0,92
2019,8,0,92
2020,8,0,92
2021,8,0,92
2022,8,0,92
2023,8,0,92
2024,8,0,92
2025,8,0,92
2026,8,0,92
2027,8,0,92
2028,8,0,92
2029,8,0,92
2030,8,0,92
2031,8,0,92
2032,8,0,92
2033,8,0,92
2034,8,0,92
2035,8,0,92
2036,8,0,92
2037,8,0,92
2038,8,0,92
2039,8,0,92
2040,8,0,92
2041,8,0,92
2042,8,0,92
2043,8,0,92
2044,8,0,92
2045,8,0,92
2046,8,0,92
2047,8,0,92
2048,8,0,92
2049,8,0,92
2050,8,0,92
2051,8,0,92
2052,8,0,92
2053,8,0,92
2054,8,0,92
2055,8,0,92
2056,8,0,92
2057,8,0,92
2058,8,0,92
2059,8,0,92
2060,8,0,92
2061,8,0,92
2062,8,0,92
2063,8,0,92
2064,8,0,92
2065,8,0,92
2066,8,0,92
2067,8,0,92
2068,8,0,92
2069,8,0,92
2070,8,0,92
2071,8,0,92
2072,8,0,92
2073,8,0,92
2074,8,0,92
2075,8,0,92
2076,8,0,92
2077,8,0,92
2078,8,0,92
2079,8,0,92
2080,8,0,92
2081,8,0,92
2082,8,0,92
2083,8,0,92
2084,8,0,92
2085,8,0,92
2086,8,0,92
2087,8,0,92
2088,8,0,92
2089,8,0,92
2090,8,0,92
2091,8,0,92
2092,8,0,92
2093,8,0,92
2094,8,0,92
2095,8,0,92
2096,8,0,92
2097,8,0,92
2098,8,0,92
2099,8,0,92
2100,8,0,92
2101,8,0,92
2102,8,0,92
2103,8,0,92
2104,8,0,92
2105,8,0,92
2106,8,0,92
2107,8,0,92
2108,8,0,92
2109,8,0,92
2110,8,0,92
2111,8,0,92
2112,8,0,92
2113,8,0,92
2114,8,0,92
2115,8,0,92
2116,8,0,92
2117,8,0,92
2118,8,0,92
2119,8,0,92
2120,8,0,92
2121,8,0,92
2122,8,0,92
2123,8,0,92
2124,8,0,92
2125,8,0,92
2126,8,0,92
2127,8,0,92
2128,8,0,92
2129,8,0,92
2130,8,0,92
2131,8,0,92
2132,8,0,92
2133,8,0,92
2134,8,0,92
2135,8,0,92
2136,8,0,92
2137,8,0,92
2138,8,0,92
2139,8,0,92
2140,8,0,92
2141,8,0,92
2142,8,0,92
2143,8,0,92
2144,8,0,92
2145,8,0,92
2146,8,0,92
2147,8,0,92
2148,8,0,92
2149,8,0,92
2150,8,0,92
2151,8,0,92
2152,8,0,92
2153,8,0,92
2154,8,0,92
2155,8,0,92
2156,8,0,92
2157,8,0,92
2158,8,0,92
2159,8,0,92
2160,8,0,92
2161,8,0,92
2162,8,0,92
2163,8,0,92
2164,8,0,92
2165,8,0,92
2166,8,0,92
2167,8,0,92
2168,8,0,92
2169,8,0,92
2170,8,0,92
2171,8,0,92
2172,8,0,92
2173,8,0,92
2174,8,0,92
2175,8,0,92
2176,8,0,92
2177,8,0,92
2178,8,0,92
2179,8,0,92
2180,8,0,92
2181,8,0,92
2182,8,0,92
2183,8,0,92
2184,8,0,92
2185,8,0,92
2186,8,0,92
2187,8,0,92
2188,8,0,92
2189,8,0,92
2190,8,0,92
2191,8,0,92
2192,8,0,92
2193,8,0,92
2194,8,0,92
2195,8,0,92
2196,8,0,92
2197,8,0,92
2198,8,0,92
2199,8,0,92
2200,8,0,92
2201,8,0,92
2202,8,0,92
2203,8,0,92
2204,8,0,92
2205,8,0,92
2206,8,0,92
2207,8,0,92
2208,8,0,92
2209,8,0,92
2210,8,0,92
2211,8,0,92
2212,8,0,92
2213,8,0,92
2214,8,0,92
2215,8,0,92
2216,8,0,92
2217,8,0,92
2218,8,0,92
2219,8,0,92
2220,8,0,92
2221,8,0,92
2222,8,0,92
2223,8,0,92
2224,8,0,92
2225,8,0,92
2226,8,0,92
2227,8,0,92
2228,8,0,92
2229,8,0,92
2230,8,0,92
2231,8,0,92
2232,8,0,92
2233,8,0,92
2234,8,0,92
2235,8,0,92
2236,8,0,92
2237,8,0,92
2238,8,0,92
2239,8,0,92
2240,8,0,92
2241,8,0,92
2242,8,0,92
2243,8,0,92
2244,8,0,92
2245,8,0,92
2246,8,0,92
2247,8,0,92
2248,8,0,92
2249,8,0,92
2250,8,0,92
2251,8,0,92
2252,8,0,92
2253,8,0,92
2254,8,0,92
2255,8,0,92
2256,8,0,92
2257,8,0,92
2258,8,0,92
2259,8,0,92
2260,8,0,92
2261,8,0,92
2262,8,0,92
2263,8,0,92
2264,8,0,92
2265,8,0,92
2266,8,0,92
2267,8,0,92
2268,8,0,92
2269,8,0,92
2270,8,0,92
2271,8,0,92
2272,8,0,92
2273,8,0,92
2274,8,0,92
2275,8,0,92
2276,8,0,92
2277,8,0,92
2278,8,0,92
2279,8,0,92
2280,8,0,92
2281,8,0,92
2282,8,0,92
2283,8,0,92
2284,8,0,92
2285,8,0,92
2286,8,0,92
2287,8,0,92
2288,8,0,92
2289,8,0,92
2290,8,0,92
2291,8,0,92
2292,8,0,92
2293,8,0,92
2294,8,0,92
2295,8,0,92
2296,8,0,92
2297,8,0,92
2298,8,0,92
2299,8,0,92
2300,8,0,92
2301,8,0,92
2302,8,0,92
2303,8,0,92
2304,8,0,92
2305,8,0,92
2306,8,0,92
2307,8,0,92
2308,8,0,92
2309,8,0,92
2310,8,0,92
2311,8,0,92
2312,8,0,92
2313,8,0,92
2314,8,0,92
2315,8,0,92
2316,8,0,92
2317,8,0,92
2318,8,0,92
2319,8,0,92
2320,8,0,92
2321,8,0,92
2322,8,0,92
2323,8,0,92
2324,8,0,92
2325,8,0,92
2326,8,0,92
2327,8,0,92
2328,8,0,92
2329,8,0,92
2330,8,0,92
2331,8,0,92
2332,8,0,92
2333,8,0,92
2334,8,0,92
2335,8,0,92
2336,8,0,92
2337,8,0,92
2338,8,0,92
2339,8,0,92
2340,8,0,92
2341,8,0,92
2342,8,0,92
2343,8,0,92
2344,8,0,92
2345,8,0,92
2346,8,0,92
2347,8,0,92
2348,8,0,92
2349,8,0,92
2350,8,0,92
2351,8,0,92
2352,8,0,92
2353,8,0,92
2354,8,0,92
2355,8,0,92
2356,8,0,92
2357,8,0,92
2358,8,0,92
2359,8,0,92
2360,8,0,92
2361,8,0,92
2362,8,0,92
2363,8,0,92
2364,8,0,92
2365,8,0,92
2366,8,0,92
2367,8,0,92
2368,8,0,92
2369,8,0,92
2370,8,0,92
2371,8,0,92
2372,8,0,92
2373,8,0,92
2374,8,0,92
2375,8,0,92
2376,8,0,92
2377,8,0,92
2378,8,0,92
2379,8,0,92
2380,8,0,92
2381,8,0,92
2382,8,0,92
2383,8,0,92
2384,8,0,92
2385,8,0,92
2386,8,0,92
2387,8,0,92
2388,8,0,92
2389,8,0,92
2390,8,0,92
2391,8,0,92
2392,8,0,92
2393,8,0,92
2394,8,0,92
2395,8,0,92
2396,8,0,92
2397,8,0,92
2398,8,0,92
2399,8,0,92
2400,8,0,92
2401,8,0,92
2402,8,0,92
2403,8,0,92
2404,8,0,92
2405,8,0,92
2406,8,0,92
2407,8,0,92
2408,8,0,92
2409,8,0,92
2410,8,0,92
2411,8,0,92
2412,8,0,92
2413,8,0,92
2414,8,0,92
2415,8,0,92
2416,8,0,92
2417,8,0,92
2418,8,0,92
2419,8,0,92
2420,8,0,92
2421,8,0,92
2422,8,0,92
2423,8,0,92
2424,8,0,92
2425,8,0,92
2426,8,0,92
2427,8,0,92
2428,8,0,92
2429,8,0,92
2430,8,0,92
2431,8,0,92
2432,8,0,92
2433,8,0,92
2434,8,0,92
2435,8,0,92
2436,8,0,92
2437,8,0,92
2438,8,0,92
2439,8,0,92
2440,8,0,92
2441,8,0,92
2442,8,0,92
2443,8,0,92
2444,8,0,92
2445,8,0,92
2446,8,0,92
2447,8,0,92
2448,8,0,92
2449,8,0,92
2450,8,0,92
2451,8,0,92
2452,8,0,92
2453,8,0,92
2454,8,0,92
2455,8,0,92
2456,8,0,92
2457,8,0,92
2458,8,0,92
2459,8,0,92
2460,8,0,92
2461,8,0,92
2462,8,0,92
2463,8,0,92
2464,8,0,92
2465,8,0,92
2466,8,0,92
2467,8,0,92
2468,8,0,92
2469,8,0,92
2470,8,0,92
2471,8,0,92
2472,8,0,92
2473,8,0,92
2474,8,0,92
2475,8,0,92
2476,8,0,92
2477,8,0,92
2478,8,0,92
2479,8,0,92
2480,8,0,92
2481,8,0,92
2482,8,0,92
2483,8,0,92
2484,8,0,92
2485,7,1,92
2486,7,1,92
2487,7,1,92
2488,7,1,92
2489,7,1,92
2490,7,1,92
2491,7,1,92
2492,7,1,92
2493,7,1,92
2494,7,1,92
2495,7,1,92
2496,7,1,92
2497,7,1,92
2498,7,1,92
2499,7,1,92
2500,7,1,92
2501,7,1,92
2502,7,1,92
2503,7,1,92
2504,7,1,92
2505,7,1,92
2506,7,1,92
2507,7,1,92
2508,7,1,92
2509,7,1,92
2510,7,1,92
2511,7,1,92
2512,7,1,92
2513,7,1,92
2514,7,1,92
2515,7,1,92
2516,7,1,92
2517,7,1,92
2518,7,1,92
2519,7,1,92
2520,7,1,92
2521,7,1,92
2522,7,1,92
2523,7,1,92
2524,7,1,92
2525,7,1,92
2526,7,1,92
2527,7,1,92
2528,7,1,92
2529,7,1,92
2530,7,1,92
2531,7,1,92
2532,7,1,92
2533,7,1,92
2534,7,1,92
2535,7,1,92
2536,7,1,92
2537,7,1,92
2538,7,1,92
2539,7,1,92
2540,7,1,92
2541,7,1,92
2542,7,1,92
2543,7,1,92
2544,7,1,92
2545,7,1,92
2546,7,1,92
2547,7,1,92
2548,7,1,92
2549,7,1,92
2550,7,1,92
2551,7,1,92
2552,7,1,92
2553,7,1,92
2554,7,1,92
2555,7,1,92
2556,7,1,92
2557,7,1,92
2558,7,1,92
2559,7,1,92
2560,7,1,92
2561,7,1,92
2562,7,1,92
2563,7,1,92
2564,7,1,92
2565,7,1,92
2566,7,1,92
2567,7,1,92
2568,7,1,92
2569,7,1,92
2570,7,1,92
2571,7,0,93
2572,7,0,93
2573,7,0,93
2574,7,0,93
2575,7,0,93
2576,7,0,93
2577,7,0,93
2578,7,0,93
2579,7,0,93
2580,7,0,93
2581,7,0,93
2582,7,0,93
2583,7,0,93
2584,7,0,93
2585,7,0,93
2586,7,0,93
2587,7,0,93
2588,7,0,93
2589,7,0,93
2590,7,0,93
2591,7,0,93
2592,7,0,93
2593,7,0,93
2594,7,0,93
2595,7,0,93
2596,7,0,93
2597,7,0,93
2598,7,0,93
2599,7,0,93
2600,7,0,93
2601,7,0,93
2602,7,0,93
2603,7,0,93
2604,6,1,93
2605,6,1,93
2606,6,1,93
2607,6,1,93
2608,6,1,93
2609,6,1,93
2610,6,1,93
2611,6,1,93
2612,6,1,93
2613,6,1,93
2614,6,1,93
2615,6,1,93
2616,6,1,93
2617,6,1,93
2618,6,1,93
2619,6,1,93
2620,6,1,93
2621,6,1,93
2622,6,1,93
2623,6,1,93
2624,6,1,93
2625,6,1,93
2626,6,1,93
2627,6,1,93
2628,6,1,93
2629,6,1,93
2630,6,1,93
2631,6,1,93
2632,6,1,93
2633,6,1,93
2634,6,1,93
2635,6,1,93
2636,6,1,93
2637,6,1,93
2638,6,1,93
2639,6,0,94
2640,6,0,94
2641,5,1,94
2642,5,1,94
2643,5,1,94
2644,5,1,94
2645,5,1,94
2646,5,1,94
2647,5,1,94
2648,5,1,94
2649,5,1,94
2650,5,1,94
2651,5,1,94
2652,5,1,94
2653,5,1,94
2654,5,1,94
2655,5,1,94
2656,5,1,94
2657,5,1,94
2658,5,1,94
2659,5,1,94
2660,5,1,94
2661,5,1,94
2662,5,1,94
2663,5,1,94
2664,5,1,94
2665,5,1,94
2666,5,1,94
2667,5,1,94
2668,5,1,94
2669,5,1,94
2670,5,1,94
2671,5,1,94
2672,5,1,94
2673,5,1,94
2674,5,1,94
2675,5,1,94
2676,5,1,94
2677,5,1,94
2678,5,1,94
2679,5,1,94
2680,5,1,94
2681,5,1,94
2682,5,1,94
2683,5,1,94
2684,5,1,94
2685,5,1,94
2686,5,1,94
2687,5,1,94
2688,5,1,94
2689,5,1,94
2690,5,1,94
2691,5,1,94
2692,5,1,94
2693,5,1,94
2694,5,1,94
2695,5,1,94
2696,5,1,94
2697,5,1,94
2698,5,1,94
2699,5,1,94
2700,5,1,94
2701,5,0,95
2702,5,0,95
2703,5,0,95
2704,5,0,95
2705,5,0,95
2706,5,0,95
2707,5,0,95
2708,5,0,95
2709,5,0,95
2710,5,0,95
2711,5,0,95
2712,5,0,95
2713,5,0,95
2714,5,0,95
2715,5,0,95
2716,5,0,95
2717,5,0,95
2718,5,0,95
2719,5,0,95
2720,5,0,95
2721,5,0,95
2722,5,0,95
2723,5,0,95
2724,5,0,95
2725,5,0,95
2726,5,0,95
2727,5,0,95
2728,5,0,95
2729,5,0,95
2730,5,0,95
2731,5,0,95
2732,5,0,95
2733,5,0,95
2734,5,0,95
2735,5,0,95
2736,5,0,95
2737,5,0,95
2738,5,0,95
2739,5,0,95
2740,5,0,95
2741,5,0,95
2742,5,0,95
2743,5,0,95
2744,5,0,95
2745,5,0,95
2746,5,0,95
2747,5,0,95
2748,5,0,95
2749,5,0,95
2750,5,0,95
2751,5,0,95
2752,5,0,95
2753,5,0,95
2754,5,0,95
2755,5,0,95
2756,5,0,95
2757,5,0,95
2758,5,0,95
2759,5,0,95
2760,5,0,95
2761,5,0,95
2762,5,0,95
2763,5,0,95
2764,5,0,95
2765,5,0,95
2766,5,0,95
2767,5,0,95
2768,5,0,95
2769,5,0,95
2770,5,0,95
2771,5,0,95
2772,5,0,95
2773,5,0,95
2774,5,0,95
2775,5,0,95
2776,5,0,95
2777,5,0,95
2778,5,0,95
2779,5,0,95
2780,5,0,95
2781,5,0,95
2782,5,0,95
2783,5,0,95
2784,5,0,95
2785,5,0,95
2786,5,0,95
2787,5,0,95
2788,5,0,95
2789,5,0,95
2790,5,0,95
2791,5,0,95
2792,5,0,95
2793,5,0,95
2794,5,0,95
2795,5,0,95
2796,5,0,95
2797,5,0,95
2798,5,0,95
2799,5,0,95
2800,5,0,95
2801,5,0,95
2802,5,0,95
2803,5,0,95
2804,5,0,95
2805,5,0,95
2806,5,0,95
2807,5,0,95
2808,5,0,95
2809,5,0,95
2810,5,0,95
2811,5,0,95
2812,5,0,95
2813,5,0,95
2814,5,0,95
2815,5,0,95
2816,5,0,95
2817,5,0,95
2818,5,0,95
2819,5,0,95
2820,5,0,95
2821,5,0,95
2822,5,0,95
2823,5,0,95
2824,5,0,95
2825,5,0,95
2826,5,0,95
2827,5,0,95
2828,5,0,95
2829,5,0,95
2830,5,0,95
2831,5,0,95
2832,5,0,95
2833,5,0,95
2834,5,0,95
2835,5,0,95
2836,5,0,95
2837,5,0,95
2838,5,0,95
2839,5,0,95
2840,5,0,95
2841,5,0,95
2842,5,0,95
2843,5,0,95
2844,5,0,95
2845,5,0,95
2846,5,0,95
2847,5,0,95
2848,5,0,95
2849,5,0,95
2850,5,0,95
2851,5,0,95
2852,5,0,95
2853,5,0,95
2854,5,0,95
2855,5,0,95
2856,5,0,95
2857,5,0,95
2858,5,0,95
2859,5,0,95
2860,5,0,95
2861,5,0,95
2862,5,0,95
2863,5,0,95
2864,5,0,95
2865,5,0,95
2866,5,0,95
2867,5,0,95
2868,5,0,95
2869,5,0,95
2870,5,0,95
2871,5,0,95
2872,5,0,95
2873,5,0,95
2874,5,0,95
2875,5,0,95
2876,5,0,95
2877,5,0,95
2878,5,0,95
2879,5,0,95
2880,5,0,95
2881,5,0,95
2882,5,0,95
2883,5,0,95
2884,5,0,95
2885,5,0,95
2886,5,0,95
2887,5,0,95
2888,5,0,95
2889,5,0,95
2890,5,0,95
2891,5,0,95
2892,5,0,95
2893,5,0,95
2894,5,0,95
2895,5,0,95
2896,5,0,95
2897,5,0,95
2898,5,0,95
2899,5,0,95
2900,5,0,95
2901,5,0,95
2902,5,0,95
2903,5,0,95
2904,5,0,95
2905,5,0,95
2906,5,0,95
2907,5,0,95
2908,5,0,95
2909,5,0,95
2910,5,0,95
2911,5,0,95
2912,5,0,95
2913,5,0,95
2914,5,0,95
2915,5,0,95
2916,5,0,95
2917,5,0,95
2918,5,0,95
2919,5,0,95
2920,5,0,95
2921,5,0,95
2922,5,0,95
2923,5,0,95
2924,5,0,95
2925,5,0,95
2926,5,0,95
2927,5,0,95
2928,5,0,95
2929,5,0,95
2930,5,0,95
2931,5,0,95
2932,5,0,95
2933,5,0,95
2934,5,0,95
2935,5,0,95
2936,5,0,95
2937,5,0,95
2938,5,0,95
2939,5,0,95
2940,5,0,95
2941,5,0,95
2942,5,0,95
2943,5,0,95
2944,5,0,95
2945,5,0,95
2946,5,0,95
2947,5,0,95
2948,5,0,95
2949,5,0,95
2950,5,0,95
2951,5,0,95
2952,5,0,95
2953,5,0,95
2954,5,0,95
2955,5,0,95
2956,5,0,95
2957,5,0,95
2958,5,0,95
2959,5,0,95
2960,5,0,95
2961,5,0,95
2962,5,0,95
2963,5,0,95
2964,5,0,95
2965,5,0,95
2966,5,0,95
2967,5,0,95
2968,5,0,95
2969,5,0,95
2970,5,0,95
2971,5,0,95
2972,5,0,95
2973,5,0,95
2974,5,0,95
2975,5,0,95
2976,5,0,95
2977,5,0,95
2978,5,0,95
2979,5,0,95
2980,5,0,95
2981,5,0,95
2982,5,0,95
2983,5,0,95
2984,5,0,95
2985,5,0,95
2986,5,0,95
2987,5,0,95
2988,5,0,95
2989,5,0,95
2990,5,0,95
2991,5,0,95
2992,5,0,95
2993,5,0,95
2994,5,0,95
2995,5,0,95
2996,5,0,95
2997,5,0,95
2998,5,0,95
2999,5,0,95
3000,5,0,95
