Time,Healthy,Undetectable,Detectable
0,100,0,0
1,100,0,0
2,100,0,0
3,100,0,0
4,100,0,0
5,100,0,0
6,100,0,0
7,100,0,0
8,100,0,0
9,100,0,0
10,100,0,0
11,100,0,0
12,100,0,0
13,100,0,0
14,100,0,0
15,100,0,0
16,100,0,0
17,100,0,0
18,100,0,0
19,100,0,0
20,100,0,0
21,100,0,0
22,100,0,0
23,100,0,0
24,100,0,0
25,100,0,0
26,100,0,0
27,100,0,0
28,100,0,0
29,100,0,0
30,100,0,0
31,100,0,0
32,100,0,0
33,100,0,0
34,100,0,0
35,100,0,0
36,100,0,0
37,100,0,0
38,100,0,0
39,100,0,0
40,100,0,0
41,100,0,0
42,100,0,0
43,100,0,0
44,100,0,0
45,100,0,0
46,100,0,0
47,100,0,0
48,100,0,0
49,100,0,0
50,100,0,0
51,100,0,0
52,100,0,0
53,100,0,0
54,100,0,0
55,100,0,0
56,100,0,0
57,100,0,0
58,100,0,0
59,100,0,0
60,100,0,0
61,100,0,0
62,100,0,0
63,100,0,0
64,100,0,0
65,100,0,0
66,100,0,0
67,100,0,0
68,100,0,0
69,100,0,0
70,100,0,0
71,100,0,0
72,100,0,0
73,100,0,0
74,100,0,0
75,100,0,0
76,100,0,0
77,100,0,0
78,100,0,0
79,100,0,0
80,100,0,0
81,100,0,0
82,100,0,0
83,100,0,0
84,100,0,0
85,100,0,0
86,100,0,0
87,100,0,0
88,100,0,0
89,100,0,0
90,100,0,0
91,100,0,0
92,100,0,0
93,100,0,0
94,100,0,0
95,100,0,0
96,100,0,0
97,100,0,0
98,100,0,0
99,100,0,0
100,100,0,0
101,100,0,0
102,100,0,0
103,100,0,0
104,100,0,0
105,100,0,0
106,100,0,0
107,100,0,0
108,100,0,0
109,100,0,0
110,100,0,0
111,100,0,0
112,100,0,0
113,100,0,0
114,100,0,0
115,100,0,0
116,100,0,0
117,100,0,0
118,100,0,0
119,100,0,0
120,100,0,0
121,100,0,0
122,100,0,0
123,100,0,0
124,100,0,0
125,100,0,0
126,100,0,0
127,100,0,0
128,100,0,0
129,100,0,0
130,100,0,0
131,100,0,0
132,100,0,0
133,100,0,0
134,100,0,0
135,100,0,0
136,100,0,0
137,100,0,0
138,100,0,0
139,100,0,0
140,100,0,0
141,100,0,0
142,100,0,0
143,100,0,0
144,100,0,0
145,100,0,0
146,100,0,0
147,100,0,0
148,100,0,0
149,100,0,0
150,100,0,0
151,100,0,0
152,100,0,0
153,100,0,0
154,100,0,0
155,100,0,0
156,100,0,0
157,100,0,0
158,100,0,0
159,100,0,0
160,100,0,0
161,100,0,0
162,100,0,0
163,100,0,0
164,100,0,0
165,100,0,0
166,100,0,0
167,100,0,0
168,100,0,0
169,100,0,0
170,100,0,0
171,100,0,0
172,100,0,0
173,100,0,0
174,100,0,0
175,100,0,0
176,100,0,0
177,100,0,0
178,100,0,0
179,100,0,0
180,100,0,0
181,100,0,0
182,100,0,0
183,100,0,0
184,100,0,0
185,100,0,0
186,100,0,0
187,100,0,0
188,100,0,0
189,100,0,0
190,100,0,0
191,100,0,0
192,100,0,0
193,100,0,0
194,100,0,0
195,100,0,0
196,100,0,0
197,100,0,0
198,100,0,0
199,100,0,0
200,100,0,0
201,100,0,0
202,100,0,0
203,100,0,0
204,100,0,0
205,100,0,0
206,100,0,0
207,100,0,0
208,100,0,0
209,100,0,0
210,100,0,0
211,100,0,0
212,100,0,0
213,100,0,0
214,100,0,0
215,100,0,0
216,100,0,0
217,100,0,0
218,100,0,0
219,100,0,0
220,100,0,0
221,100,0,0
222,100,0,0
223,100,0,0
224,100,0,0
225,100,0,0
226,100,0,0
227,100,0,0
228,100,0,0
229,100,0,0
230,100,0,0
231,100,0,0
232,100,0,0
233,100,0,0
234,100,0,0
235,100,0,0
236,100,0,0
237,100,0,0
238,100,0,0
239,100,0,0
240,100,0,0
241,100,0,0
242,100,0,0
243,100,0,0
244,100,0,0
245,100,0,0
246,100,0,0
247,100,0,0
248,100,0,0
249,100,0,0
250,100,0,0
251,100,0,0
252,100,0,0
253,100,0,0
254,100,0,0
255,100,0,0
256,100,0,0
257,100,0,0
258,100,0,0
259,100,0,0
260,100,0,0
261,100,0,0
262,100,0,0
263,100,0,0
264,99,1,0
265,99,1,0
266,99,1,0
267,99,1,0
268,99,1,0
269,99,1,0
270,99,1,0
271,99,1,0
272,99,1,0
273,99,1,0
274,99,1,0
275,99,1,0
276,99,1,0
277,99,1,0
278,99,1,0
279,99,1,0
280,99,1,0
281,99,1,0
282,99,0,1
283,99,0,1
284,99,0,1
285,99,0,1
286,99,0,1
287,99,0,1
288,99,0,1
289,99,0,1
290,99,0,1
291,99,0,1
292,99,0,1
293,99,0,1
294,99,0,1
295,99,0,1
296,99,0,1
297,99,0,1
298,99,0,1
299,99,0,1
300,99,0,1
301,99,0,1
302,99,0,1
303,99,0,1
304,99,0,1
305,99,0,1
306,99,0,1
307,99,0,1
308,99,0,1
309,99,0,1
310,99,0,1
311,98,1,1
312,98,1,1
313,98,1,1
314,98,1,1
315,98,1,1
316,98,1,1
317,98,1,1
318,98,1,1
319,98,1,1
320,98,1,1
321,98,1,1
322,98,1,1
323,98,1,1
324,98,1,1
325,98,1,1
326,98,1,1
327,98,1,1
328,98,1,1
329,97,2,1
330,97,2,1
331,97,2,1
332,97,2,1
333,96,3,1
334,96,3,1
335,96,3,1
336,96,3,1
337,96,3,1
338,96,3,1
339,96,2,2
340,96,2,2
341,96,2,2
342,96,2,2
343,96,2,2
344,96,2,2
345,96,1,3
346,96,1,3
347,96,1,3
348,96,1,3
349,96,1,3
350,96,1,3
351,96,1,3
352,96,1,3
353,96,1,3
354,96,1,3
355,96,1,3
356,96,1,3
357,96,1,3
358,96,1,3
359,96,1,3
360,96,1,3
361,96,1,3
362,96,1,3
363,96,1,3
364,96,1,3
365,96,1,3
366,96,1,3
367,96,1,3
368,96,1,3
369,96,1,3
370,96,1,3
371,96,1,3
372,96,1,3
373,96,1,3
374,95,2,3
375,95,2,3
376,95,2,3
377,95,2,3
378,95,2,3
379,95,2,3
380,95,2,3
381,95,2,3
382,95,2,3
383,95,2,3
384,95,2,3
385,95,2,3
386,94,3,3
387,94,3,3
388,94,3,3
389,94,3,3
390,94,3,3
391,94,3,3
392,94,3,3
393,94,3,3
394,94,2,4
395,94,2,4
396,94,2,4
397,94,2,4
398,94,2,4
399,94,2,4
400,94,2,4
401,94,2,4
402,94,2,4
403,94,2,4
404,94,1,5
405,94,1,5
406,94,1,5
407,94,1,5
408,94,1,5
409,94,1,5
410,94,1,5
411,94,1,5
412,94,1,5
413,94,1,5
414,94,1,5
415,94,1,5
416,94,1,5
417,93,2,5
418,93,2,5
419,93,2,5
420,93,2,5
421,93,2,5
422,93,2,5
423,92,3,5
424,92,3,5
425,92,3,5
426,92,3,5
427,92,3,5
428,92,3,5
429,92,2,6
430,92,2,6
431,92,2,6
432,92,2,6
433,92,2,6
434,91,3,6
435,91,3,6
436,91,3,6
437,91,3,6
438,90,4,6
439,90,4,6
440,90,4,6
441,90,3,7
442,90,3,7
443,90,2,8
444,90,2,8
445,89,3,8
446,89,3,8
447,89,3,8
448,89,3,8
449,89,3,8
450,89,3,8
451,89,3,8
452,88,4,8
453,88,4,8
454,88,4,8
455,87,5,8
456,87,5,8
457,87,5,8
458,87,4,9
459,87,4,9
460,87,4,9
461,87,4,9
462,87,4,9
463,87,4,9
464,87,4,9
465,87,4,9
466,87,4,9
467,87,4,9
468,87,4,9
469,87,4,9
470,87,4,9
471,87,4,9
472,87,4,9
473,87,4,9
474,87,4,9
475,87,4,9
476,87,4,9
477,87,4,9
478,87,4,9
479,87,4,9
480,87,4,9
481,87,4,9
482,87,4,9
483,87,4,9
484,87,4,9
485,87,3,10
486,87,3,10
487,87,3,10
488,87,3,10
489,87,3,10
490,87,3,10
491,87,3,10
492,87,3,10
493,87,3,10
494,87,3,10
495,87,3,10
496,87,3,10
497,87,2,11
498,87,2,11
499,87,2,11
500,87,2,11
501,87,2,11
502,87,2,11
503,87,2,11
504,87,2,11
505,87,2,11
506,87,2,11
507,87,1,12
508,87,1,12
509,87,1,12
510,87,1,12
511,87,1,12
512,87,1,12
513,87,1,12
514,87,1,12
515,87,1,12
516,87,1,12
517,86,2,12
518,85,3,12
519,85,3,12
520,85,3,12
521,85,3,12
522,85,3,12
523,85,3,12
524,85,2,13
525,85,2,13
526,84,3,13
527,84,3,13
528,84,3,13
529,84,3,13
530,84,3,13
531,84,3,13
532,84,3,13
533,84,3,13
534,83,4,13
535,83,4,13
536,83,4,13
537,83,4,13
538,83,4,13
539,83,4,13
540,83,4,13
541,83,4,13
542,83,4,13
543,82,4,14
544,82,4,14
545,82,4,14
546,81,5,14
547,81,5,14
548,81,5,14
549,81,5,14
550,81,4,15
551,81,4,15
552,81,4,15
553,81,4,15
554,81,4,15
555,80,5,15
556,79,6,15
557,78,7,15
558,78,7,15
559,78,7,15
560,78,7,15
561,78,7,15
562,78,7,15
563,78,7,15
564,77,8,15
565,77,8,15
566,77,7,16
567,77,6,17
568,76,7,17
569,76,7,17
570,76,7,17
571,75,7,18
572,74,8,18
573,73,9,18
574,73,9,18
575,73,9,18
576,73,9,18
577,73,9,18
578,73,9,18
579,72,9,19
580,72,8,20
581,72,8,20
582,72,8,20
583,72,8,20
584,72,8,20
585,72,8,20
586,72,8,20
587,72,8,20
588,72,8,20
589,72,8,20
590,72,8,20
591,72,8,20
592,72,8,20
593,72,8,20
594,72,8,20
595,72,7,21
596,72,7,21
597,72,7,21
598,72,7,21
599,72,7,21
600,72,7,21
601,72,7,21
602,72,7,21
603,72,7,21
604,71,8,21
605,71,8,21
606,70,9,21
607,70,9,21
608,70,9,21
609,70,8,22
610,70,8,22
611,69,9,22
612,69,9,22
613,69,9,22
614,69,9,22
615,69,8,23
616,69,8,23
617,69,8,23
618,68,7,25
619,68,7,25
620,67,8,25
621,67,8,25
622,67,8,25
623,67,8,25
624,67,7,26
625,67,6,27
626,67,6,27
627,67,6,27
628,67,6,27
629,67,6,27
630,66,7,27
631,66,7,27
632,65,8,27
633,65,8,27
634,65,8,27
635,65,8,27
636,65,8,27
637,65,8,27
638,65,8,27
639,65,8,27
640,65,8,27
641,65,8,27
642,65,8,27
643,65,8,27
644,65,8,27
645,65,8,27
646,65,8,27
647,64,9,27
648,64,9,27
649,64,9,27
650,64,9,27
651,64,9,27
652,64,9,27
653,64,9,27
654,64,9,27
655,64,9,27
656,64,9,27
657,64,9,27
658,64,9,27
659,63,10,27
660,63,9,28
661,63,9,28
662,63,8,29
663,63,8,29
664,63,8,29
665,63,7,30
666,63,7,30
667,63,7,30
668,63,7,30
669,63,7,30
670,63,6,31
671,63,6,31
672,63,6,31
673,63,6,31
674,63,6,31
675,63,6,31
676,63,6,31
677,62,7,31
678,62,7,31
679,62,7,31
680,62,6,32
681,62,5,33
682,62,5,33
683,62,5,33
684,62,5,33
685,61,6,33
686,61,6,33
687,61,6,33
688,61,6,33
689,61,6,33
690,61,6,33
691,61,6,33
692,61,6,33
693,61,6,33
694,60,6,34
695,60,6,34
696,59,7,34
697,59,7,34
698,59,7,34
699,59,6,35
700,59,6,35
701,59,6,35
702,59,6,35
703,59,6,35
704,59,6,35
705,59,6,35
706,59,6,35
707,58,7,35
708,58,7,35
709,58,7,35
710,57,8,35
711,57,8,35
712,56,9,35
713,56,9,35
714,56,9,35
715,56,9,35
716,56,9,35
717,56,8,36
718,56,7,37
719,56,7,37
720,55,7,38
721,55,7,38
722,55,7,38
723,55,7,38
724,55,6,39
725,55,5,40
726,54,6,40
727,53,7,40
728,52,8,40
729,51,9,40
730,50,9,41
731,50,9,41
732,50,9,41
733,50,9,41
734,49,10,41
735,49,9,42
736,49,8,43
737,49,8,43
738,49,8,43
739,49,8,43
740,48,9,43
741,48,8,44
742,48,7,45
743,48,7,45
744,48,7,45
745,48,7,45
746,48,7,45
747,48,6,46
748,48,6,46
749,48,6,46
750,48,5,47
751,48,5,47
752,48,5,47
753,48,5,47
754,48,4,48
755,48,4,48
756,48,4,48
757,48,4,48
758,47,5,48
759,47,5,48
760,47,5,48
761,47,5,48
762,47,5,48
763,47,5,48
764,47,4,49
765,47,4,49
766,47,4,49
767,47,4,49
768,47,4,49
769,47,4,49
770,47,4,49
771,47,4,49
772,47,4,49
773,47,4,49
774,46,5,49
775,45,6,49
776,45,6,49
777,45,6,49
778,45,6,49
779,45,5,50
780,45,5,50
781,44,6,50
782,44,5,51
783,44,5,51
784,44,5,51
785,44,5,51
786,44,5,51
787,44,5,51
788,44,5,51
789,44,5,51
790,44,5,51
791,44,5,51
792,43,5,52
793,43,5,52
794,43,5,52
795,43,4,53
796,43,4,53
797,43,4,53
798,43,3,54
799,43,3,54
800,43,2,55
801,43,2,55
802,43,2,55
803,43,2,55
804,43,2,55
805,42,3,55
806,42,3,55
807,42,3,55
808,42,3,55
809,42,3,55
810,42,3,55
811,42,3,55
812,42,3,55
813,42,3,55
814,41,4,55
815,41,4,55
816,41,4,55
817,41,4,55
818,41,4,55
819,41,4,55
820,41,4,55
821,40,4,56
822,40,4,56
823,40,4,56
824,40,4,56
825,40,3,57
826,40,3,57
827,39,4,57
828,39,4,57
829,39,4,57
830,39,4,57
831,39,4,57
832,39,4,57
833,39,3,58
834,39,2,59
835,38,3,59
836,38,3,59
837,38,3,59
838,38,3,59
839,38,2,60
840,38,1,61
841,37,2,61
842,37,2,61
843,37,2,61
844,37,2,61
845,37,2,61
846,37,2,61
847,37,2,61
848,37,2,61
849,37,2,61
850,37,2,61
851,37,2,61
852,37,1,62
853,37,1,62
854,37,1,62
855,37,1,62
856,37,1,62
857,37,1,62
858,37,1,62
859,36,2,62
860,35,3,62
861,34,4,62
862,34,4,62
863,34,4,62
864,34,3,63
865,34,3,63
866,34,3,63
867,33,4,63
868,33,4,63
869,30,6,64
870,29,7,64
871,29,7,64
872,29,7,64
873,29,7,64
874,29,7,64
875,29,7,64
876,29,7,64
877,29,7,64
878,29,7,64
879,29,7,64
880,29,7,64
881,29,7,64
882,29,7,64
883,29,7,64
884,29,7,64
885,29,7,64
886,28,8,64
887,28,8,64
888,28,8,64
889,28,8,64
890,28,8,64
891,28,8,64
892,28,7,65
893,28,7,65
894,28,7,65
895,27,7,66
896,25,7,68
897,25,7,68
898,25,7,68
899,25,7,68
900,25,7,68
901,25,7,68
902,25,7,68
903,25,7,68
904,25,7,68
905,25,7,68
906,25,7,68
907,24,8,68
908,24,8,68
909,24,8,68
910,23,9,68
911,23,9,68
912,23,9,68
913,22,10,68
914,22,10,68
915,22,10,68
916,22,10,68
917,22,10,68
918,22,10,68
919,22,10,68
920,22,8,70
921,21,9,70
922,21,8,71
923,21,8,71
924,21,8,71
925,21,8,71
926,21,8,71
927,21,8,71
928,21,8,71
929,21,8,71
930,21,8,71
931,21,8,71
932,21,8,71
933,21,8,71
934,21,8,71
935,21,8,71
936,21,8,71
937,21,8,71
938,21,8,71
939,21,8,71
940,21,7,72
941,21,7,72
942,21,7,72
943,21,7,72
944,21,7,72
945,21,6,73
946,21,6,73
947,21,6,73
948,21,6,73
949,21,6,73
950,21,6,73
951,21,6,73
952,21,6,73
953,21,6,73
954,21,6,73
955,21,4,75
956,21,4,75
957,21,4,75
958,21,4,75
959,21,4,75
960,21,4,75
961,21,3,76
962,21,3,76
963,21,3,76
964,21,3,76
965,21,3,76
966,21,3,76
967,21,3,76
968,21,3,76
969,21,3,76
970,21,3,76
971,21,3,76
972,21,3,76
973,21,3,76
974,21,3,76
975,20,4,76
976,20,4,76
977,20,4,76
978,20,4,76
979,20,4,76
980,20,4,76
981,20,4,76
982,20,4,76
983,20,4,76
984,20,4,76
985,19,5,76
986,19,5,76
987,19,5,76
988,19,4,77
989,19,4,77
990,19,4,77
991,19,4,77
992,19,4,77
993,19,4,77
994,19,4,77
995,19,4,77
996,19,4,77
997,19,4,77
998,18,5,77
999,18,5,77
1000,18,4,78
1001,17,5,78
1002,17,5,78
