Time,Healthy,Undetectable,Detectable
0,100,0,0
1,100,0,0
2,100,0,0
3,100,0,0
4,100,0,0
5,100,0,0
6,100,0,0
7,99,1,0
8,99,1,0
9,99,1,0
10,99,1,0
11,99,1,0
12,99,0,1
13,99,0,1
14,98,1,1
15,98,1,1
16,98,1,1
17,97,2,1
18,96,3,1
19,96,3,1
20,96,3,1
21,96,3,1
22,96,2,2
23,96,2,2
24,96,2,2
25,96,2,2
26,96,1,3
27,96,1,3
28,96,1,3
29,96,1,3
30,96,1,3
31,95,2,3
32,94,3,3
33,94,3,3
34,93,4,3
35,93,3,4
36,92,4,4
37,92,4,4
38,92,4,4
39,92,4,4
40,92,4,4
41,92,4,4
42,92,4,4
43,92,4,4
44,92,4,4
45,92,4,4
46,92,4,4
47,92,4,4
48,92,4,4
49,92,4,4
50,92,4,4
51,92,4,4
52,92,4,4
53,92,4,4
54,92,4,4
55,92,3,5
56,92,3,5
57,92,3,5
58,92,3,5
59,92,3,5
60,92,3,5
61,92,3,5
62,92,3,5
63,92,3,5
64,92,3,5
65,92,3,5
66,92,3,5
67,92,3,5
68,92,3,5
69,92,3,5
70,92,3,5
71,92,3,5
72,92,3,5
73,92,3,5
74,91,4,5
75,91,4,5
76,91,4,5
77,90,5,5
78,90,5,5
79,90,5,5
80,90,5,5
81,90,5,5
82,90,5,5
83,90,5,5
84,90,5,5
85,90,5,5
86,90,5,5
87,89,6,5
88,89,5,6
89,88,6,6
90,87,7,6
91,87,7,6
92,86,8,6
93,86,7,7
94,86,7,7
95,86,7,7
96,86,7,7
97,86,7,7
98,86,7,7
99,86,6,8
100,86,6,8
101,85,7,8
102,85,7,8
103,85,7,8
104,84,8,8
105,84,8,8
106,83,9,8
107,83,9,8
108,83,9,8
109,82,9,9
110,82,9,9
111,81,9,10
112,81,9,10
113,81,9,10
114,81,9,10
115,81,9,10
116,81,8,11
117,81,8,11
118,81,8,11
119,81,8,11
120,81,8,11
121,81,8,11
122,81,8,11
123,81,8,11
124,80,9,11
125,80,8,12
126,80,8,12
127,80,8,12
128,80,8,12
129,80,8,12
130,80,8,12
131,80,8,12
132,80,6,14
133,80,6,14
134,80,6,14
135,80,6,14
136,80,6,14
137,79,7,14
138,79,7,14
139,79,6,15
140,79,6,15
141,79,6,15
142,79,6,15
143,79,6,15
144,79,6,15
145,79,6,15
146,79,6,15
147,78,7,15
148,78,7,15
149,78,7,15
150,78,6,16
151,78,6,16
152,78,6,16
153,78,6,16
154,78,6,16
155,78,6,16
156,78,6,16
157,78,6,16
158,78,6,16
159,78,6,16
160,78,6,16
161,78,6,16
162,78,6,16
163,78,6,16
164,78,6,16
165,78,6,16
166,78,6,16
167,77,7,16
168,77,7,16
169,77,6,17
170,76,7,17
171,76,7,17
172,76,7,17
173,76,7,17
174,76,7,17
175,76,7,17
176,76,7,17
177,76,6,18
178,76,6,18
179,76,6,18
180,76,6,18
181,76,5,19
182,76,5,19
183,76,5,19
184,76,4,20
185,76,4,20
186,76,4,20
187,76,4,20
188,76,4,20
189,76,4,20
190,76,4,20
191,76,4,20
192,76,4,20
193,76,4,20
194,75,5,20
195,75,5,20
196,74,6,20
197,73,7,20
198,73,7,20
199,72,8,20
200,72,8,20
201,72,8,20
202,71,9,20
203,71,9,20
204,71,8,21
205,71,8,21
206,71,7,22
207,71,7,22
208,71,7,22
209,71,7,22
210,71,7,22
211,71,7,22
212,71,7,22
213,70,8,22
214,70,7,23
215,69,8,23
216,69,7,24
217,67,9,24
218,66,10,24
219,66,10,24
220,66,10,24
221,66,10,24
222,66,10,24
223,66,10,24
224,66,9,25
225,66,8,26
226,66,8,26
227,66,8,26
228,66,8,26
229,66,8,26
230,66,8,26
231,66,8,26
232,65,9,26
233,65,8,27
234,65,8,27
235,64,9,27
236,64,9,27
237,63,9,28
238,63,8,29
239,63,8,29
240,63,8,29
241,63,7,30
242,63,6,31
243,63,6,31
244,63,6,31
245,63,6,31
246,62,7,31
247,62,7,31
248,62,7,31
249,61,8,31
250,61,8,31
251,61,8,31
252,61,7,32
253,61,7,32
254,61,7,32
255,61,7,32
256,61,7,32
257,61,7,32
258,61,6,33
259,60,7,33
260,60,7,33
261,60,6,34
262,59,7,34
263,59,7,34
264,57,9,34
265,57,9,34
266,56,10,34
267,54,12,34
268,54,12,34
269,54,12,34
270,54,12,34
271,54,12,34
272,54,12,34
273,54,12,34
274,54,11,35
275,54,11,35
276,54,9,37
277,54,9,37
278,54,9,37
279,54,8,38
280,54,8,38
281,54,8,38
282,54,8,38
283,54,8,38
284,54,8,38
285,54,8,38
286,54,8,38
287,54,8,38
288,54,8,38
289,54,8,38
290,54,8,38
291,54,8,38
292,54,8,38
293,54,7,39
294,54,7,39
295,54,6,40
296,54,6,40
297,54,5,41
298,53,5,42
299,53,5,42
300,53,5,42
301,52,6,42
302,52,6,42
303,52,6,42
304,52,6,42
305,52,6,42
306,52,6,42
307,52,6,42
308,51,7,42
309,48,10,42
310,48,9,43
311,48,9,43
312,48,9,43
313,48,9,43
314,47,10,43
315,47,10,43
316,47,10,43
317,47,10,43
318,47,10,43
319,47,10,43
320,47,9,44
321,47,7,46
322,47,7,46
323,47,7,46
324,45,9,46
325,45,9,46
326,45,9,46
327,45,9,46
328,44,10,46
329,44,10,46
330,44,10,46
331,44,10,46
332,44,10,46
333,44,10,46
334,44,10,46
335,44,9,47
336,44,9,47
337,44,9,47
338,44,9,47
339,44,9,47
340,44,9,47
341,43,10,47
342,43,10,47
343,43,10,47
344,43,10,47
345,43,10,47
346,43,10,47
347,43,10,47
348,43,9,48
349,43,9,48
350,43,9,48
351,43,9,48
352,42,10,48
353,42,10,48
354,42,10,48
355,42,10,48
356,42,10,48
357,42,10,48
358,42,10,48
359,42,10,48
360,42,10,48
361,42,10,48
362,42,10,48
363,42,10,48
364,42,10,48
365,42,10,48
366,42,10,48
367,41,11,48
368,41,11,48
369,41,10,49
370,41,10,49
371,41,9,50
372,41,9,50
373,41,8,51
374,40,9,51
375,40,9,51
376,40,9,51
377,39,10,51
378,39,9,52
379,39,8,53
380,39,7,54
381,39,7,54
382,39,7,54
383,39,7,54
384,39,6,55
385,39,6,55
386,39,6,55
387,39,6,55
388,39,6,55
389,39,6,55
390,39,6,55
391,39,6,55
392,38,7,55
393,38,7,55
394,38,7,55
395,38,7,55
396,38,6,56
397,38,6,56
398,38,6,56
399,38,6,56
400,38,6,56
401,38,6,56
402,38,6,56
403,38,6,56
404,37,7,56
405,37,6,57
406,37,6,57
407,37,6,57
408,37,5,58
409,37,5,58
410,37,4,59
411,37,4,59
412,36,5,59
413,36,5,59
414,36,5,59
415,36,5,59
416,36,5,59
417,36,5,59
418,36,5,59
419,36,5,59
420,36,5,59
421,36,5,59
422,35,6,59
423,35,6,59
424,35,5,60
425,35,5,60
426,35,5,60
427,35,5,60
428,34,6,60
429,34,6,60
430,34,6,60
431,34,6,60
432,33,7,60
433,33,7,60
434,33,7,60
435,33,6,61
436,33,6,61
437,33,6,61
438,33,6,61
439,33,6,61
440,33,6,61
441,33,6,61
442,33,6,61
443,33,6,61
444,33,6,61
445,33,6,61
446,33,5,62
447,33,5,62
448,33,5,62
449,33,5,62
450,32,6,62
451,32,6,62
452,32,6,62
453,32,6,62
454,32,6,62
455,32,6,62
456,32,5,63
457,32,5,63
458,32,4,64
459,32,4,64
460,32,4,64
461,32,4,64
462,32,4,64
463,32,4,64
464,32,4,64
465,32,4,64
466,32,4,64
467,32,4,64
468,32,4,64
469,32,4,64
470,32,4,64
471,32,4,64
472,32,4,64
473,32,4,64
474,32,3,65
475,32,3,65
476,32,3,65
477,32,3,65
478,32,3,65
479,32,3,65
480,32,3,65
481,32,3,65
482,32,3,65
483,32,3,65
484,32,3,65
485,32,3,65
486,32,3,65
487,32,3,65
488,32,3,65
489,32,2,66
490,32,2,66
491,32,2,66
492,32,2,66
493,32,2,66
494,32,2,66
495,32,2,66
496,32,2,66
497,32,2,66
498,32,2,66
499,32,2,66
500,32,2,66
501,32,2,66
502,32,2,66
503,32,2,66
504,32,2,66
505,32,2,66
506,32,2,66
507,32,2,66
508,32,2,66
509,32,2,66
510,32,2,66
511,32,2,66
512,32,2,66
513,32,2,66
514,32,2,66
515,32,2,66
516,32,2,66
517,32,2,66
518,32,1,67
519,32,1,67
520,31,2,67
521,31,2,67
522,31,2,67
523,31,2,67
524,31,2,67
525,31,2,67
526,31,2,67
527,31,2,67
528,31,2,67
529,31,1,68
530,31,1,68
531,31,1,68
532,31,1,68
533,30,2,68
534,30,2,68
535,29,3,68
536,29,3,68
537,29,3,68
538,29,3,68
539,29,3,68
540,29,3,68
541,29,2,69
542,29,2,69
543,29,2,69
544,29,2,69
545,29,2,69
546,29,2,69
547,29,2,69
548,29,2,69
549,29,2,69
550,29,2,69
551,29,2,69
552,29,2,69
553,29,2,69
554,29,2,69
555,28,3,69
556,28,3,69
557,28,3,69
558,28,3,69
559,28,3,69
560,28,3,69
561,27,4,69
562,27,4,69
563,27,4,69
564,27,4,69
565,27,4,69
566,27,3,70
567,27,3,70
568,27,3,70
569,27,3,70
570,27,3,70
571,27,3,70
572,27,3,70
573,27,3,70
574,27,3,70
575,27,3,70
576,27,3,70
577,27,3,70
578,27,3,70
579,26,4,70
580,26,4,70
581,26,4,70
582,26,4,70
583,26,4,70
584,26,4,70
585,26,4,70
586,26,4,70
587,26,4,70
588,26,4,70
589,26,4,70
590,26,4,70
591,26,4,70
592,26,4,70
593,26,4,70
594,26,4,70
595,26,3,71
596,26,3,71
597,26,2,72
598,26,2,72
599,26,2,72
600,26,2,72
601,26,2,72
602,26,2,72
603,26,2,72
604,26,2,72
605,26,2,72
606,26,2,72
607,26,2,72
608,26,2,72
609,26,2,72
610,26,2,72
611,26,2,72
612,26,2,72
613,26,2,72
614,26,2,72
615,26,2,72
616,26,2,72
617,26,2,72
618,26,2,72
619,26,2,72
620,26,2,72
621,25,3,72
622,25,3,72
623,25,3,72
624,25,3,72
625,25,3,72
626,25,3,72
627,25,3,72
628,25,3,72
629,25,3,72
630,25,3,72
631,25,3,72
632,25,3,72
633,25,3,72
634,25,3,72
635,25,3,72
636,25,3,72
637,25,3,72
638,25,3,72
639,25,3,72
640,24,4,72
641,24,4,72
642,24,4,72
643,24,4,72
644,24,4,72
645,24,4,72
646,24,4,72
647,24,4,72
648,23,5,72
649,23,5,72
650,23,5,72
651,23,5,72
652,23,5,72
653,23,5,72
654,23,5,72
655,23,5,72
656,23,5,72
657,23,5,72
658,23,5,72
659,23,5,72
660,23,5,72
661,23,5,72
662,23,5,72
663,23,5,72
664,23,5,72
665,23,5,72
666,23,5,72
667,23,5,72
668,23,5,72
669,23,5,72
670,23,5,72
671,23,5,72
672,23,5,72
673,23,5,72
674,23,4,73
675,23,4,73
676,23,4,73
677,23,4,73
678,23,4,73
679,23,4,73
680,23,4,73
681,23,4,73
682,23,4,73
683,23,4,73
684,23,4,73
685,23,4,73
686,23,4,73
687,23,4,73
688,23,4,73
689,23,4,73
690,22,5,73
691,22,5,73
692,22,5,73
693,22,5,73
694,22,5,73
695,22,5,73
696,22,5,73
697,22,4,74
698,22,4,74
699,22,4,74
700,22,4,74
701,22,4,74
702,22,3,75
703,22,3,75
704,22,3,75
705,22,2,76
706,22,2,76
707,22,2,76
708,21,3,76
709,21,3,76
710,21,3,76
711,21,3,76
712,21,3,76
713,21,3,76
714,21,3,76
715,21,3,76
716,21,3,76
717,21,3,76
718,21,3,76
719,21,3,76
720,21,3,76
721,21,2,77
722,21,2,77
723,21,2,77
724,21,2,77
725,21,2,77
726,21,2,77
727,21,2,77
728,21,2,77
729,21,2,77
730,21,2,77
731,21,2,77
732,21,2,77
733,21,2,77
734,21,2,77
735,21,2,77
736,21,2,77
737,21,2,77
738,21,2,77
739,21,2,77
740,21,2,77
741,21,2,77
742,21,2,77
743,21,2,77
744,21,2,77
745,21,2,77
746,21,2,77
747,20,3,77
748,20,3,77
749,20,3,77
750,20,3,77
751,20,3,77
752,19,4,77
753,19,3,78
754,19,3,78
755,19,3,78
756,19,2,79
757,19,2,79
758,19,2,79
759,19,2,79
760,19,2,79
761,19,2,79
762,19,2,79
763,19,2,79
764,19,2,79
765,19,2,79
766,19,2,79
767,19,2,79
768,19,2,79
769,19,2,79
770,19,2,79
771,19,2,79
772,19,2,79
773,19,2,79
774,19,2,79
775,19,2,79
776,19,1,80
777,18,2,80
778,18,2,80
779,18,2,80
780,18,2,80
781,18,2,80
782,18,2,80
783,18,2,80
784,18,2,80
785,18,2,80
786,18,2,80
787,18,2,80
788,18,2,80
789,18,1,81
790,18,1,81
791,18,1,81
792,18,1,81
793,18,1,81
794,18,1,81
795,18,1,81
796,18,1,81
797,18,1,81
798,18,1,81
799,18,1,81
800,18,1,81
801,18,1,81
802,18,1,81
803,17,2,81
804,17,2,81
805,17,2,81
806,17,2,81
807,17,2,81
808,17,2,81
809,17,2,81
810,17,1,82
811,17,1,82
812,17,1,82
813,17,1,82
814,17,1,82
815,17,1,82
816,17,1,82
817,17,1,82
818,17,1,82
819,17,1,82
820,17,1,82
821,16,2,82
822,16,2,82
823,16,1,83
824,16,1,83
825,16,1,83
826,16,1,83
827,16,1,83
828,16,1,83
829,16,1,83
830,16,1,83
831,16,1,83
832,16,1,83
833,16,1,83
834,16,1,83
835,16,1,83
836,16,1,83
837,16,1,83
838,16,1,83
839,16,1,83
840,16,1,83
841,16,1,83
842,16,1,83
843,16,1,83
844,16,1,83
845,16,1,83
846,16,1,83
847,15,2,83
848,15,2,83
849,15,2,83
850,15,2,83
851,15,2,83
852,15,2,83
853,15,2,83
854,15,2,83
855,15,1,84
856,15,1,84
857,15,1,84
858,15,1,84
859,15,1,84
860,15,1,84
861,15,1,84
862,15,1,84
863,15,1,84
864,15,1,84
865,15,1,84
866,15,1,84
867,15,1,84
868,15,1,84
869,15,1,84
870,15,1,84
871,15,1,84
872,15,1,84
873,15,1,84
874,15,1,84
875,15,1,84
876,15,1,84
877,15,1,84
878,15,1,84
879,15,1,84
880,15,1,84
881,15,1,84
882,15,1,84
883,15,1,84
884,15,1,84
885,15,1,84
886,14,2,84
887,14,2,84
888,14,2,84
889,14,2,84
890,14,2,84
891,14,2,84
892,14,2,84
893,14,2,84
894,14,2,84
895,14,2,84
896,14,2,84
897,14,2,84
898,14,2,84
899,14,2,84
900,14,2,84
901,14,2,84
902,14,2,84
903,14,2,84
904,14,2,84
905,14,2,84
906,14,2,84
907,14,2,84
908,14,2,84
909,14,2,84
910,14,2,84
911,14,2,84
912,14,2,84
913,14,2,84
914,14,2,84
915,14,2,84
916,14,2,84
917,14,2,84
918,14,2,84
919,14,2,84
920,14,2,84
921,14,2,84
922,14,2,84
923,14,2,84
924,14,2,84
925,14,2,84
926,14,2,84
927,14,2,84
928,14,2,84
929,14,2,84
930,14,2,84
931,14,2,84
932,14,2,84
933,14,2,84
934,14,2,84
935,14,2,84
936,14,2,84
937,14,2,84
938,14,2,84
939,14,2,84
940,14,2,84
941,14,2,84
942,14,2,84
943,14,2,84
944,14,2,84
945,14,2,84
946,14,2,84
947,14,2,84
948,14,2,84
949,14,2,84
950,14,2,84
951,14,2,84
952,14,2,84
953,14,2,84
954,14,2,84
955,14,1,85
956,14,1,85
957,14,1,85
958,14,1,85
959,14,1,85
960,14,1,85
961,14,1,85
962,14,1,85
963,14,1,85
964,14,1,85
965,14,1,85
966,14,1,85
967,14,1,85
968,14,1,85
969,14,1,85
970,14,1,85
971,14,1,85
972,14,1,85
973,14,1,85
974,13,2,85
975,13,2,85
976,13,2,85
977,13,2,85
978,13,2,85
979,13,2,85
980,13,2,85
981,13,2,85
982,13,2,85
983,13,2,85
984,13,2,85
985,13,2,85
986,13,2,85
987,13,2,85
988,13,2,85
989,13,2,85
990,13,2,85
991,13,2,85
992,13,2,85
993,13,2,85
994,13,2,85
995,13,2,85
996,13,2,85
997,13,2,85
998,13,2,85
999,13,2,85
1000,13,2,85
1001,13,2,85
1002,13,2,85
1003,13,2,85
1004,13,2,85
1005,13,2,85
1006,13,2,85
1007,13,2,85
1008,13,2,85
1009,13,1,86
1010,13,1,86
1011,13,1,86
1012,13,1,86
1013,12,2,86
1014,12,2,86
1015,12,2,86
1016,12,1,87
1017,12,1,87
1018,12,1,87
1019,12,1,87
1020,12,1,87
1021,11,2,87
1022,11,2,87
1023,11,2,87
1024,11,2,87
1025,11,2,87
1026,11,2,87
1027,11,2,87
1028,11,2,87
1029,11,2,87
1030,11,2,87
1031,11,2,87
1032,11,2,87
1033,11,2,87
1034,11,2,87
1035,11,2,87
1036,11,2,87
1037,11,2,87
1038,11,2,87
1039,11,2,87
1040,11,2,87
1041,11,2,87
1042,11,2,87
1043,11,2,87
1044,11,2,87
1045,11,2,87
1046,11,2,87
1047,11,2,87
1048,11,2,87
1049,11,2,87
1050,11,2,87
1051,11,1,88
1052,11,1,88
1053,11,1,88
1054,11,1,88
1055,11,1,88
1056,11,1,88
1057,11,1,88
1058,11,1,88
1059,11,1,88
1060,11,1,88
1061,11,1,88
1062,11,1,88
1063,11,1,88
1064,11,1,88
1065,11,1,88
1066,11,1,88
1067,11,1,88
1068,11,1,88
1069,10,2,88
1070,10,2,88
1071,10,2,88
1072,10,2,88
1073,10,2,88
1074,10,2,88
1075,10,2,88
1076,10,1,89
1077,10,1,89
1078,10,1,89
1079,10,1,89
1080,10,1,89
1081,10,1,89
1082,10,1,89
1083,10,1,89
1084,10,1,89
1085,10,1,89
1086,10,1,89
1087,10,1,89
1088,10,1,89
1089,10,1,89
1090,10,0,90
1091,10,0,90
1092,10,0,90
1093,10,0,90
1094,10,0,90
1095,10,0,90
1096,10,0,90
1097,10,0,90
1098,10,0,90
1099,10,0,90
1100,10,0,90
1101,10,0,90
1102,10,0,90
1103,10,0,90
1104,10,0,90
1105,10,0,90
1106,10,0,90
1107,10,0,90
1108,10,0,90
1109,10,0,90
1110,10,0,90
1111,10,0,90
1112,10,0,90
1113,9,1,90
1114,9,1,90
1115,9,1,90
1116,9,1,90
1117,9,1,90
1118,9,1,90
1119,9,1,90
1120,9,1,90
1121,9,1,90
1122,9,1,90
1123,9,1,90
1124,9,1,90
1125,9,1,90
1126,9,1,90
1127,9,1,90
1128,9,1,90
1129,9,1,90
1130,9,1,90
1131,9,1,90
1132,9,1,90
1133,9,1,90
1134,9,1,90
1135,9,1,90
1136,9,1,90
1137,9,1,90
1138,9,1,90
1139,9,1,90
1140,9,1,90
1141,9,1,90
1142,9,1,90
1143,9,1,90
1144,9,1,90
1145,9,1,90
1146,9,1,90
1147,9,1,90
1148,9,1,90
1149,9,1,90
1150,9,1,90
1151,9,1,90
1152,9,1,90
1153,9,1,90
1154,9,1,90
1155,9,1,90
1156,9,1,90
1157,9,1,90
1158,9,1,90
1159,9,1,90
1160,9,1,90
1161,9,1,90
1162,9,0,91
1163,9,0,91
1164,9,0,91
1165,9,0,91
1166,9,0,91
1167,9,0,91
1168,9,0,91
1169,9,0,91
1170,9,0,91
1171,9,0,91
1172,9,0,91
1173,9,0,91
1174,9,0,91
1175,9,0,91
1176,9,0,91
1177,9,0,91
1178,9,0,91
1179,9,0,91
1180,9,0,91
1181,9,0,91
1182,9,0,91
1183,9,0,91
1184,9,0,91
1185,9,0,91
1186,9,0,91
1187,9,0,91
1188,9,0,91
1189,9,0,91
1190,9,0,91
1191,9,0,91
1192,9,0,91
1193,9,0,91
1194,9,0,91
1195,9,0,91
1196,9,0,91
1197,9,0,91
1198,9,0,91
1199,9,0,91
1200,9,0,91
1201,9,0,91
1202,9,0,91
1203,9,0,91
1204,9,0,91
1205,9,0,91
1206,9,0,91
1207,9,0,91
1208,9,0,91
1209,9,0,91
1210,9,0,91
1211,9,0,91
1212,9,0,91
1213,9,0,91
1214,9,0,91
1215,9,0,91
1216,9,0,91
1217,9,0,91
1218,9,0,91
1219,9,0,91
1220,9,0,91
1221,9,0,91
1222,9,0,91
1223,9,0,91
1224,9,0,91
1225,9,0,91
1226,9,0,91
1227,9,0,91
1228,9,0,91
1229,9,0,91
1230,9,0,91
1231,9,0,91
1232,9,0,91
1233,9,0,91
1234,9,0,91
1235,9,0,91
1236,9,0,91
1237,9,0,91
1238,9,0,91
1239,9,0,91
1240,9,0,91
1241,9,0,91
1242,9,0,91
1243,9,0,91
1244,9,0,91
1245,9,0,91
1246,9,0,91
1247,9,0,91
1248,9,0,91
1249,9,0,91
1250,9,0,91
1251,9,0,91
1252,9,0,91
1253,9,0,91
1254,9,0,91
1255,9,0,91
1256,9,0,91
1257,9,0,91
1258,9,0,91
1259,9,0,91
1260,9,0,91
1261,9,0,91
1262,9,0,91
1263,9,0,91
1264,9,0,91
1265,9,0,91
1266,9,0,91
1267,9,0,91
1268,9,0,91
1269,9,0,91
1270,9,0,91
1271,9,0,91
1272,9,0,91
1273,9,0,91
1274,9,0,91
1275,9,0,91
1276,9,0,91
1277,9,0,91
1278,9,0,91
1279,9,0,91
1280,9,0,91
1281,9,0,91
1282,9,0,91
1283,9,0,91
1284,9,0,91
1285,9,0,91
1286,9,0,91
1287,9,0,91
1288,9,0,91
1289,9,0,91
1290,9,0,91
1291,9,0,91
1292,9,0,91
1293,9,0,91
1294,9,0,91
1295,9,0,91
1296,9,0,91
1297,9,0,91
1298,9,0,91
1299,9,0,91
1300,9,0,91
1301,9,0,91
1302,9,0,91
1303,9,0,91
1304,9,0,91
1305,9,0,91
1306,9,0,91
1307,9,0,91
1308,9,0,91
1309,9,0,91
1310,9,0,91
1311,9,0,91
1312,8,1,91
1313,8,1,91
1314,8,1,91
1315,8,1,91
1316,8,1,91
1317,8,1,91
1318,8,1,91
1319,8,1,91
1320,8,1,91
1321,8,1,91
1322,8,1,91
1323,8,1,91
1324,8,1,91
1325,8,1,91
1326,8,1,91
1327,8,1,91
1328,8,1,91
1329,8,1,91
1330,8,1,91
1331,8,1,91
1332,8,1,91
1333,8,1,91
1334,8,1,91
1335,8,1,91
1336,8,1,91
1337,8,1,91
1338,8,1,91
1339,8,1,91
1340,8,1,91
1341,8,1,91
1342,8,1,91
1343,8,1,91
1344,8,1,91
1345,8,1,91
1346,8,1,91
1347,8,1,91
1348,8,1,91
1349,8,1,91
1350,8,1,91
1351,8,1,91
1352,8,1,91
1353,8,1,91
1354,8,1,91
1355,8,1,91
1356,8,1,91
1357,8,1,91
1358,8,1,91
1359,8,1,91
1360,8,1,91
1361,8,1,91
1362,8,1,91
1363,8,1,91
1364,8,1,91
1365,8,1,91
1366,8,1,91
1367,8,1,91
1368,8,1,91
1369,8,1,91
1370,8,1,91
1371,8,1,91
1372,8,1,91
1373,8,1,91
1374,8,1,91
1375,8,1,91
1376,8,1,91
1377,8,1,91
1378,8,1,91
1379,8,1,91
1380,8,1,91
1381,8,1,91
1382,8,1,91
1383,8,1,91
1384,8,1,91
1385,8,1,91
1386,8,1,91
1387,8,1,91
1388,8,1,91
1389,8,1,91
1390,8,1,91
1391,8,1,91
1392,8,1,91
1393,8,1,91
1394,8,1,91
1395,8,1,91
1396,8,1,91
1397,8,1,91
1398,8,1,91
1399,8,1,91
1400,8,1,91
1401,8,1,91
1402,8,1,91
1403,8,1,91
1404,8,1,91
1405,8,1,91
1406,8,1,91
1407,8,1,91
1408,8,1,91
1409,8,1,91
1410,8,1,91
1411,8,1,91
1412,8,1,91
1413,8,1,91
1414,8,1,91
1415,8,1,91
1416,8,1,91
1417,8,1,91
1418,8,1,91
1419,8,1,91
1420,8,1,91
1421,8,1,91
1422,8,1,91
1423,8,1,91
1424,8,1,91
1425,8,1,91
1426,8,1,91
1427,8,1,91
1428,8,1,91
1429,8,1,91
1430,8,1,91
1431,8,1,91
1432,8,1,91
1433,8,1,91
1434,8,1,91
1435,8,1,91
1436,8,0,92
1437,8,0,92
1438,8,0,92
1439,8,0,92
1440,8,0,92
1441,8,0,92
1442,8,0,92
1443,8,0,92
1444,8,0,92
1445,8,0,92
1446,8,0,92
1447,8,0,92
1448,8,0,92
1449,8,0,92
1450,8,0,92
1451,8,0,92
1452,8,0,92
1453,8,0,92
1454,8,0,92
1455,8,0,92
1456,8,0,92
1457,8,0,92
1458,8,0,92
1459,8,0,92
1460,8,0,92
1461,8,0,92
1462,8,0,92
1463,8,0,92
1464,8,0,92
1465,8,0,92
1466,8,0,92
1467,8,0,92
1468,8,0,92
1469,8,0,92
1470,8,0,92
1471,8,0,92
1472,8,0,92
1473,8,0,92
1474,8,0,92
1475,8,0,92
1476,8,0,92
1477,8,0,92
1478,8,0,92
1479,8,0,92
1480,8,0,92
1481,8,0,92
1482,8,0,92
1483,8,0,92
1484,8,0,92
1485,8,0,92
1486,8,0,92
1487,8,0,92
1488,8,0,92
1489,8,0,92
1490,8,0,92
1491,8,0,92
1492,8,0,92
1493,8,0,92
1494,8,0,92
1495,8,0,92
1496,8,0,92
1497,8,0,92
1498,8,0,92
1499,8,0,92
1500,8,0,92
1501,8,0,92
1502,8,0,92
1503,8,0,92
1504,8,0,92
1505,8,0,92
1506,8,0,92
1507,8,0,92
1508,8,0,92
1509,8,0,92
1510,8,0,92
1511,8,0,92
1512,8,0,92
1513,8,0,92
1514,8,0,92
1515,8,0,92
1516,8,0,92
1517,8,0,92
1518,8,0,92
1519,8,0,92
1520,8,0,92
1521,8,0,92
1522,8,0,92
1523,8,0,92
1524,8,0,92
1525,8,0,92
1526,8,0,92
1527,8,0,92
1528,8,0,92
1529,8,0,92
1530,8,0,92
1531,8,0,92
1532,8,0,92
1533,8,0,92
1534,8,0,92
1535,8,0,92
1536,8,0,92
1537,8,0,92
1538,8,0,92
1539,8,0,92
1540,8,0,92
1541,8,0,92
1542,8,0,92
1543,8,0,92
1544,8,0,92
1545,8,0,92
1546,8,0,92
1547,8,0,92
1548,8,0,92
1549,8,0,92
1550,8,0,92
1551,8,0,92
1552,8,0,92
1553,8,0,92
1554,8,0,92
1555,8,0,92
1556,8,0,92
1557,8,0,92
1558,8,0,92
1559,8,0,92
1560,8,0,92
1561,8,0,92
1562,8,0,92
1563,8,0,92
1564,8,0,92
1565,8,0,92
1566,8,0,92
1567,8,0,92
1568,8,0,92
1569,8,0,92
1570,8,0,92
1571,8,0,92
1572,8,0,92
1573,8,0,92
1574,8,0,92
1575,8,0,92
1576,8,0,92
1577,8,0,92
1578,8,0,92
1579,8,0,92
1580,8,0,92
1581,8,0,92
1582,8,0,92
1583,8,0,92
1584,8,0,92
1585,8,0,92
1586,7,1,92
1587,7,1,92
1588,7,1,92
1589,7,1,92
1590,7,1,92
1591,7,1,92
1592,7,1,92
1593,7,1,92
1594,7,1,92
1595,7,1,92
1596,7,1,92
1597,7,1,92
1598,7,1,92
1599,7,1,92
1600,7,1,92
1601,7,1,92
1602,7,1,92
1603,7,1,92
1604,7,1,92
1605,7,1,92
1606,7,1,92
1607,7,1,92
1608,7,1,92
1609,7,1,92
1610,7,1,92
1611,7,1,92
1612,7,0,93
1613,7,0,93
1614,7,0,93
1615,7,0,93
1616,7,0,93
1617,7,0,93
1618,7,0,93
1619,7,0,93
1620,7,0,93
1621,7,0,93
1622,7,0,93
1623,7,0,93
1624,7,0,93
1625,7,0,93
1626,7,0,93
1627,7,0,93
1628,7,0,93
1629,7,0,93
1630,7,0,93
1631,7,0,93
1632,7,0,93
1633,7,0,93
1634,7,0,93
1635,7,0,93
1636,7,0,93
1637,7,0,93
1638,7,0,93
1639,7,0,93
1640,7,0,93
1641,7,0,93
1642,7,0,93
1643,7,0,93
1644,7,0,93
1645,7,0,93
1646,7,0,93
1647,7,0,93
1648,7,0,93
1649,7,0,93
1650,7,0,93
1651,7,0,93
1652,7,0,93
1653,7,0,93
1654,7,0,93
1655,7,0,93
1656,7,0,93
1657,7,0,93
1658,7,0,93
1659,7,0,93
1660,7,0,93
1661,7,0,93
1662,7,0,93
1663,7,0,93
1664,7,0,93
1665,7,0,93
1666,7,0,93
1667,7,0,93
1668,7,0,93
1669,7,0,93
1670,7,0,93
1671,7,0,93
1672,7,0,93
1673,7,0,93
1674,7,0,93
1675,7,0,93
1676,7,0,93
1677,7,0,93
1678,7,0,93
1679,7,0,93
1680,7,0,93
1681,7,0,93
1682,7,0,93
1683,7,0,93
1684,7,0,93
1685,6,1,93
1686,6,1,93
1687,6,1,93
1688,6,1,93
1689,6,1,93
1690,6,1,93
1691,6,1,93
1692,6,1,93
1693,6,1,93
1694,6,1,93
1695,6,1,93
1696,6,1,93
1697,6,1,93
1698,6,1,93
1699,6,1,93
1700,6,1,93
1701,6,1,93
1702,6,1,93
1703,6,1,93
1704,6,1,93
1705,6,1,93
1706,6,1,93
1707,6,1,93
1708,6,1,93
1709,6,1,93
1710,6,1,93
1711,6,1,93
1712,6,1,93
1713,6,1,93
1714,6,1,93
1715,6,1,93
1716,6,1,93
1717,6,1,93
1718,6,1,93
1719,6,1,93
1720,6,1,93
1721,6,1,93
1722,6,1,93
1723,6,1,93
1724,6,1,93
1725,6,1,93
1726,6,1,93
1727,6,1,93
1728,6,1,93
1729,6,1,93
1730,6,1,93
1731,6,1,93
1732,6,1,93
1733,6,1,93
1734,6,1,93
1735,6,1,93
1736,6,1,93
1737,6,1,93
1738,6,1,93
1739,6,1,93
1740,6,1,93
1741,6,1,93
1742,6,1,93
1743,6,1,93
1744,6,1,93
1745,6,1,93
1746,6,1,93
1747,6,1,93
1748,6,1,93
1749,6,1,93
1750,6,1,93
1751,6,1,93
1752,6,1,93
1753,6,1,93
1754,6,1,93
1755,6,1,93
1756,6,1,93
1757,6,1,93
1758,6,1,93
1759,6,1,93
1760,6,1,93
1761,6,1,93
1762,6,1,93
1763,6,1,93
1764,6,1,93
1765,6,1,93
1766,6,1,93
1767,6,1,93
1768,6,1,93
1769,6,1,93
1770,6,1,93
1771,6,1,93
1772,6,1,93
1773,6,1,93
1774,6,1,93
1775,6,1,93
1776,6,1,93
1777,6,1,93
1778,6,1,93
1779,6,1,93
1780,6,1,93
1781,6,1,93
1782,6,1,93
1783,6,1,93
1784,6,1,93
1785,6,1,93
1786,6,1,93
1787,6,1,93
1788,6,1,93
1789,6,1,93
1790,6,1,93
1791,6,1,93
1792,6,1,93
1793,6,1,93
1794,6,1,93
1795,6,1,93
1796,6,1,93
1797,6,1,93
1798,6,1,93
1799,6,1,93
1800,6,1,93
1801,6,1,93
1802,6,1,93
1803,6,1,93
1804,6,1,93
1805,6,1,93
1806,6,1,93
1807,6,1,93
1808,6,1,93
1809,6,1,93
1810,6,1,93
1811,6,1,93
1812,6,1,93
1813,6,1,93
1814,6,1,93
1815,6,1,93
1816,6,1,93
1817,6,1,93
1818,6,1,93
1819,6,1,93
1820,6,1,93
1821,6,1,93
1822,6,1,93
1823,6,1,93
1824,6,1,93
1825,6,0,94
1826,6,0,94
1827,6,0,94
1828,6,0,94
1829,6,0,94
1830,6,0,94
1831,6,0,94
1832,6,0,94
1833,6,0,94
1834,6,0,94
1835,6,0,94
1836,6,0,94
1837,6,0,94
1838,6,0,94
1839,6,0,94
1840,6,0,94
1841,6,0,94
1842,6,0,94
1843,6,0,94
1844,6,0,94
1845,6,0,94
1846,6,0,94
1847,6,0,94
1848,6,0,94
1849,6,0,94
1850,6,0,94
1851,6,0,94
1852,6,0,94
1853,6,0,94
1854,6,0,94
1855,6,0,94
1856,6,0,94
1857,6,0,94
1858,6,0,94
1859,6,0,94
1860,6,0,94
1861,6,0,94
1862,6,0,94
1863,6,0,94
1864,6,0,94
1865,6,0,94
1866,6,0,94
1867,6,0,94
1868,6,0,94
1869,6,0,94
1870,6,0,94
1871,6,0,94
1872,6,0,94
1873,6,0,94
1874,6,0,94
1875,6,0,94
1876,6,0,94
1877,6,0,94
1878,6,0,94
1879,6,0,94
1880,6,0,94
1881,6,0,94
1882,6,0,94
1883,6,0,94
1884,6,0,94
1885,6,0,94
1886,6,0,94
1887,6,0,94
1888,6,0,94
1889,6,0,94
1890,6,0,94
1891,6,0,94
1892,6,0,94
1893,6,0,94
1894,6,0,94
1895,6,0,94
1896,6,0,94
1897,6,0,94
1898,6,0,94
1899,6,0,94
1900,6,0,94
1901,6,0,94
1902,6,0,94
1903,6,0,94
1904,6,0,94
1905,6,0,94
1906,6,0,94
1907,6,0,94
1908,6,0,94
1909,6,0,94
1910,6,0,94
1911,6,0,94
1912,6,0,94
1913,6,0,94
1914,6,0,94
1915,6,0,94
1916,6,0,94
1917,6,0,94
1918,6,0,94
1919,6,0,94
1920,6,0,94
1921,6,0,94
1922,6,0,94
1923,6,0,94
1924,6,0,94
1925,6,0,94
1926,6,0,94
1927,6,0,94
1928,6,0,94
1929,6,0,94
1930,6,0,94
1931,6,0,94
1932,6,0,94
1933,6,0,94
1934,6,0,94
1935,6,0,94
1936,6,0,94
1937,6,0,94
1938,6,0,94
1939,6,0,94
1940,6,0,94
1941,6,0,94
1942,6,0,94
1943,6,0,94
1944,6,0,94
1945,6,0,94
1946,6,0,94
1947,6,0,94
1948,6,0,94
1949,6,0,94
1950,6,0,94
1951,6,0,94
1952,6,0,94
1953,6,0,94
1954,6,0,94
1955,6,0,94
1956,6,0,94
1957,6,0,94
1958,6,0,94
1959,6,0,94
1960,6,0,94
1961,6,0,94
1962,6,0,94
1963,6,0,94
1964,6,0,94
1965,6,0,94
1966,6,0,94
1967,6,0,94
1968,6,0,94
1969,6,0,94
1970,6,0,94
1971,6,0,94
1972,6,0,94
1973,6,0,94
1974,6,0,94
1975,6,0,94
1976,6,0,94
1977,6,0,94
1978,6,0,94
1979,6,0,94
1980,6,0,94
1981,6,0,94
1982,6,0,94
1983,6,0,94
1984,6,0,94
1985,6,0,94
1986,6,0,94
1987,6,0,94
1988,6,0,94
1989,6,0,94
1990,6,0,94
1991,6,0,94
1992,6,0,94
1993,6,0,94
1994,6,0,94
1995,6,0,94
1996,6,0,94
1997,6,0,94
1998,6,0,94
1999,6,0,94
2000,6,0,94
2001,6,0,94
2002,6,0,94
2003,6,0,94
2004,6,0,94
2005,6,0,94
2006,6,0,94
2007,6,0,94
2008,6,0,94
2009,6,0,94
2010,6,0,94
2011,6,0,94
2012,6,0,94
2013,6,0,94
2014,6,0,94
2015,6,0,94
2016,6,0,94
2017,6,0,94
2018,6,0,94
2019,6,0,94
2020,6,0,94
2021,6,0,94
2022,6,0,94
2023,6,0,94
2024,6,0,94
2025,6,0,94
2026,6,0,94
2027,6,0,94
2028,6,0,94
2029,6,0,94
2030,6,0,94
2031,6,0,94
2032,6,0,94
2033,6,0,94
2034,6,0,94
2035,6,0,94
2036,6,0,94
2037,6,0,94
2038,6,0,94
2039,6,0,94
2040,6,0,94
2041,6,0,94
2042,6,0,94
2043,6,0,94
2044,6,0,94
2045,6,0,94
2046,6,0,94
2047,6,0,94
2048,6,0,94
2049,6,0,94
2050,6,0,94
2051,6,0,94
2052,6,0,94
2053,6,0,94
2054,6,0,94
2055,6,0,94
2056,6,0,94
2057,6,0,94
2058,6,0,94
2059,6,0,94
2060,6,0,94
2061,6,0,94
2062,6,0,94
2063,6,0,94
2064,6,0,94
2065,6,0,94
2066,6,0,94
2067,6,0,94
2068,6,0,94
2069,6,0,94
2070,6,0,94
2071,6,0,94
2072,6,0,94
2073,6,0,94
2074,6,0,94
2075,6,0,94
2076,6,0,94
2077,6,0,94
2078,6,0,94
2079,6,0,94
2080,6,0,94
2081,6,0,94
2082,6,0,94
2083,6,0,94
2084,6,0,94
2085,6,0,94
2086,6,0,94
2087,6,0,94
2088,6,0,94
2089,6,0,94
2090,6,0,94
2091,6,0,94
2092,6,0,94
2093,6,0,94
2094,6,0,94
2095,6,0,94
2096,6,0,94
2097,6,0,94
2098,6,0,94
2099,6,0,94
2100,6,0,94
2101,6,0,94
2102,6,0,94
2103,6,0,94
2104,6,0,94
2105,6,0,94
2106,6,0,94
2107,6,0,94
2108,6,0,94
2109,6,0,94
2110,6,0,94
2111,6,0,94
2112,6,0,94
2113,6,0,94
2114,6,0,94
2115,6,0,94
2116,6,0,94
2117,6,0,94
2118,6,0,94
2119,6,0,94
2120,6,0,94
2121,6,0,94
2122,6,0,94
2123,6,0,94
2124,6,0,94
2125,6,0,94
2126,6,0,94
2127,6,0,94
2128,6,0,94
2129,6,0,94
2130,6,0,94
2131,6,0,94
2132,6,0,94
2133,6,0,94
2134,6,0,94
2135,6,0,94
2136,6,0,94
2137,6,0,94
2138,6,0,94
2139,6,0,94
2140,6,0,94
2141,6,0,94
2142,6,0,94
2143,6,0,94
2144,6,0,94
2145,6,0,94
2146,6,0,94
2147,6,0,94
2148,6,0,94
2149,6,0,94
2150,6,0,94
2151,6,0,94
2152,6,0,94
2153,6,0,94
2154,6,0,94
2155,6,0,94
2156,6,0,94
2157,6,0,94
2158,6,0,94
2159,6,0,94
2160,6,0,94
2161,6,0,94
2162,6,0,94
2163,6,0,94
2164,6,0,94
2165,6,0,94
2166,6,0,94
2167,6,0,94
2168,6,0,94
2169,6,0,94
2170,6,0,94
2171,6,0,94
2172,6,0,94
2173,6,0,94
2174,6,0,94
2175,6,0,94
2176,6,0,94
2177,6,0,94
2178,6,0,94
2179,6,0,94
2180,6,0,94
2181,6,0,94
2182,6,0,94
2183,6,0,94
2184,6,0,94
2185,6,0,94
2186,6,0,94
2187,6,0,94
2188,6,0,94
2189,6,0,94
2190,6,0,94
2191,6,0,94
2192,6,0,94
2193,6,0,94
2194,6,0,94
2195,6,0,94
2196,6,0,94
2197,6,0,94
2198,6,0,94
2199,6,0,94
2200,6,0,94
2201,5,1,94
2202,5,1,94
2203,5,1,94
2204,5,1,94
2205,5,1,94
2206,5,1,94
2207,5,1,94
2208,5,1,94
2209,5,1,94
2210,5,1,94
2211,5,1,94
2212,5,0,95
2213,5,0,95
2214,5,0,95
2215,5,0,95
2216,5,0,95
2217,5,0,95
2218,5,0,95
2219,5,0,95
2220,5,0,95
2221,5,0,95
2222,5,0,95
2223,5,0,95
2224,5,0,95
2225,5,0,95
2226,5,0,95
2227,5,0,95
2228,5,0,95
2229,5,0,95
2230,5,0,95
2231,5,0,95
2232,5,0,95
2233,5,0,95
2234,5,0,95
2235,5,0,95
2236,5,0,95
2237,5,0,95
2238,5,0,95
2239,5,0,95
2240,5,0,95
2241,5,0,95
2242,5,0,95
2243,5,0,95
2244,5,0,95
2245,5,0,95
2246,5,0,95
2247,5,0,95
2248,5,0,95
2249,5,0,95
2250,5,0,95
2251,5,0,95
2252,5,0,95
2253,5,0,95
2254,5,0,95
2255,5,0,95
2256,5,0,95
2257,5,0,95
2258,5,0,95
2259,5,0,95
2260,5,0,95
2261,5,0,95
2262,5,0,95
2263,5,0,95
2264,5,0,95
2265,5,0,95
2266,5,0,95
2267,5,0,95
2268,5,0,95
2269,5,0,95
2270,5,0,95
2271,5,0,95
2272,5,0,95
2273,5,0,95
2274,5,0,95
2275,5,0,95
2276,5,0,95
2277,5,0,95
2278,5,0,95
2279,5,0,95
2280,5,0,95
2281,5,0,95
2282,5,0,95
2283,5,0,95
2284,5,0,95
2285,5,0,95
2286,5,0,95
2287,5,0,95
2288,5,0,95
2289,5,0,95
2290,5,0,95
2291,5,0,95
2292,5,0,95
2293,5,0,95
2294,5,0,95
2295,5,0,95
2296,5,0,95
2297,5,0,95
2298,5,0,95
2299,5,0,95
2300,5,0,95
2301,5,0,95
2302,5,0,95
2303,5,0,95
2304,5,0,95
2305,5,0,95
2306,5,0,95
2307,5,0,95
2308,5,0,95
2309,5,0,95
2310,5,0,95
2311,5,0,95
2312,5,0,95
2313,5,0,95
2314,5,0,95
2315,5,0,95
2316,5,0,95
2317,5,0,95
2318,5,0,95
2319,5,0,95
2320,5,0,95
2321,5,0,95
2322,5,0,95
2323,5,0,95
2324,5,0,95
2325,5,0,95
2326,5,0,95
2327,5,0,95
2328,5,0,95
2329,5,0,95
2330,5,0,95
2331,5,0,95
2332,5,0,95
2333,5,0,95
2334,5,0,95
2335,5,0,95
2336,5,0,95
2337,5,0,95
2338,5,0,95
2339,5,0,95
2340,5,0,95
2341,5,0,95
2342,5,0,95
2343,5,0,95
2344,5,0,95
2345,5,0,95
2346,5,0,95
2347,5,0,95
2348,5,0,95
2349,5,0,95
2350,5,0,95
2351,5,0,95
2352,5,0,95
2353,5,0,95
2354,5,0,95
2355,5,0,95
2356,5,0,95
2357,5,0,95
2358,5,0,95
2359,5,0,95
2360,5,0,95
2361,5,0,95
2362,5,0,95
2363,5,0,95
2364,5,0,95
2365,5,0,95
2366,5,0,95
2367,5,0,95
2368,5,0,95
2369,5,0,95
2370,5,0,95
2371,5,0,95
2372,5,0,95
2373,5,0,95
2374,5,0,95
2375,5,0,95
2376,5,0,95
2377,5,0,95
2378,5,0,95
2379,5,0,95
2380,5,0,95
2381,5,0,95
2382,5,0,95
2383,5,0,95
2384,5,0,95
2385,5,0,95
2386,5,0,95
2387,5,0,95
2388,5,0,95
2389,5,0,95
2390,5,0,95
2391,5,0,95
2392,5,0,95
2393,5,0,95
2394,5,0,95
2395,5,0,95
2396,5,0,95
2397,5,0,95
2398,5,0,95
2399,5,0,95
2400,5,0,95
2401,5,0,95
2402,5,0,95
2403,5,0,95
2404,5,0,95
2405,5,0,95
2406,5,0,95
2407,5,0,95
2408,5,0,95
2409,5,0,95
2410,5,0,95
2411,5,0,95
2412,5,0,95
2413,5,0,95
2414,5,0,95
2415,5,0,95
2416,5,0,95
2417,5,0,95
2418,5,0,95
2419,5,0,95
2420,5,0,95
2421,5,0,95
2422,5,0,95
2423,5,0,95
2424,5,0,95
2425,5,0,95
2426,5,0,95
2427,5,0,95
2428,5,0,95
2429,5,0,95
2430,5,0,95
2431,5,0,95
2432,5,0,95
2433,5,0,95
2434,5,0,95
2435,5,0,95
2436,5,0,95
2437,5,0,95
2438,5,0,95
2439,5,0,95
2440,5,0,95
2441,5,0,95
2442,5,0,95
2443,5,0,95
2444,5,0,95
2445,5,0,95
2446,5,0,95
2447,5,0,95
2448,5,0,95
2449,5,0,95
2450,5,0,95
2451,5,0,95
2452,5,0,95
2453,5,0,95
2454,5,0,95
2455,5,0,95
2456,5,0,95
2457,5,0,95
2458,5,0,95
2459,5,0,95
2460,5,0,95
2461,5,0,95
2462,5,0,95
2463,5,0,95
2464,5,0,95
2465,5,0,95
2466,5,0,95
2467,5,0,95
2468,5,0,95
2469,5,0,95
2470,5,0,95
2471,5,0,95
2472,5,0,95
2473,5,0,95
2474,5,0,95
2475,5,0,95
2476,5,0,95
2477,5,0,95
2478,5,0,95
2479,5,0,95
2480,5,0,95
2481,5,0,95
2482,5,0,95
2483,5,0,95
2484,5,0,95
2485,5,0,95
2486,5,0,95
2487,5,0,95
2488,5,0,95
2489,5,0,95
2490,5,0,95
2491,5,0,95
2492,5,0,95
2493,5,0,95
2494,5,0,95
2495,5,0,95
2496,5,0,95
2497,5,0,95
2498,5,0,95
2499,5,0,95
2500,5,0,95
2501,5,0,95
2502,5,0,95
2503,5,0,95
2504,5,0,95
2505,5,0,95
2506,5,0,95
2507,5,0,95
2508,5,0,95
2509,5,0,95
2510,5,0,95
2511,5,0,95
2512,5,0,95
2513,5,0,95
2514,5,0,95
2515,5,0,95
2516,5,0,95
2517,5,0,95
2518,5,0,95
2519,5,0,95
2520,5,0,95
2521,5,0,95
2522,5,0,95
2523,5,0,95
2524,5,0,95
2525,5,0,95
2526,5,0,95
2527,5,0,95
2528,5,0,95
2529,5,0,95
2530,5,0,95
2531,5,0,95
2532,5,0,95
2533,5,0,95
2534,5,0,95
2535,5,0,95
2536,5,0,95
2537,5,0,95
2538,5,0,95
2539,5,0,95
2540,5,0,95
2541,5,0,95
2542,5,0,95
2543,5,0,95
2544,5,0,95
2545,5,0,95
2546,5,0,95
2547,5,0,95
2548,5,0,95
2549,5,0,95
2550,5,0,95
2551,5,0,95
2552,5,0,95
2553,5,0,95
2554,5,0,95
2555,5,0,95
2556,5,0,95
2557,5,0,95
2558,5,0,95
2559,5,0,95
2560,5,0,95
2561,5,0,95
2562,5,0,95
2563,5,0,95
2564,5,0,95
2565,5,0,95
2566,5,0,95
2567,5,0,95
2568,5,0,95
2569,5,0,95
2570,5,0,95
2571,5,0,95
2572,5,0,95
2573,5,0,95
2574,5,0,95
2575,5,0,95
2576,5,0,95
2577,5,0,95
2578,5,0,95
2579,5,0,95
2580,5,0,95
2581,5,0,95
2582,5,0,95
2583,5,0,95
2584,5,0,95
2585,5,0,95
2586,5,0,95
2587,5,0,95
2588,5,0,95
2589,5,0,95
2590,5,0,95
2591,5,0,95
2592,5,0,95
2593,5,0,95
2594,5,0,95
2595,5,0,95
2596,5,0,95
2597,5,0,95
2598,5,0,95
2599,5,0,95
2600,5,0,95
2601,5,0,95
2602,5,0,95
2603,5,0,95
2604,5,0,95
2605,5,0,95
2606,5,0,95
2607,5,0,95
2608,5,0,95
2609,5,0,95
2610,5,0,95
2611,5,0,95
2612,5,0,95
2613,5,0,95
2614,5,0,95
2615,5,0,95
2616,5,0,95
2617,5,0,95
2618,5,0,95
2619,5,0,95
2620,5,0,95
2621,5,0,95
2622,5,0,95
2623,5,0,95
2624,5,0,95
2625,5,0,95
2626,5,0,95
2627,5,0,95
2628,5,0,95
2629,5,0,95
2630,5,0,95
2631,5,0,95
2632,5,0,95
2633,5,0,95
2634,5,0,95
2635,5,0,95
2636,5,0,95
2637,5,0,95
2638,5,0,95
2639,5,0,95
2640,5,0,95
2641,5,0,95
2642,5,0,95
2643,5,0,95
2644,5,0,95
2645,5,0,95
2646,5,0,95
2647,5,0,95
2648,5,0,95
2649,5,0,95
2650,5,0,95
2651,5,0,95
2652,5,0,95
2653,5,0,95
2654,5,0,95
2655,5,0,95
2656,5,0,95
2657,5,0,95
2658,5,0,95
2659,5,0,95
2660,5,0,95
2661,5,0,95
2662,5,0,95
2663,5,0,95
2664,5,0,95
2665,5,0,95
2666,5,0,95
2667,5,0,95
2668,5,0,95
2669,5,0,95
2670,5,0,95
2671,5,0,95
2672,5,0,95
2673,5,0,95
2674,5,0,95
2675,5,0,95
2676,5,0,95
2677,5,0,95
2678,5,0,95
2679,5,0,95
2680,5,0,95
2681,5,0,95
2682,5,0,95
2683,5,0,95
2684,5,0,95
2685,5,0,95
2686,5,0,95
2687,5,0,95
2688,5,0,95
2689,5,0,95
2690,5,0,95
2691,5,0,95
2692,5,0,95
2693,5,0,95
2694,5,0,95
2695,5,0,95
2696,5,0,95
2697,5,0,95
2698,5,0,95
2699,5,0,95
2700,5,0,95
2701,5,0,95
2702,5,0,95
2703,5,0,95
2704,5,0,95
2705,5,0,95
2706,5,0,95
2707,5,0,95
2708,5,0,95
2709,5,0,95
2710,5,0,95
2711,5,0,95
2712,5,0,95
2713,5,0,95
2714,5,0,95
2715,5,0,95
2716,5,0,95
2717,5,0,95
2718,5,0,95
2719,5,0,95
2720,5,0,95
2721,5,0,95
2722,5,0,95
2723,5,0,95
2724,5,0,95
2725,5,0,95
2726,5,0,95
2727,5,0,95
2728,5,0,95
2729,5,0,95
2730,5,0,95
2731,5,0,95
2732,5,0,95
2733,5,0,95
2734,5,0,95
2735,5,0,95
2736,5,0,95
2737,5,0,95
2738,5,0,95
2739,5,0,95
2740,5,0,95
2741,5,0,95
2742,5,0,95
2743,5,0,95
2744,5,0,95
2745,5,0,95
2746,5,0,95
2747,5,0,95
2748,5,0,95
2749,5,0,95
2750,5,0,95
2751,5,0,95
2752,5,0,95
2753,5,0,95
2754,5,0,95
2755,5,0,95
2756,5,0,95
2757,5,0,95
2758,5,0,95
2759,5,0,95
2760,5,0,95
2761,5,0,95
2762,5,0,95
2763,5,0,95
2764,5,0,95
2765,5,0,95
2766,5,0,95
2767,5,0,95
2768,5,0,95
2769,5,0,95
2770,5,0,95
2771,5,0,95
2772,5,0,95
2773,5,0,95
2774,5,0,95
2775,5,0,95
2776,5,0,95
2777,5,0,95
2778,5,0,95
2779,5,0,95
2780,5,0,95
2781,5,0,95
2782,5,0,95
2783,5,0,95
2784,5,0,95
2785,5,0,95
2786,5,0,95
2787,5,0,95
2788,5,0,95
2789,5,0,95
2790,5,0,95
2791,5,0,95
2792,5,0,95
2793,5,0,95
2794,5,0,95
2795,5,0,95
2796,5,0,95
2797,5,0,95
2798,5,0,95
2799,5,0,95
2800,5,0,95
2801,5,0,95
2802,5,0,95
2803,5,0,95
2804,5,0,95
2805,5,0,95
2806,5,0,95
2807,5,0,95
2808,5,0,95
2809,5,0,95
2810,5,0,95
2811,5,0,95
2812,5,0,95
2813,5,0,95
2814,5,0,95
2815,5,0,95
2816,5,0,95
2817,5,0,95
2818,5,0,95
2819,5,0,95
2820,5,0,95
2821,5,0,95
2822,5,0,95
2823,5,0,95
2824,5,0,95
2825,5,0,95
2826,5,0,95
2827,5,0,95
2828,5,0,95
2829,5,0,95
2830,5,0,95
2831,5,0,95
2832,5,0,95
2833,5,0,95
2834,5,0,95
2835,5,0,95
2836,5,0,95
2837,5,0,95
2838,5,0,95
2839,5,0,95
2840,5,0,95
2841,5,0,95
2842,5,0,95
2843,5,0,95
2844,5,0,95
2845,5,0,95
2846,5,0,95
2847,5,0,95
2848,5,0,95
2849,5,0,95
2850,5,0,95
2851,5,0,95
2852,5,0,95
2853,5,0,95
2854,5,0,95
2855,5,0,95
2856,5,0,95
2857,5,0,95
2858,5,0,95
2859,5,0,95
2860,5,0,95
2861,5,0,95
2862,5,0,95
2863,5,0,95
2864,5,0,95
2865,5,0,95
2866,5,0,95
2867,5,0,95
2868,5,0,95
2869,5,0,95
2870,5,0,95
2871,5,0,95
2872,5,0,95
2873,5,0,95
2874,5,0,95
2875,5,0,95
2876,5,0,95
2877,5,0,95
2878,5,0,95
2879,5,0,95
2880,5,0,95
2881,5,0,95
2882,5,0,95
2883,5,0,95
2884,5,0,95
2885,5,0,95
2886,5,0,95
2887,5,0,95
2888,5,0,95
2889,5,0,95
2890,5,0,95
2891,5,0,95
2892,5,0,95
2893,5,0,95
2894,5,0,95
2895,5,0,95
2896,5,0,95
2897,5,0,95
2898,5,0,95
2899,5,0,95
2900,5,0,95
2901,5,0,95
2902,5,0,95
2903,5,0,95
2904,5,0,95
2905,5,0,95
2906,5,0,95
2907,5,0,95
2908,5,0,95
2909,5,0,95
2910,5,0,95
2911,5,0,95
2912,5,0,95
2913,5,0,95
2914,5,0,95
2915,5,0,95
2916,5,0,95
2917,5,0,95
2918,5,0,95
2919,5,0,95
2920,5,0,95
2921,5,0,95
2922,5,0,95
2923,5,0,95
2924,5,0,95
2925,5,0,95
2926,5,0,95
2927,5,0,95
2928,5,0,95
2929,5,0,95
2930,5,0,95
2931,5,0,95
2932,5,0,95
2933,5,0,95
2934,5,0,95
2935,5,0,95
2936,5,0,95
2937,5,0,95
2938,5,0,95
2939,5,0,95
2940,5,0,95
2941,5,0,95
2942,5,0,95
2943,5,0,95
2944,5,0,95
2945,5,0,95
2946,5,0,95
2947,5,0,95
2948,5,0,95
2949,5,0,95
2950,5,0,95
2951,5,0,95
2952,5,0,95
2953,5,0,95
2954,5,0,95
2955,5,0,95
2956,5,0,95
2957,5,0,95
2958,5,0,95
2959,5,0,95
2960,5,0,95
2961,5,0,95
2962,5,0,95
2963,5,0,95
2964,5,0,95
2965,5,0,95
2966,5,0,95
2967,5,0,95
2968,5,0,95
2969,5,0,95
2970,5,0,95
2971,5,0,95
2972,5,0,95
2973,5,0,95
2974,5,0,95
2975,5,0,95
2976,5,0,95
2977,5,0,95
2978,5,0,95
2979,5,0,95
2980,5,0,95
2981,5,0,95
2982,5,0,95
2983,5,0,95
2984,5,0,95
2985,5,0,95
2986,5,0,95
2987,5,0,95
2988,5,0,95
2989,5,0,95
2990,5,0,95
2991,5,0,95
2992,5,0,95
2993,5,0,95
2994,5,0,95
2995,5,0,95
2996,5,0,95
2997,5,0,95
2998,5,0,95
2999,5,0,95
3000,5,0,95
