Time,Healthy,Undetectable,Detectable
0,97,3,0
1,97,3,0
2,97,3,0
3,97,3,0
4,97,3,0
5,97,3,0
6,97,3,0
7,97,3,0
8,97,3,0
9,97,3,0
10,97,3,0
11,97,3,0
12,97,3,0
13,97,3,0
14,97,3,0
15,97,3,0
16,97,3,0
17,97,3,0
18,97,3,0
19,97,3,0
20,97,3,0
21,97,3,0
22,97,3,0
23,97,3,0
24,97,3,0
25,97,3,0
26,97,3,0
27,96,4,0
28,96,4,0
29,96,4,0
30,96,4,0
31,96,4,0
32,96,4,0
33,95,5,0
34,95,5,0
35,95,5,0
36,95,5,0
37,95,5,0
38,95,5,0
39,94,6,0
40,94,5,1
41,94,5,1
42,94,5,1
43,94,5,1
44,94,5,1
45,94,5,1
46,93,6,1
47,93,6,1
48,93,6,1
49,93,6,1
50,93,6,1
51,93,5,2
52,93,5,2
53,93,5,2
54,93,5,2
55,93,5,2
56,93,5,2
57,93,5,2
58,93,5,2
59,93,5,2
60,93,5,2
61,93,5,2
62,93,5,2
63,92,6,2
64,92,6,2
65,92,6,2
66,92,6,2
67,91,7,2
68,91,7,2
69,90,8,2
70,89,9,2
71,89,9,2
72,89,9,2
73,89,9,2
74,89,9,2
75,88,10,2
76,88,10,2
77,88,10,2
78,88,10,2
79,88,10,2
80,88,10,2
81,88,10,2
82,88,10,2
83,88,10,2
84,88,10,2
85,88,10,2
86,88,10,2
87,88,10,2
88,88,10,2
89,88,10,2
90,88,10,2
91,88,10,2
92,88,10,2
93,87,11,2
94,87,11,2
95,87,11,2
96,87,11,2
97,86,12,2
98,86,12,2
99,86,12,2
100,86,12,2
101,85,13,2
102,85,13,2
103,84,14,2
104,84,14,2
105,84,14,2
106,84,14,2
107,84,14,2
108,84,14,2
109,84,13,3
110,84,13,3
111,83,14,3
112,83,14,3
113,83,14,3
114,83,14,3
115,83,14,3
116,82,15,3
117,82,15,3
118,82,15,3
119,81,16,3
120,81,16,3
121,81,16,3
122,80,17,3
123,80,17,3
124,80,17,3
125,80,17,3
126,80,17,3
127,80,17,3
128,80,17,3
129,80,17,3
130,80,17,3
131,80,17,3
132,80,17,3
133,79,18,3
134,79,18,3
135,79,18,3
136,78,19,3
137,78,19,3
138,77,20,3
139,76,21,3
140,75,22,3
141,75,22,3
142,74,22,4
143,74,22,4
144,73,23,4
145,73,23,4
146,73,23,4
147,73,23,4
148,73,23,4
149,73,23,4
150,73,23,4
151,73,23,4
152,73,23,4
153,73,23,4
154,73,23,4
155,73,23,4
156,73,23,4
157,73,23,4
158,73,23,4
159,73,23,4
160,73,23,4
161,73,23,4
162,73,23,4
163,73,23,4
164,73,23,4
165,73,23,4
166,73,23,4
167,72,24,4
168,70,26,4
169,70,26,4
170,70,26,4
171,70,26,4
172,70,26,4
173,70,25,5
174,70,25,5
175,70,25,5
176,70,25,5
177,70,25,5
178,70,25,5
179,70,25,5
180,70,24,6
181,70,24,6
182,70,24,6
183,70,24,6
184,70,24,6
185,70,24,6
186,70,24,6
187,70,24,6
188,70,24,6
189,70,24,6
190,70,24,6
191,70,24,6
192,70,24,6
193,70,24,6
194,70,24,6
195,70,23,7
196,70,22,8
197,69,23,8
198,69,23,8
199,69,23,8
200,68,24,8
201,68,24,8
202,68,24,8
203,68,24,8
204,67,25,8
205,67,25,8
206,67,25,8
207,67,25,8
208,67,25,8
209,67,25,8
210,67,25,8
211,67,25,8
212,67,25,8
213,67,25,8
214,67,25,8
215,67,24,9
216,65,26,9
217,65,26,9
218,65,26,9
219,65,26,9
220,65,26,9
221,65,26,9
222,65,26,9
223,65,26,9
224,65,26,9
225,65,26,9
226,65,26,9
227,65,25,10
228,64,26,10
229,64,26,10
230,64,26,10
231,64,26,10
232,64,26,10
233,63,27,10
234,63,27,10
235,63,27,10
236,63,27,10
237,62,28,10
238,62,28,10
239,62,27,11
240,62,26,12
241,62,26,12
242,62,26,12
243,62,26,12
244,62,26,12
245,62,26,12
246,62,26,12
247,62,26,12
248,62,26,12
249,62,25,13
250,62,25,13
251,62,25,13
252,62,25,13
253,62,25,13
254,62,25,13
255,61,26,13
256,61,26,13
257,61,26,13
258,61,25,14
259,60,25,15
260,60,25,15
261,60,25,15
262,60,25,15
263,59,26,15
264,59,26,15
265,59,25,16
266,59,25,16
267,59,25,16
268,59,25,16
269,59,25,16
270,59,25,16
271,59,25,16
272,59,25,16
273,58,25,17
274,58,25,17
275,58,25,17
276,58,25,17
277,58,25,17
278,58,25,17
279,58,25,17
280,58,25,17
281,58,25,17
282,58,25,17
283,58,25,17
284,57,26,17
285,57,26,17
286,57,26,17
287,57,26,17
288,57,26,17
289,57,26,17
290,57,26,17
291,57,26,17
292,57,26,17
293,57,26,17
294,57,26,17
295,57,26,17
296,57,26,17
297,57,26,17
298,55,28,17
299,55,28,17
300,55,28,17
301,55,28,17
302,55,28,17
303,55,28,17
304,55,28,17
305,55,28,17
306,55,28,17
307,55,28,17
308,55,28,17
309,55,28,17
310,55,28,17
311,55,28,17
312,55,28,17
313,55,28,17
314,55,28,17
315,54,29,17
316,54,29,17
317,54,28,18
318,54,28,18
319,54,28,18
320,54,28,18
321,54,28,18
322,54,27,19
323,54,27,19
324,54,27,19
325,54,27,19
326,54,27,19
327,54,27,19
328,54,27,19
329,54,27,19
330,53,28,19
331,53,28,19
332,53,28,19
333,53,28,19
334,53,28,19
335,53,28,19
336,53,28,19
337,53,28,19
338,53,28,19
339,53,28,19
340,53,27,20
341,53,27,20
342,53,27,20
343,53,27,20
344,53,27,20
345,53,27,20
346,53,27,20
347,52,27,21
348,52,27,21
349,52,27,21
350,52,27,21
351,52,27,21
352,52,27,21
353,52,27,21
354,52,27,21
355,52,27,21
356,52,27,21
357,52,27,21
358,52,26,22
359,51,27,22
360,51,27,22
361,51,27,22
362,51,27,22
363,51,27,22
364,50,28,22
365,50,28,22
366,50,28,22
367,50,28,22
368,50,28,22
369,50,28,22
370,49,29,22
371,49,28,23
372,49,28,23
373,49,28,23
374,49,28,23
375,49,28,23
376,49,28,23
377,49,28,23
378,49,28,23
379,49,27,24
380,49,27,24
381,49,26,25
382,49,26,25
383,49,26,25
384,49,26,25
385,49,26,25
386,48,27,25
387,48,27,25
388,48,27,25
389,48,27,25
390,47,27,26
391,47,27,26
392,47,27,26
393,47,27,26
394,47,26,27
395,47,26,27
396,47,26,27
397,47,26,27
398,47,26,27
399,47,26,27
400,47,26,27
401,47,26,27
402,47,26,27
403,47,26,27
404,47,25,28
405,47,25,28
406,46,26,28
407,46,26,28
408,46,26,28
409,46,26,28
410,46,26,28
411,45,27,28
412,45,27,28
413,45,27,28
414,45,27,28
415,45,26,29
416,45,26,29
417,44,27,29
418,44,27,29
419,44,27,29
420,44,27,29
421,43,28,29
422,43,28,29
423,43,28,29
424,43,28,29
425,42,29,29
426,42,29,29
427,42,29,29
428,41,30,29
429,41,30,29
430,41,30,29
431,41,30,29
432,41,30,29
433,41,30,29
434,41,29,30
435,41,29,30
436,41,29,30
437,41,28,31
438,41,28,31
439,41,28,31
440,41,28,31
441,41,28,31
442,41,28,31
443,41,28,31
444,41,28,31
445,41,28,31
446,41,27,32
447,40,28,32
448,40,28,32
449,40,28,32
450,40,28,32
451,39,29,32
452,39,29,32
453,39,28,33
454,39,28,33
455,39,28,33
456,39,28,33
457,39,28,33
458,39,28,33
459,39,28,33
460,39,28,33
461,39,28,33
462,39,28,33
463,39,28,33
464,39,28,33
465,39,28,33
466,39,28,33
467,39,28,33
468,39,28,33
469,38,29,33
470,38,29,33
471,38,29,33
472,38,29,33
473,38,29,33
474,38,29,33
475,38,29,33
476,38,29,33
477,38,28,34
478,38,28,34
479,38,28,34
480,38,28,34
481,38,28,34
482,38,28,34
483,37,29,34
484,37,29,34
485,37,29,34
486,37,29,34
487,37,29,34
488,37,29,34
489,37,29,34
490,37,29,34
491,37,29,34
492,37,29,34
493,37,29,34
494,37,29,34
495,37,29,34
496,37,29,34
497,37,29,34
498,37,29,34
499,37,29,34
500,37,29,34
501,37,29,34
502,37,29,34
503,37,29,34
504,37,29,34
505,37,29,34
506,37,29,34
507,37,29,34
508,37,29,34
509,37,29,34
510,37,29,34
511,37,28,35
512,37,28,35
513,37,28,35
514,37,28,35
515,37,28,35
516,37,28,35
517,36,29,35
518,36,29,35
519,36,29,35
520,36,29,35
521,36,29,35
522,36,29,35
523,36,29,35
524,35,30,35
525,35,30,35
526,35,30,35
527,35,30,35
528,35,30,35
529,35,30,35
530,35,30,35
531,35,30,35
532,35,30,35
533,35,30,35
534,35,30,35
535,35,30,35
536,35,30,35
537,35,30,35
538,34,31,35
539,34,31,35
540,34,31,35
541,34,30,36
542,34,29,37
543,34,29,37
544,34,29,37
545,34,29,37
546,34,29,37
547,34,29,37
548,34,29,37
549,34,29,37
550,34,29,37
551,34,29,37
552,34,29,37
553,34,29,37
554,34,29,37
555,34,29,37
556,34,29,37
557,34,29,37
558,34,29,37
559,34,29,37
560,34,29,37
561,34,29,37
562,34,29,37
563,34,29,37
564,34,29,37
565,34,29,37
566,34,29,37
567,34,29,37
568,34,28,38
569,33,29,38
570,33,29,38
571,33,29,38
572,33,29,38
573,33,29,38
574,33,28,39
575,33,28,39
576,33,28,39
577,33,28,39
578,33,28,39
579,33,28,39
580,33,28,39
581,33,28,39
582,33,28,39
583,33,28,39
584,32,29,39
585,32,29,39
586,32,29,39
587,32,29,39
588,32,29,39
589,32,29,39
590,32,29,39
591,32,28,40
592,32,28,40
593,32,28,40
594,32,28,40
595,32,28,40
596,32,28,40
597,32,28,40
598,32,28,40
599,32,28,40
600,32,28,40
601,32,27,41
602,32,27,41
603,31,28,41
604,31,28,41
605,31,28,41
606,31,28,41
607,31,28,41
608,31,28,41
609,31,28,41
610,31,28,41
611,31,28,41
612,31,28,41
613,31,28,41
614,31,27,42
615,31,27,42
616,31,27,42
617,31,27,42
618,31,27,42
619,31,27,42
620,31,27,42
621,31,27,42
622,31,27,42
623,31,27,42
624,31,27,42
625,31,26,43
626,31,26,43
627,31,26,43
628,31,26,43
629,31,26,43
630,31,26,43
631,31,26,43
632,31,26,43
633,31,26,43
634,31,26,43
635,31,26,43
636,31,26,43
637,31,26,43
638,31,26,43
639,31,26,43
640,31,26,43
641,31,26,43
642,31,26,43
643,31,26,43
644,30,27,43
645,30,27,43
646,29,28,43
647,29,28,43
648,29,28,43
649,29,28,43
650,29,28,43
651,29,27,44
652,29,27,44
653,29,27,44
654,29,27,44
655,29,27,44
656,29,27,44
657,29,27,44
658,28,28,44
659,28,28,44
660,28,28,44
661,28,28,44
662,28,28,44
663,28,28,44
664,28,27,45
665,28,27,45
666,28,27,45
667,27,28,45
668,27,28,45
669,27,28,45
670,27,28,45
671,27,28,45
672,27,28,45
673,27,28,45
674,27,28,45
675,27,28,45
676,27,28,45
677,27,28,45
678,27,27,46
679,27,27,46
680,27,27,46
681,27,27,46
682,27,27,46
683,27,27,46
684,27,27,46
685,27,27,46
686,27,27,46
687,27,27,46
688,27,27,46
689,27,27,46
690,27,27,46
691,27,27,46
692,27,27,46
693,27,27,46
694,27,27,46
695,27,27,46
696,27,27,46
697,27,27,46
698,27,27,46
699,27,27,46
700,27,27,46
701,27,27,46
702,27,27,46
703,27,27,46
704,26,28,46
705,26,28,46
706,26,27,47
707,26,27,47
708,26,27,47
709,26,27,47
710,26,27,47
711,26,27,47
712,26,27,47
713,26,26,48
714,26,26,48
715,26,26,48
716,26,26,48
717,25,27,48
718,25,27,48
719,25,27,48
720,25,27,48
721,25,27,48
722,25,26,49
723,25,26,49
724,25,26,49
725,25,26,49
726,25,26,49
727,25,26,49
728,25,26,49
729,25,26,49
730,25,26,49
731,25,26,49
732,25,26,49
733,25,26,49
734,25,26,49
735,25,26,49
736,25,26,49
737,25,26,49
738,25,26,49
739,25,26,49
740,25,26,49
741,25,26,49
742,25,26,49
743,25,26,49
744,25,26,49
745,25,26,49
746,25,26,49
747,25,26,49
748,25,26,49
749,25,26,49
750,25,26,49
751,25,26,49
752,25,26,49
753,25,26,49
754,25,26,49
755,25,26,49
756,25,26,49
757,25,26,49
758,25,25,50
759,25,25,50
760,25,25,50
761,25,25,50
762,25,25,50
763,25,25,50
764,25,25,50
765,25,25,50
766,25,25,50
767,25,25,50
768,25,25,50
769,25,25,50
770,25,25,50
771,25,25,50
772,25,25,50
773,25,25,50
774,25,25,50
775,25,24,51
776,25,24,51
777,25,24,51
778,25,24,51
779,25,24,51
780,25,24,51
781,25,24,51
782,25,24,51
783,25,24,51
784,25,23,52
785,25,23,52
786,25,23,52
787,25,23,52
788,25,23,52
789,25,23,52
790,25,23,52
791,25,23,52
792,25,23,52
793,25,23,52
794,25,23,52
795,25,23,52
796,25,23,52
797,25,23,52
798,25,23,52
799,25,23,52
800,25,23,52
801,25,23,52
802,25,23,52
803,25,23,52
804,25,23,52
805,25,23,52
806,25,23,52
807,25,23,52
808,24,24,52
809,24,24,52
810,24,24,52
811,23,25,52
812,23,25,52
813,23,25,52
814,23,25,52
815,23,25,52
816,23,25,52
817,23,25,52
818,23,25,52
819,23,25,52
820,23,25,52
821,23,25,52
822,23,25,52
823,23,25,52
824,23,25,52
825,23,25,52
826,23,25,52
827,23,25,52
828,23,25,52
829,23,25,52
830,23,25,52
831,23,25,52
832,23,25,52
833,23,25,52
834,23,25,52
835,23,25,52
836,23,25,52
837,23,25,52
838,22,26,52
839,22,26,52
840,22,26,52
841,22,26,52
842,22,26,52
843,22,26,52
844,22,26,52
845,22,26,52
846,22,26,52
847,22,26,52
848,22,26,52
849,21,26,53
850,21,26,53
851,21,26,53
852,21,26,53
853,21,26,53
854,21,26,53
855,21,26,53
856,21,25,54
857,21,25,54
858,21,24,55
859,21,24,55
860,21,24,55
861,21,24,55
862,21,24,55
863,21,24,55
864,21,24,55
865,21,23,56
866,21,23,56
867,21,23,56
868,21,23,56
869,21,23,56
870,21,23,56
871,21,23,56
872,21,23,56
873,21,23,56
874,21,23,56
875,21,23,56
876,21,23,56
877,21,23,56
878,21,23,56
879,21,23,56
880,21,23,56
881,21,23,56
882,21,23,56
883,21,23,56
884,21,23,56
885,21,23,56
886,21,23,56
887,21,23,56
888,21,23,56
889,21,23,56
890,21,23,56
891,21,23,56
892,21,23,56
893,21,23,56
894,21,23,56
895,21,23,56
896,21,23,56
897,21,23,56
898,21,23,56
899,21,23,56
900,21,23,56
901,21,23,56
902,21,23,56
903,21,23,56
904,21,23,56
905,21,23,56
906,21,23,56
907,21,23,56
908,21,23,56
909,21,23,56
910,21,23,56
911,21,23,56
912,21,23,56
913,21,23,56
914,21,23,56
915,21,23,56
916,21,22,57
917,21,22,57
918,21,22,57
919,21,22,57
920,21,22,57
921,21,22,57
922,21,22,57
923,21,22,57
924,21,22,57
925,21,22,57
926,21,22,57
927,21,22,57
928,21,22,57
929,21,21,58
930,21,21,58
931,21,21,58
932,21,21,58
933,21,21,58
934,21,21,58
935,21,21,58
936,21,21,58
937,21,21,58
938,21,21,58
939,21,21,58
940,21,21,58
941,21,20,59
942,21,20,59
943,21,20,59
944,21,20,59
945,21,20,59
946,21,20,59
947,21,20,59
948,21,20,59
949,21,20,59
950,21,20,59
951,21,20,59
952,21,20,59
953,21,20,59
954,21,20,59
955,21,20,59
956,21,20,59
957,21,20,59
958,21,20,59
959,21,20,59
960,21,20,59
961,21,20,59
962,21,19,60
963,21,19,60
964,21,19,60
965,21,19,60
966,21,19,60
967,21,19,60
968,21,19,60
969,21,19,60
970,21,19,60
971,21,19,60
972,21,19,60
973,21,19,60
974,20,20,60
975,20,20,60
976,20,20,60
977,20,20,60
978,20,20,60
979,20,20,60
980,20,20,60
981,20,20,60
982,20,20,60
983,20,20,60
984,20,20,60
985,20,20,60
986,20,20,60
987,20,20,60
988,20,20,60
989,20,20,60
990,20,20,60
991,20,20,60
992,20,20,60
993,20,20,60
994,20,20,60
995,20,20,60
996,20,20,60
997,20,20,60
998,20,20,60
999,20,20,60
1000,20,20,60
1001,20,20,60
1002,20,20,60
1003,20,20,60
1004,20,20,60
1005,20,20,60
1006,20,20,60
1007,20,20,60
1008,20,20,60
1009,20,20,60
1010,20,20,60
1011,20,20,60
1012,20,19,61
1013,20,19,61
1014,20,19,61
1015,20,19,61
1016,20,19,61
1017,20,19,61
1018,20,19,61
1019,20,19,61
1020,20,19,61
1021,20,19,61
1022,20,18,62
1023,20,18,62
1024,20,18,62
1025,20,18,62
1026,20,18,62
1027,20,18,62
1028,20,18,62
1029,20,18,62
1030,20,18,62
1031,20,18,62
1032,20,18,62
1033,20,18,62
1034,20,18,62
1035,20,18,62
1036,20,17,63
1037,20,17,63
1038,20,17,63
1039,20,17,63
1040,20,17,63
1041,20,17,63
1042,20,17,63
1043,20,17,63
1044,20,16,64
1045,20,16,64
1046,20,16,64
1047,20,16,64
1048,20,15,65
1049,19,16,65
1050,19,16,65
1051,19,16,65
1052,19,16,65
1053,19,16,65
1054,19,16,65
1055,19,16,65
1056,19,16,65
1057,19,16,65
1058,19,16,65
1059,19,16,65
1060,19,16,65
1061,19,16,65
1062,19,16,65
1063,19,16,65
1064,19,16,65
1065,19,16,65
1066,19,16,65
1067,19,16,65
1068,19,16,65
1069,19,16,65
1070,19,16,65
1071,19,16,65
1072,19,16,65
1073,19,16,65
1074,19,16,65
1075,19,16,65
1076,19,16,65
1077,19,16,65
1078,19,16,65
1079,19,16,65
1080,19,16,65
1081,19,16,65
1082,19,16,65
1083,19,16,65
1084,19,16,65
1085,19,16,65
1086,19,16,65
1087,19,16,65
1088,19,16,65
1089,19,16,65
1090,19,16,65
1091,19,16,65
1092,19,16,65
1093,19,16,65
1094,19,16,65
1095,19,16,65
1096,19,16,65
1097,19,16,65
1098,19,16,65
1099,19,16,65
1100,19,16,65
1101,19,16,65
1102,19,16,65
1103,19,16,65
1104,19,16,65
1105,19,16,65
1106,19,16,65
1107,19,16,65
1108,19,16,65
1109,19,16,65
1110,19,16,65
1111,19,16,65
1112,19,16,65
1113,19,16,65
1114,19,16,65
1115,19,16,65
1116,19,16,65
1117,19,16,65
1118,19,16,65
1119,19,16,65
1120,19,16,65
1121,19,16,65
1122,19,16,65
1123,18,17,65
1124,18,17,65
1125,18,17,65
1126,18,17,65
1127,18,17,65
1128,18,16,66
1129,18,16,66
1130,18,16,66
1131,18,16,66
1132,18,16,66
1133,18,16,66
1134,18,16,66
1135,18,16,66
1136,18,16,66
1137,18,16,66
1138,18,16,66
1139,18,16,66
1140,18,16,66
1141,18,16,66
1142,18,16,66
1143,18,16,66
1144,18,16,66
1145,18,16,66
1146,18,16,66
1147,18,16,66
1148,18,16,66
1149,18,16,66
1150,18,16,66
1151,18,16,66
1152,18,16,66
1153,18,16,66
1154,18,16,66
1155,18,16,66
1156,18,16,66
1157,18,16,66
1158,18,16,66
1159,18,16,66
1160,18,16,66
1161,18,16,66
1162,18,16,66
1163,18,16,66
1164,18,16,66
1165,18,16,66
1166,18,16,66
1167,18,16,66
1168,18,16,66
1169,18,16,66
1170,18,16,66
1171,18,16,66
1172,18,16,66
1173,18,16,66
1174,18,16,66
1175,18,16,66
1176,18,16,66
1177,18,16,66
1178,18,16,66
1179,18,16,66
1180,18,16,66
1181,18,16,66
1182,18,16,66
1183,18,16,66
1184,18,16,66
1185,18,16,66
1186,18,16,66
1187,18,16,66
1188,18,16,66
1189,18,16,66
1190,18,16,66
1191,18,16,66
1192,18,16,66
1193,18,16,66
1194,18,16,66
1195,18,16,66
1196,18,16,66
1197,18,16,66
1198,18,16,66
1199,18,16,66
1200,18,16,66
1201,18,16,66
1202,18,16,66
1203,18,16,66
1204,18,16,66
1205,18,16,66
1206,18,15,67
1207,18,15,67
1208,18,15,67
1209,17,16,67
1210,17,16,67
1211,17,16,67
1212,17,16,67
1213,17,16,67
1214,17,16,67
1215,17,16,67
1216,17,16,67
1217,17,16,67
1218,17,16,67
1219,17,16,67
1220,17,16,67
1221,17,15,68
1222,17,15,68
1223,17,15,68
1224,16,16,68
1225,16,16,68
1226,16,16,68
1227,16,16,68
1228,16,16,68
1229,16,16,68
1230,16,16,68
1231,16,16,68
1232,16,16,68
1233,16,16,68
1234,16,16,68
1235,16,16,68
1236,16,16,68
1237,16,16,68
1238,16,16,68
1239,16,16,68
1240,16,16,68
1241,16,16,68
1242,16,16,68
1243,16,16,68
1244,16,16,68
1245,16,16,68
1246,16,16,68
1247,16,16,68
1248,16,16,68
1249,16,16,68
1250,16,16,68
1251,16,16,68
1252,16,16,68
1253,16,16,68
1254,16,16,68
1255,16,16,68
1256,16,16,68
1257,15,17,68
1258,15,17,68
1259,15,16,69
1260,15,16,69
1261,15,16,69
1262,15,16,69
1263,15,16,69
1264,15,16,69
1265,15,16,69
1266,15,16,69
1267,15,16,69
1268,15,16,69
1269,15,16,69
1270,15,16,69
1271,15,16,69
1272,15,16,69
1273,15,16,69
1274,15,16,69
1275,15,16,69
1276,15,16,69
1277,15,16,69
1278,15,16,69
1279,15,16,69
1280,15,16,69
1281,15,16,69
1282,15,16,69
1283,15,16,69
1284,15,16,69
1285,15,16,69
1286,15,16,69
1287,15,16,69
1288,15,15,70
1289,15,15,70
1290,15,15,70
1291,15,15,70
1292,15,15,70
1293,15,15,70
1294,15,15,70
1295,15,14,71
1296,15,14,71
1297,15,14,71
1298,15,14,71
1299,15,14,71
1300,15,13,72
1301,15,13,72
1302,15,13,72
1303,15,13,72
1304,15,13,72
1305,15,13,72
1306,15,13,72
1307,15,13,72
1308,15,13,72
1309,15,13,72
1310,15,13,72
1311,15,13,72
1312,15,13,72
1313,15,13,72
1314,15,13,72
1315,15,13,72
1316,15,13,72
1317,15,13,72
1318,15,13,72
1319,15,13,72
1320,15,13,72
1321,15,13,72
1322,15,13,72
1323,15,13,72
1324,15,13,72
1325,15,13,72
1326,15,13,72
1327,15,13,72
1328,15,13,72
1329,15,13,72
1330,15,13,72
1331,15,13,72
1332,15,13,72
1333,15,13,72
1334,15,13,72
1335,15,13,72
1336,15,13,72
1337,15,13,72
1338,15,13,72
1339,15,13,72
1340,15,13,72
1341,15,13,72
1342,15,13,72
1343,15,13,72
1344,15,13,72
1345,15,13,72
1346,15,13,72
1347,15,13,72
1348,15,13,72
1349,15,13,72
1350,15,13,72
1351,15,13,72
1352,15,13,72
1353,15,13,72
1354,15,13,72
1355,15,13,72
1356,15,13,72
1357,15,13,72
1358,15,13,72
1359,15,13,72
1360,15,13,72
1361,15,13,72
1362,15,13,72
1363,15,13,72
1364,15,13,72
1365,15,13,72
1366,15,12,73
1367,15,12,73
1368,15,12,73
1369,15,12,73
1370,15,12,73
1371,15,12,73
1372,15,12,73
1373,15,12,73
1374,15,12,73
1375,15,12,73
1376,15,12,73
1377,15,12,73
1378,15,12,73
1379,15,12,73
1380,15,12,73
1381,15,12,73
1382,15,12,73
1383,15,11,74
1384,15,11,74
1385,15,11,74
1386,15,11,74
1387,15,11,74
1388,15,11,74
1389,15,11,74
1390,15,11,74
1391,15,11,74
1392,15,11,74
1393,15,11,74
1394,15,11,74
1395,15,11,74
1396,15,11,74
1397,15,11,74
1398,15,11,74
1399,15,11,74
1400,15,11,74
1401,15,11,74
1402,15,11,74
1403,15,11,74
1404,15,11,74
1405,15,11,74
1406,15,11,74
1407,15,11,74
1408,15,11,74
1409,15,11,74
1410,15,11,74
1411,15,11,74
1412,15,11,74
1413,15,11,74
1414,15,11,74
1415,15,11,74
1416,15,11,74
1417,15,11,74
1418,15,11,74
1419,15,11,74
1420,15,11,74
1421,15,11,74
1422,15,11,74
1423,15,11,74
1424,15,11,74
1425,15,11,74
1426,15,11,74
1427,15,11,74
1428,15,11,74
1429,15,11,74
1430,15,11,74
1431,15,11,74
1432,15,11,74
1433,15,11,74
1434,15,10,75
1435,15,10,75
1436,15,10,75
1437,15,10,75
1438,15,10,75
1439,15,10,75
1440,15,10,75
1441,15,10,75
1442,15,10,75
1443,15,10,75
1444,15,10,75
1445,15,10,75
1446,15,10,75
1447,15,10,75
1448,15,10,75
1449,15,10,75
1450,15,10,75
1451,15,10,75
1452,15,10,75
1453,15,10,75
1454,15,10,75
1455,15,10,75
1456,15,10,75
1457,15,10,75
1458,15,10,75
1459,15,10,75
1460,15,10,75
1461,15,10,75
1462,15,10,75
1463,15,10,75
1464,15,10,75
1465,15,10,75
1466,15,10,75
1467,15,10,75
1468,15,10,75
1469,15,10,75
1470,15,10,75
1471,15,10,75
1472,15,10,75
1473,15,10,75
1474,15,10,75
1475,15,10,75
1476,15,10,75
1477,15,10,75
1478,15,10,75
1479,15,10,75
1480,15,10,75
1481,15,10,75
1482,15,10,75
1483,15,10,75
1484,15,10,75
1485,15,10,75
1486,15,9,76
1487,15,9,76
1488,15,9,76
1489,15,9,76
1490,15,9,76
1491,15,9,76
1492,15,9,76
1493,15,9,76
1494,15,9,76
1495,15,9,76
1496,15,9,76
1497,15,9,76
1498,15,9,76
1499,15,9,76
1500,15,9,76
1501,15,9,76
1502,15,9,76
1503,15,9,76
1504,15,9,76
1505,15,9,76
1506,15,9,76
1507,15,9,76
1508,15,9,76
1509,15,9,76
1510,15,9,76
1511,15,9,76
1512,15,9,76
1513,15,9,76
1514,15,9,76
1515,15,9,76
1516,14,10,76
1517,14,10,76
1518,14,10,76
1519,14,10,76
1520,14,10,76
1521,14,10,76
1522,14,10,76
1523,14,10,76
1524,14,10,76
1525,14,10,76
1526,14,10,76
1527,14,10,76
1528,14,10,76
1529,14,10,76
1530,14,10,76
1531,14,10,76
1532,14,10,76
1533,14,10,76
1534,14,10,76
1535,14,10,76
1536,14,10,76
1537,14,10,76
1538,14,10,76
1539,14,10,76
1540,14,10,76
1541,14,10,76
1542,14,10,76
1543,14,10,76
1544,14,10,76
1545,14,10,76
1546,14,10,76
1547,14,10,76
1548,14,10,76
1549,14,10,76
1550,14,10,76
1551,14,10,76
1552,14,10,76
1553,14,10,76
1554,14,10,76
1555,14,10,76
1556,14,10,76
1557,14,10,76
1558,14,10,76
1559,14,10,76
1560,14,10,76
1561,14,10,76
1562,14,10,76
1563,14,10,76
1564,14,10,76
1565,14,10,76
1566,13,11,76
1567,13,11,76
1568,13,11,76
1569,13,11,76
1570,13,11,76
1571,13,11,76
1572,13,11,76
1573,13,11,76
1574,13,11,76
1575,13,11,76
1576,13,11,76
1577,13,11,76
1578,13,11,76
1579,13,11,76
1580,13,11,76
1581,13,11,76
1582,13,11,76
1583,13,11,76
1584,13,11,76
1585,13,11,76
1586,13,11,76
1587,13,11,76
1588,13,11,76
1589,13,11,76
1590,13,11,76
1591,13,11,76
1592,13,11,76
1593,13,11,76
1594,13,11,76
1595,13,11,76
1596,13,11,76
1597,13,11,76
1598,13,11,76
1599,13,11,76
1600,13,11,76
1601,13,11,76
1602,13,11,76
1603,13,10,77
1604,13,10,77
1605,13,10,77
1606,13,10,77
1607,13,10,77
1608,13,10,77
1609,13,10,77
1610,13,10,77
1611,13,10,77
1612,13,10,77
1613,13,10,77
1614,13,10,77
1615,13,10,77
1616,13,10,77
1617,13,10,77
1618,13,10,77
1619,13,10,77
1620,13,10,77
1621,13,10,77
1622,13,10,77
1623,13,10,77
1624,13,10,77
1625,13,10,77
1626,13,10,77
1627,13,10,77
1628,13,10,77
1629,13,10,77
1630,13,10,77
1631,13,10,77
1632,13,10,77
1633,13,10,77
1634,12,11,77
1635,12,11,77
1636,12,11,77
1637,12,11,77
1638,12,11,77
1639,12,11,77
1640,12,11,77
1641,12,11,77
1642,12,11,77
1643,12,11,77
1644,12,11,77
1645,12,11,77
1646,12,11,77
1647,12,11,77
1648,12,11,77
1649,12,11,77
1650,12,11,77
1651,12,11,77
1652,12,11,77
1653,12,11,77
1654,12,11,77
1655,12,11,77
1656,12,11,77
1657,12,11,77
1658,12,11,77
1659,12,11,77
1660,12,11,77
1661,12,11,77
1662,12,11,77
1663,12,11,77
1664,12,11,77
1665,12,11,77
1666,12,11,77
1667,12,11,77
1668,12,11,77
1669,12,11,77
1670,12,11,77
1671,12,11,77
1672,12,11,77
1673,12,11,77
1674,12,11,77
1675,12,11,77
1676,12,11,77
1677,12,11,77
1678,12,11,77
1679,12,11,77
1680,12,11,77
1681,12,11,77
1682,12,11,77
1683,12,11,77
1684,12,11,77
1685,12,11,77
1686,12,11,77
1687,12,11,77
1688,12,11,77
1689,12,11,77
1690,12,11,77
1691,12,11,77
1692,12,11,77
1693,12,11,77
1694,12,11,77
1695,12,11,77
1696,12,11,77
1697,12,11,77
1698,12,11,77
1699,12,11,77
1700,12,11,77
1701,12,11,77
1702,12,11,77
1703,12,11,77
1704,12,11,77
1705,12,11,77
1706,12,11,77
1707,12,11,77
1708,12,11,77
1709,12,11,77
1710,12,11,77
1711,12,11,77
1712,12,11,77
1713,12,11,77
1714,12,11,77
1715,12,11,77
1716,12,11,77
1717,12,11,77
1718,12,11,77
1719,12,11,77
1720,12,11,77
1721,12,11,77
1722,12,11,77
1723,12,11,77
1724,12,11,77
1725,12,11,77
1726,12,11,77
1727,12,11,77
1728,12,11,77
1729,12,11,77
1730,12,11,77
1731,12,11,77
1732,12,10,78
1733,12,10,78
1734,12,10,78
1735,12,10,78
1736,12,10,78
1737,12,10,78
1738,12,10,78
1739,12,10,78
1740,12,10,78
1741,12,10,78
1742,12,10,78
1743,12,10,78
1744,12,10,78
1745,12,10,78
1746,12,10,78
1747,12,10,78
1748,12,10,78
1749,12,10,78
1750,12,10,78
1751,12,10,78
1752,12,10,78
1753,12,10,78
1754,12,10,78
1755,12,10,78
1756,12,10,78
1757,12,10,78
1758,12,10,78
1759,12,10,78
1760,12,10,78
1761,11,11,78
1762,11,11,78
1763,11,11,78
1764,11,11,78
1765,11,11,78
1766,11,11,78
1767,11,11,78
1768,11,11,78
1769,11,11,78
1770,11,11,78
1771,11,11,78
1772,11,11,78
1773,11,11,78
1774,11,11,78
1775,11,11,78
1776,11,11,78
1777,11,11,78
1778,11,11,78
1779,11,11,78
1780,11,11,78
1781,11,11,78
1782,11,11,78
1783,11,11,78
1784,11,11,78
1785,11,11,78
1786,11,11,78
1787,11,11,78
1788,11,11,78
1789,11,11,78
1790,11,11,78
1791,11,11,78
1792,11,11,78
1793,11,11,78
1794,11,11,78
1795,11,11,78
1796,11,11,78
1797,11,11,78
1798,11,11,78
1799,11,11,78
1800,11,11,78
1801,11,11,78
1802,11,11,78
1803,11,11,78
1804,11,11,78
1805,11,11,78
1806,11,11,78
1807,11,11,78
1808,11,11,78
1809,11,11,78
1810,11,11,78
1811,11,11,78
1812,11,11,78
1813,11,11,78
1814,11,11,78
1815,11,10,79
1816,11,10,79
1817,11,10,79
1818,11,10,79
1819,11,10,79
1820,11,10,79
1821,11,10,79
1822,11,10,79
1823,11,10,79
1824,11,10,79
1825,11,10,79
1826,11,10,79
1827,11,10,79
1828,11,10,79
1829,11,10,79
1830,11,10,79
1831,11,10,79
1832,11,10,79
1833,11,10,79
1834,11,10,79
1835,11,10,79
1836,11,10,79
1837,11,10,79
1838,11,10,79
1839,11,10,79
1840,11,10,79
1841,11,10,79
1842,11,10,79
1843,11,10,79
1844,11,10,79
1845,11,10,79
1846,11,10,79
1847,11,10,79
1848,11,10,79
1849,11,10,79
1850,11,10,79
1851,11,10,79
1852,11,10,79
1853,11,10,79
1854,11,10,79
1855,11,10,79
1856,11,10,79
1857,11,10,79
1858,11,10,79
1859,11,10,79
1860,11,10,79
1861,11,10,79
1862,11,10,79
1863,11,10,79
1864,11,10,79
1865,11,10,79
1866,11,10,79
1867,11,10,79
1868,11,10,79
1869,11,10,79
1870,11,10,79
1871,10,11,79
1872,10,11,79
1873,10,11,79
1874,10,11,79
1875,10,11,79
1876,10,11,79
1877,10,11,79
1878,10,11,79
1879,10,11,79
1880,10,11,79
1881,10,11,79
1882,10,11,79
1883,10,11,79
1884,10,11,79
1885,10,11,79
1886,10,11,79
1887,10,11,79
1888,10,11,79
1889,10,11,79
1890,10,11,79
1891,10,11,79
1892,10,11,79
1893,10,11,79
1894,10,11,79
1895,10,11,79
1896,10,11,79
1897,10,11,79
1898,10,11,79
1899,10,11,79
1900,10,11,79
1901,10,11,79
1902,10,11,79
1903,10,11,79
1904,10,11,79
1905,10,11,79
1906,10,11,79
1907,10,11,79
1908,10,11,79
1909,10,11,79
1910,10,11,79
1911,10,11,79
1912,10,11,79
1913,10,11,79
1914,10,11,79
1915,10,11,79
1916,10,11,79
1917,10,11,79
1918,10,11,79
1919,10,11,79
1920,10,11,79
1921,10,11,79
1922,9,12,79
1923,9,12,79
1924,9,12,79
1925,9,12,79
1926,9,12,79
1927,9,12,79
1928,9,12,79
1929,9,12,79
1930,9,12,79
1931,9,12,79
1932,9,12,79
1933,9,12,79
1934,9,12,79
1935,9,12,79
1936,9,12,79
1937,9,12,79
1938,9,12,79
1939,9,12,79
1940,9,12,79
1941,9,12,79
1942,9,12,79
1943,9,12,79
1944,9,12,79
1945,9,12,79
1946,9,12,79
1947,9,12,79
1948,9,12,79
1949,9,12,79
1950,9,12,79
1951,9,12,79
1952,9,12,79
1953,9,12,79
1954,9,12,79
1955,9,12,79
1956,9,12,79
1957,9,12,79
1958,9,12,79
1959,9,12,79
1960,9,12,79
1961,9,12,79
1962,9,12,79
1963,9,12,79
1964,9,12,79
1965,9,12,79
1966,9,12,79
1967,9,12,79
1968,9,12,79
1969,9,12,79
1970,9,12,79
1971,9,12,79
1972,9,12,79
1973,9,12,79
1974,9,12,79
1975,9,12,79
1976,9,12,79
1977,9,12,79
1978,8,13,79
1979,8,13,79
1980,8,13,79
1981,8,13,79
1982,8,13,79
1983,8,13,79
1984,8,13,79
1985,8,13,79
1986,8,13,79
1987,8,13,79
1988,8,13,79
1989,8,13,79
1990,8,13,79
1991,8,13,79
1992,8,13,79
1993,8,13,79
1994,8,13,79
1995,8,13,79
1996,8,13,79
1997,8,13,79
1998,8,13,79
1999,8,13,79
2000,8,13,79
2001,8,13,79
2002,8,13,79
2003,8,13,79
2004,8,13,79
2005,8,13,79
2006,8,13,79
2007,8,13,79
2008,8,13,79
2009,8,13,79
2010,8,13,79
2011,8,13,79
2012,8,13,79
2013,8,13,79
2014,8,13,79
2015,8,13,79
2016,8,13,79
2017,8,13,79
2018,8,13,79
2019,8,13,79
2020,8,13,79
2021,8,13,79
2022,8,13,79
2023,8,13,79
2024,8,13,79
2025,8,13,79
2026,8,13,79
2027,8,13,79
2028,8,13,79
2029,8,13,79
2030,8,13,79
2031,8,13,79
2032,8,13,79
2033,8,13,79
2034,8,13,79
2035,8,13,79
2036,8,13,79
2037,8,13,79
2038,8,13,79
2039,8,13,79
2040,8,13,79
2041,8,13,79
2042,8,13,79
2043,8,13,79
2044,8,13,79
2045,8,13,79
2046,8,13,79
2047,8,13,79
2048,8,12,80
2049,8,12,80
2050,8,12,80
2051,8,12,80
2052,8,12,80
2053,8,12,80
2054,8,12,80
2055,8,12,80
2056,8,12,80
2057,8,12,80
2058,8,12,80
2059,8,12,80
2060,8,12,80
2061,8,12,80
2062,8,12,80
2063,8,12,80
2064,8,12,80
2065,8,12,80
2066,8,12,80
2067,8,12,80
2068,8,12,80
2069,8,12,80
2070,8,12,80
2071,8,12,80
2072,8,12,80
2073,8,12,80
2074,8,12,80
2075,8,12,80
2076,8,12,80
2077,8,12,80
2078,8,12,80
2079,8,12,80
2080,8,12,80
2081,8,12,80
2082,8,12,80
2083,8,12,80
2084,8,12,80
2085,8,12,80
2086,8,12,80
2087,8,12,80
2088,8,12,80
2089,8,12,80
2090,8,12,80
2091,8,12,80
2092,8,12,80
2093,8,12,80
2094,8,12,80
2095,8,12,80
2096,8,12,80
2097,8,12,80
2098,8,12,80
2099,8,12,80
2100,8,12,80
2101,8,12,80
2102,8,12,80
2103,8,12,80
2104,8,12,80
2105,8,12,80
2106,8,12,80
2107,8,12,80
2108,8,12,80
2109,8,12,80
2110,8,12,80
2111,8,12,80
2112,8,12,80
2113,8,12,80
2114,8,12,80
2115,8,12,80
2116,8,12,80
2117,8,12,80
2118,8,12,80
2119,8,12,80
2120,8,12,80
2121,8,12,80
2122,8,12,80
2123,8,12,80
2124,8,12,80
2125,8,12,80
2126,8,12,80
2127,8,12,80
2128,8,12,80
2129,8,12,80
2130,8,12,80
2131,8,12,80
2132,8,12,80
2133,8,12,80
2134,8,12,80
2135,8,12,80
2136,8,12,80
2137,8,12,80
2138,8,12,80
2139,8,12,80
2140,8,12,80
2141,8,12,80
2142,8,12,80
2143,8,12,80
2144,8,12,80
2145,8,12,80
2146,8,12,80
2147,8,12,80
2148,8,12,80
2149,8,12,80
2150,8,12,80
2151,8,12,80
2152,8,12,80
2153,8,12,80
2154,8,12,80
2155,8,12,80
2156,8,12,80
2157,8,12,80
2158,8,12,80
2159,8,12,80
2160,8,12,80
2161,8,12,80
2162,8,12,80
2163,8,12,80
2164,8,12,80
2165,8,12,80
2166,8,12,80
2167,8,12,80
2168,8,12,80
2169,8,12,80
2170,8,12,80
2171,8,12,80
2172,8,12,80
2173,8,12,80
2174,8,12,80
2175,8,12,80
2176,8,12,80
2177,8,12,80
2178,8,12,80
2179,8,12,80
2180,8,12,80
2181,8,12,80
2182,8,12,80
2183,8,12,80
2184,8,12,80
2185,8,12,80
2186,8,12,80
2187,8,12,80
2188,8,12,80
2189,8,12,80
2190,8,12,80
2191,8,12,80
2192,8,12,80
2193,8,12,80
2194,8,12,80
2195,8,12,80
2196,8,12,80
2197,8,12,80
2198,8,11,81
2199,8,11,81
2200,8,11,81
2201,8,11,81
2202,8,11,81
2203,8,11,81
2204,8,11,81
2205,8,11,81
2206,8,11,81
2207,8,11,81
2208,8,11,81
2209,8,11,81
2210,8,11,81
2211,8,11,81
2212,8,11,81
2213,8,11,81
2214,8,11,81
2215,8,11,81
2216,8,10,82
2217,8,10,82
2218,8,10,82
2219,8,10,82
2220,8,10,82
2221,8,10,82
2222,8,10,82
2223,8,10,82
2224,8,10,82
2225,8,10,82
2226,8,10,82
2227,8,10,82
2228,8,10,82
2229,8,10,82
2230,8,10,82
2231,8,10,82
2232,8,10,82
2233,8,10,82
2234,8,10,82
2235,8,10,82
2236,8,10,82
2237,8,10,82
2238,8,10,82
2239,8,10,82
2240,8,10,82
2241,8,10,82
2242,8,10,82
2243,8,10,82
2244,8,10,82
2245,8,10,82
2246,8,10,82
2247,8,10,82
2248,8,10,82
2249,8,10,82
2250,8,10,82
2251,8,10,82
2252,8,10,82
2253,8,10,82
2254,8,10,82
2255,8,10,82
2256,8,10,82
2257,8,9,83
2258,8,9,83
2259,8,9,83
2260,8,9,83
2261,8,9,83
2262,8,9,83
2263,8,9,83
2264,8,9,83
2265,8,9,83
2266,8,9,83
2267,8,9,83
2268,8,9,83
2269,8,9,83
2270,8,9,83
2271,8,9,83
2272,8,9,83
2273,8,9,83
2274,8,9,83
2275,8,9,83
2276,8,9,83
2277,8,9,83
2278,8,9,83
2279,8,9,83
2280,8,9,83
2281,8,9,83
2282,8,9,83
2283,8,9,83
2284,8,9,83
2285,8,9,83
2286,8,9,83
2287,8,9,83
2288,8,9,83
2289,8,9,83
2290,8,9,83
2291,8,9,83
2292,8,9,83
2293,8,9,83
2294,7,10,83
2295,7,10,83
2296,7,10,83
2297,7,10,83
2298,7,10,83
2299,7,10,83
2300,7,10,83
2301,7,10,83
2302,7,10,83
2303,7,10,83
2304,7,10,83
2305,7,10,83
2306,7,10,83
2307,7,10,83
2308,7,10,83
2309,7,9,84
2310,7,9,84
2311,7,9,84
2312,7,9,84
2313,7,9,84
2314,7,9,84
2315,7,9,84
2316,7,9,84
2317,7,9,84
2318,7,9,84
2319,7,8,85
2320,7,8,85
2321,7,8,85
2322,7,8,85
2323,7,8,85
2324,7,8,85
2325,7,8,85
2326,7,8,85
2327,7,8,85
2328,7,8,85
2329,7,8,85
2330,7,8,85
2331,7,8,85
2332,7,8,85
2333,7,8,85
2334,7,8,85
2335,7,8,85
2336,7,8,85
2337,7,8,85
2338,7,8,85
2339,7,8,85
2340,7,8,85
2341,7,8,85
2342,7,8,85
2343,7,8,85
2344,7,8,85
2345,7,8,85
2346,7,8,85
2347,7,8,85
2348,7,8,85
2349,7,8,85
2350,7,8,85
2351,7,8,85
2352,7,8,85
2353,7,8,85
2354,7,8,85
2355,7,8,85
2356,7,8,85
2357,7,8,85
2358,7,8,85
2359,7,8,85
2360,7,8,85
2361,7,8,85
2362,7,8,85
2363,7,8,85
2364,7,8,85
2365,7,8,85
2366,7,8,85
2367,7,8,85
2368,7,8,85
2369,7,8,85
2370,7,8,85
2371,7,8,85
2372,7,7,86
2373,7,7,86
2374,7,7,86
2375,7,7,86
2376,7,7,86
2377,7,7,86
2378,7,7,86
2379,7,7,86
2380,7,7,86
2381,7,7,86
2382,7,7,86
2383,7,7,86
2384,7,7,86
2385,7,7,86
2386,7,7,86
2387,7,7,86
2388,7,7,86
2389,7,7,86
2390,7,7,86
2391,7,7,86
2392,7,7,86
2393,7,7,86
2394,7,7,86
2395,7,7,86
2396,7,7,86
2397,7,7,86
2398,7,7,86
2399,7,7,86
2400,7,7,86
2401,7,7,86
2402,7,7,86
2403,7,7,86
2404,7,7,86
2405,7,7,86
2406,7,7,86
2407,7,7,86
2408,7,7,86
2409,7,7,86
2410,7,7,86
2411,7,7,86
2412,7,7,86
2413,7,7,86
2414,7,7,86
2415,7,7,86
2416,7,7,86
2417,7,7,86
2418,7,7,86
2419,7,7,86
2420,7,7,86
2421,7,7,86
2422,7,7,86
2423,7,7,86
2424,7,7,86
2425,7,7,86
2426,7,7,86
2427,7,7,86
2428,7,7,86
2429,7,7,86
2430,7,7,86
2431,7,7,86
2432,7,7,86
2433,7,7,86
2434,7,7,86
2435,7,7,86
2436,7,7,86
2437,7,7,86
2438,7,7,86
2439,7,7,86
2440,7,7,86
2441,7,7,86
2442,7,7,86
2443,7,7,86
2444,7,7,86
2445,7,7,86
2446,7,7,86
2447,7,7,86
2448,7,7,86
2449,7,7,86
2450,7,7,86
2451,7,7,86
2452,7,7,86
2453,7,7,86
2454,7,7,86
2455,7,7,86
2456,7,7,86
2457,7,7,86
2458,7,7,86
2459,7,7,86
2460,7,7,86
2461,7,7,86
2462,7,7,86
2463,7,7,86
2464,7,7,86
2465,7,7,86
2466,7,7,86
2467,7,7,86
2468,7,7,86
2469,7,7,86
2470,7,7,86
2471,7,7,86
2472,7,7,86
2473,7,7,86
2474,7,7,86
2475,7,7,86
2476,7,7,86
2477,7,7,86
2478,7,7,86
2479,7,7,86
2480,7,7,86
2481,7,7,86
2482,7,7,86
2483,7,7,86
2484,7,7,86
2485,7,7,86
2486,7,7,86
2487,7,7,86
2488,7,7,86
2489,7,7,86
2490,7,7,86
2491,7,7,86
2492,7,7,86
2493,7,7,86
2494,7,7,86
2495,7,7,86
2496,7,7,86
2497,7,7,86
2498,7,7,86
2499,7,7,86
2500,7,7,86
2501,7,7,86
2502,7,7,86
2503,7,7,86
2504,7,7,86
2505,7,7,86
2506,7,7,86
2507,7,7,86
2508,7,7,86
2509,7,7,86
2510,7,7,86
2511,7,7,86
2512,7,7,86
2513,7,7,86
2514,7,7,86
2515,7,7,86
2516,7,7,86
2517,7,7,86
2518,7,7,86
2519,7,7,86
2520,7,7,86
2521,7,7,86
2522,7,7,86
2523,7,7,86
2524,7,7,86
2525,7,7,86
2526,7,7,86
2527,7,7,86
2528,7,7,86
2529,7,7,86
2530,7,7,86
2531,7,7,86
2532,7,7,86
2533,7,7,86
2534,7,7,86
2535,7,7,86
2536,7,7,86
2537,7,7,86
2538,7,7,86
2539,7,7,86
2540,7,7,86
2541,7,7,86
2542,7,7,86
2543,7,7,86
2544,7,7,86
2545,7,7,86
2546,7,7,86
2547,7,7,86
2548,7,7,86
2549,7,7,86
2550,7,7,86
2551,7,7,86
2552,7,7,86
2553,7,7,86
2554,7,7,86
2555,7,7,86
2556,7,7,86
2557,7,7,86
2558,7,7,86
2559,7,7,86
2560,7,7,86
2561,7,7,86
2562,7,7,86
2563,7,7,86
2564,7,7,86
2565,7,7,86
2566,7,7,86
2567,7,7,86
2568,7,7,86
2569,7,7,86
2570,7,7,86
2571,7,7,86
2572,7,7,86
2573,7,7,86
2574,7,7,86
2575,7,7,86
2576,7,7,86
2577,7,7,86
2578,7,7,86
2579,7,7,86
2580,7,7,86
2581,7,7,86
2582,7,7,86
2583,7,7,86
2584,7,7,86
2585,7,7,86
2586,7,7,86
2587,7,7,86
2588,7,7,86
2589,7,7,86
2590,7,7,86
2591,7,7,86
2592,7,7,86
2593,7,7,86
2594,7,7,86
2595,7,7,86
2596,7,7,86
2597,7,7,86
2598,7,7,86
2599,7,7,86
2600,7,7,86
2601,7,7,86
2602,7,7,86
2603,7,7,86
2604,7,7,86
2605,7,7,86
2606,7,7,86
2607,7,7,86
2608,7,7,86
2609,7,7,86
2610,7,7,86
2611,7,7,86
2612,7,7,86
2613,7,7,86
2614,7,7,86
2615,7,7,86
2616,7,7,86
2617,7,7,86
2618,7,7,86
2619,7,7,86
2620,7,7,86
2621,7,7,86
2622,7,7,86
2623,7,7,86
2624,7,7,86
2625,7,7,86
2626,7,7,86
2627,7,7,86
2628,7,7,86
2629,7,7,86
2630,7,7,86
2631,7,7,86
2632,7,7,86
2633,7,7,86
2634,7,7,86
2635,7,7,86
2636,7,7,86
2637,7,7,86
2638,7,7,86
2639,7,7,86
2640,7,7,86
2641,7,7,86
2642,7,7,86
2643,7,7,86
2644,7,7,86
2645,7,7,86
2646,7,7,86
2647,7,7,86
2648,7,7,86
2649,7,7,86
2650,7,7,86
2651,7,7,86
2652,7,7,86
2653,7,7,86
2654,7,7,86
2655,7,7,86
2656,7,7,86
2657,7,7,86
2658,7,7,86
2659,7,7,86
2660,7,7,86
2661,7,7,86
2662,7,7,86
2663,7,7,86
2664,7,7,86
2665,7,7,86
2666,7,7,86
2667,7,7,86
2668,7,7,86
2669,7,7,86
2670,7,7,86
2671,7,7,86
2672,7,7,86
2673,7,7,86
2674,7,7,86
2675,7,7,86
2676,7,7,86
2677,7,7,86
2678,7,7,86
2679,7,7,86
2680,7,7,86
2681,7,7,86
2682,7,7,86
2683,7,7,86
2684,7,7,86
2685,7,7,86
2686,7,7,86
2687,7,7,86
2688,7,7,86
2689,7,7,86
2690,7,7,86
2691,7,7,86
2692,7,7,86
2693,7,7,86
2694,7,7,86
2695,7,6,87
2696,7,6,87
2697,7,6,87
2698,7,6,87
2699,7,6,87
2700,7,6,87
2701,7,6,87
2702,7,6,87
2703,7,6,87
2704,7,6,87
2705,7,5,88
2706,7,5,88
2707,7,5,88
2708,7,5,88
2709,7,5,88
2710,7,5,88
2711,7,5,88
2712,7,5,88
2713,7,5,88
2714,7,5,88
2715,7,5,88
2716,7,5,88
2717,7,5,88
2718,7,5,88
2719,7,5,88
2720,7,5,88
2721,7,5,88
2722,7,5,88
2723,7,5,88
2724,7,5,88
2725,7,5,88
2726,7,5,88
2727,7,5,88
2728,7,5,88
2729,7,5,88
2730,7,5,88
2731,7,5,88
2732,7,5,88
2733,7,5,88
2734,7,5,88
2735,7,5,88
2736,7,5,88
2737,7,5,88
2738,7,5,88
2739,7,5,88
2740,7,5,88
2741,7,5,88
2742,7,5,88
2743,7,5,88
2744,7,5,88
2745,7,5,88
2746,7,5,88
2747,7,5,88
2748,7,5,88
2749,7,5,88
2750,7,5,88
2751,7,5,88
2752,7,5,88
2753,7,5,88
2754,7,5,88
2755,7,5,88
2756,7,5,88
2757,7,5,88
2758,7,5,88
2759,7,5,88
2760,7,5,88
2761,7,5,88
2762,7,5,88
2763,7,5,88
2764,7,5,88
2765,7,5,88
2766,7,5,88
2767,7,5,88
2768,7,5,88
2769,7,5,88
2770,7,5,88
2771,7,5,88
2772,7,5,88
2773,7,5,88
2774,7,5,88
2775,7,5,88
2776,7,5,88
2777,7,5,88
2778,7,5,88
2779,7,5,88
2780,7,5,88
2781,7,5,88
2782,7,5,88
2783,7,5,88
2784,7,5,88
2785,7,5,88
2786,7,5,88
2787,7,5,88
2788,7,5,88
2789,7,5,88
2790,7,5,88
2791,7,5,88
2792,7,5,88
2793,7,5,88
2794,7,5,88
2795,7,5,88
2796,7,5,88
2797,7,5,88
2798,7,4,89
2799,7,4,89
2800,7,4,89
2801,7,4,89
2802,7,4,89
2803,7,4,89
2804,7,4,89
2805,7,4,89
2806,7,4,89
2807,7,4,89
2808,7,4,89
2809,7,4,89
2810,7,4,89
2811,7,4,89
2812,7,4,89
2813,7,4,89
2814,7,4,89
2815,7,4,89
2816,7,4,89
2817,7,4,89
2818,7,4,89
2819,7,4,89
2820,7,4,89
2821,7,4,89
2822,7,4,89
2823,7,4,89
2824,7,4,89
2825,7,4,89
2826,7,4,89
2827,7,4,89
2828,7,4,89
2829,7,4,89
2830,7,4,89
2831,7,4,89
2832,7,4,89
2833,7,4,89
2834,7,4,89
2835,7,4,89
2836,7,4,89
2837,7,4,89
2838,7,4,89
2839,7,4,89
2840,7,4,89
2841,7,4,89
2842,7,4,89
2843,7,4,89
2844,7,4,89
2845,7,4,89
2846,7,4,89
2847,7,4,89
2848,7,4,89
2849,7,4,89
2850,7,4,89
2851,7,4,89
2852,7,4,89
2853,7,4,89
2854,7,4,89
2855,7,4,89
2856,7,4,89
2857,7,4,89
2858,7,4,89
2859,7,4,89
2860,7,4,89
2861,7,4,89
2862,7,4,89
2863,7,4,89
2864,7,4,89
2865,7,4,89
2866,7,4,89
2867,7,4,89
2868,7,4,89
2869,7,4,89
2870,7,4,89
2871,7,4,89
2872,7,4,89
2873,7,4,89
2874,7,4,89
2875,7,4,89
2876,7,4,89
2877,7,4,89
2878,7,4,89
2879,7,4,89
2880,7,4,89
2881,7,4,89
2882,7,4,89
2883,7,4,89
2884,7,4,89
2885,7,4,89
2886,7,4,89
2887,7,4,89
2888,7,4,89
2889,7,4,89
2890,7,4,89
2891,7,4,89
2892,7,4,89
2893,7,4,89
2894,7,4,89
2895,7,4,89
2896,7,4,89
2897,7,4,89
2898,7,4,89
2899,7,4,89
2900,7,4,89
2901,7,4,89
2902,7,4,89
2903,7,4,89
2904,7,4,89
2905,7,4,89
2906,7,4,89
2907,7,4,89
2908,7,4,89
2909,7,4,89
2910,7,4,89
2911,7,4,89
2912,7,3,90
2913,7,3,90
2914,7,3,90
2915,7,3,90
2916,7,3,90
2917,7,3,90
2918,7,3,90
2919,7,3,90
2920,7,3,90
2921,7,3,90
2922,7,3,90
2923,7,3,90
2924,7,3,90
2925,7,3,90
2926,7,3,90
2927,7,3,90
2928,7,3,90
2929,7,3,90
2930,7,3,90
2931,7,3,90
2932,7,3,90
2933,7,3,90
2934,7,3,90
2935,7,3,90
2936,7,3,90
2937,7,3,90
2938,7,3,90
2939,7,3,90
2940,7,3,90
2941,7,3,90
2942,7,3,90
2943,7,3,90
2944,7,3,90
2945,7,3,90
2946,7,3,90
2947,7,3,90
2948,7,3,90
2949,7,3,90
2950,7,3,90
2951,7,3,90
2952,7,3,90
2953,7,3,90
2954,7,3,90
2955,7,3,90
2956,7,3,90
2957,7,3,90
2958,7,3,90
2959,7,3,90
2960,7,3,90
2961,7,3,90
2962,7,3,90
2963,7,3,90
2964,7,3,90
2965,7,3,90
2966,7,3,90
2967,7,3,90
2968,7,3,90
2969,7,3,90
2970,7,3,90
2971,7,3,90
2972,7,3,90
2973,7,3,90
2974,7,3,90
2975,7,3,90
2976,7,3,90
2977,7,3,90
2978,7,3,90
2979,7,3,90
2980,7,3,90
2981,7,3,90
2982,7,3,90
2983,7,3,90
2984,7,3,90
2985,7,3,90
2986,7,3,90
2987,7,3,90
2988,7,3,90
2989,7,3,90
2990,7,3,90
2991,7,3,90
2992,7,3,90
2993,7,3,90
2994,7,3,90
2995,7,3,90
2996,7,3,90
2997,7,3,90
2998,7,3,90
2999,7,3,90
3000,7,3,90
