Time,Susceptible,Infected,Recovered
0,90,10,0
0.005,90,10,0
0.01,90,10,0
0.015,90,10,0
0.02,90,10,0
0.025,90,10,0
0.03,88,12,0
0.035,88,12,0
0.04,87,13,0
0.045,86,14,0
0.05,86,14,0
0.055,86,14,0
0.06,86,14,0
0.065,85,15,0
0.07,85,15,0
0.075,84,15,1
0.08,84,15,1
0.085,84,15,1
0.09,84,15,1
0.095,84,15,1
0.1,84,15,1
0.105,84,15,1
0.11,83,16,1
0.115,83,16,1
0.12,83,16,1
0.125,82,17,1
0.13,82,17,1
0.135,81,18,1
0.14,80,18,2
0.145,80,18,2
0.15,80,17,3
0.155,80,17,3
0.16,79,18,3
0.165,79,18,3
0.17,78,18,4
0.175,78,18,4
0.18,77,19,4
0.185,77,19,4
0.19,77,19,4
0.195,77,18,5
0.2,77,18,5
0.205,76,19,5
0.21,76,19,5
0.215,76,19,5
0.22,75,20,5
0.225,75,20,5
0.23,75,20,5
0.235,75,20,5
0.24,75,19,6
0.245,75,19,6
0.25,75,19,6
0.255,74,20,6
0.26,73,21,6
0.265,72,22,6
0.27,72,22,6
0.275,70,24,6
0.28,70,23,7
0.285,69,24,7
0.29,67,26,7
0.295,67,26,7
0.3,66,27,7
0.305,66,27,7
0.31,65,28,7
0.315,65,27,8
0.32,64,28,8
0.325,62,30,8
0.33,61,31,8
0.335,61,31,8
0.34,60,32,8
0.345,60,32,8
0.35,60,32,8
0.355,59,33,8
0.36,59,33,8
0.365,58,34,8
0.37,58,33,9
0.375,57,34,9
0.38,56,35,9
0.385,55,36,9
0.39,55,36,9
0.395,54,37,9
0.4,54,36,10
0.405,53,36,11
0.41,53,36,11
0.415,53,36,11
0.42,51,38,11
0.425,51,37,12
0.43,48,40,12
0.435,47,41,12
0.44,47,41,12
0.445,45,43,12
0.45,45,43,12
0.455,44,44,12
0.46,43,45,12
0.465,43,45,12
0.47,43,45,12
0.475,43,44,13
0.48,42,45,13
0.485,41,46,13
0.49,41,46,13
0.495,38,49,13
0.5,37,50,13
0.505,36,50,14
0.51,36,49,15
0.515,35,49,16
0.52,35,48,17
0.525,35,48,17
0.53,34,49,17
0.535,33,50,17
0.54,31,52,17
0.545,30,53,17
0.55,30,52,18
0.555,30,51,19
0.56,29,52,19
0.565,29,52,19
0.57,27,53,20
0.575,26,54,20
0.58,26,54,20
0.585,24,56,20
0.59,23,56,21
0.595,22,56,22
0.6,22,55,23
0.605,21,56,23
0.61,21,56,23
0.615,21,55,24
0.62,20,56,24
0.625,20,56,24
0.63,20,55,25
0.635,20,54,26
0.64,19,55,26
0.645,18,55,27
0.65,17,56,27
0.655,17,56,27
0.66,16,57,27
0.665,16,56,28
0.67,15,55,30
0.675,15,55,30
0.68,15,55,30
0.685,13,57,30
0.69,13,57,30
0.695,12,57,31
0.7,12,57,31
0.705,12,57,31
0.71,11,58,31
0.715,11,57,32
0.72,10,58,32
0.725,9,59,32
0.73,9,59,32
0.735,9,59,32
0.74,9,59,32
0.745,9,59,32
0.75,9,59,32
0.755,9,59,32
0.76,8,59,33
0.765,8,59,33
0.77,8,59,33
0.775,8,59,33
0.78,8,59,33
0.785,8,59,33
0.79,8,59,33
0.795,8,59,33
0.8,8,59,33
0.805,7,60,33
0.81,7,60,33
0.815,7,60,33
0.82,6,60,34
0.825,6,59,35
0.83,5,60,35
0.835,5,59,36
0.84,5,59,36
0.845,4,60,36
0.85,4,60,36
0.855,4,58,38
0.86,4,57,39
0.865,4,57,39
0.87,4,57,39
0.875,4,56,40
0.88,4,56,40
0.885,3,57,40
0.89,3,56,41
0.895,3,55,42
0.9,3,54,43
0.905,3,54,43
0.91,3,54,43
0.915,3,53,44
0.92,3,52,45
0.925,3,52,45
0.93,3,52,45
0.935,3,52,45
0.94,3,52,45
0.945,3,52,45
0.95,3,52,45
0.955,3,52,45
0.96,3,50,47
0.965,3,50,47
0.97,3,50,47
0.975,2,51,47
0.98,2,49,49
0.985,2,49,49
0.99,2,49,49
0.995,1,50,49
1,1,50,49
1.005,1,50,49
1.01,1,50,49
1.015,1,49,50
1.02,1,49,50
1.025,1,49,50
1.03,1,49,50
1.035,1,48,51
1.04,1,48,51
1.045,1,47,52
1.05,1,46,53
1.055,1,46,53
1.06,1,46,53
1.065,1,46,53
1.07,1,46,53
1.075,1,46,53
1.08,1,46,53
1.085,1,46,53
1.09,1,46,53
1.095,1,46,53
1.1,1,46,53
1.105,1,46,53
1.11,1,45,54
1.115,1,45,54
1.12,1,45,54
1.125,1,44,55
1.13,1,44,55
1.135,1,44,55
1.14,1,44,55
1.145,1,44,55
1.15,1,44,55
1.155,1,44,55
1.16,1,44,55
1.165,1,43,56
1.17,1,43,56
1.175,1,43,56
1.18,1,43,56
1.185,1,43,56
1.19,1,43,56
1.195,1,43,56
1.2,1,43,56
1.205,1,43,56
1.21,1,43,56
1.215,1,43,56
1.22,1,43,56
1.225,1,43,56
1.23,1,43,56
1.235,1,43,56
1.24,1,43,56
1.245,1,43,56
1.25,1,43,56
1.255,1,43,56
1.26,1,43,56
1.265,1,42,57
1.27,1,42,57
1.275,1,42,57
1.28,1,42,57
1.285,1,42,57
1.29,1,42,57
1.295,1,41,58
1.3,1,41,58
1.305,1,41,58
1.31,1,39,60
1.315,1,39,60
1.32,1,39,60
1.325,1,39,60
1.33,1,37,62
1.335,1,37,62
1.34,1,37,62
1.345,1,37,62
1.35,1,37,62
1.355,1,37,62
1.36,1,37,62
1.365,1,37,62
1.37,1,37,62
1.375,1,37,62
1.38,1,36,63
1.385,1,35,64
1.39,1,35,64
1.395,1,35,64
1.4,1,35,64
1.405,1,35,64
1.41,1,35,64
1.415,1,35,64
1.42,1,35,64
1.425,1,33,66
1.43,1,33,66
1.435,1,33,66
1.44,1,33,66
1.445,1,33,66
1.45,1,33,66
1.455,1,33,66
1.46,1,33,66
1.465,1,33,66
1.47,1,33,66
1.475,1,33,66
1.48,1,33,66
1.485,1,33,66
1.49,1,33,66
1.495,1,33,66
1.5,1,33,66
1.505,1,33,66
1.51,1,33,66
1.515,1,33,66
1.52,1,33,66
1.525,1,33,66
1.53,1,33,66
1.535,1,33,66
1.54,1,33,66
1.545,1,33,66
1.55,1,33,66
1.555,1,33,66
1.56,1,33,66
1.565,1,33,66
1.57,1,32,67
1.575,1,32,67
1.58,1,32,67
1.585,1,32,67
1.59,1,32,67
1.595,1,32,67
1.6,1,32,67
1.605,1,32,67
1.61,1,32,67
1.615,1,31,68
1.62,1,31,68
1.625,1,31,68
1.63,1,31,68
1.635,1,31,68
1.64,1,31,68
1.645,1,31,68
1.65,1,31,68
1.655,1,31,68
1.66,1,31,68
1.665,1,31,68
1.67,1,31,68
1.675,1,30,69
1.68,1,30,69
1.685,1,30,69
1.69,1,30,69
1.695,1,30,69
1.7,1,30,69
1.705,1,29,70
1.71,0,29,71
1.715,0,29,71
1.72,0,28,72
1.725,0,28,72
1.73,0,28,72
1.735,0,28,72
1.74,0,28,72
1.745,0,28,72
1.75,0,28,72
1.755,0,28,72
1.76,0,28,72
1.765,0,28,72
1.77,0,28,72
1.775,0,28,72
1.78,0,28,72
1.785,0,27,73
1.79,0,27,73
1.795,0,27,73
1.8,0,27,73
1.805,0,27,73
1.81,0,27,73
1.815,0,27,73
1.82,0,26,74
1.825,0,26,74
1.83,0,26,74
1.835,0,26,74
1.84,0,26,74
1.845,0,26,74
1.85,0,26,74
1.855,0,26,74
1.86,0,26,74
1.865,0,25,75
1.87,0,25,75
1.875,0,25,75
1.88,0,25,75
1.885,0,25,75
1.89,0,25,75
1.895,0,25,75
1.9,0,25,75
1.905,0,25,75
1.91,0,25,75
1.915,0,25,75
1.92,0,25,75
1.925,0,25,75
1.93,0,24,76
1.935,0,24,76
1.94,0,24,76
1.945,0,24,76
1.95,0,24,76
1.955,0,24,76
1.96,0,24,76
1.965,0,24,76
1.97,0,24,76
1.975,0,24,76
1.98,0,24,76
1.985,0,24,76
1.99,0,24,76
1.995,0,24,76
2,0,24,76
2.005,0,24,76
2.01,0,24,76
2.015,0,24,76
2.02,0,24,76
2.025,0,24,76
2.03,0,23,77
2.035,0,23,77
2.04,0,23,77
2.045,0,23,77
2.05,0,23,77
2.055,0,22,78
2.06,0,22,78
2.065,0,22,78
2.07,0,22,78
2.075,0,22,78
2.08,0,22,78
2.085,0,22,78
2.09,0,22,78
2.095,0,22,78
2.1,0,22,78
2.105,0,21,79
2.11,0,21,79
2.115,0,21,79
2.12,0,21,79
2.125,0,21,79
2.13,0,21,79
2.135,0,21,79
2.14,0,21,79
2.145,0,21,79
2.15,0,21,79
2.155,0,21,79
2.16,0,21,79
2.165,0,21,79
2.17,0,21,79
2.175,0,21,79
2.18,0,21,79
2.185,0,21,79
2.19,0,21,79
2.195,0,21,79
2.2,0,21,79
2.205,0,20,80
2.21,0,20,80
2.215,0,20,80
2.22,0,20,80
2.225,0,20,80
2.23,0,20,80
2.235,0,20,80
2.24,0,20,80
2.245,0,20,80
2.25,0,20,80
2.255,0,20,80
2.26,0,20,80
2.265,0,20,80
2.27,0,20,80
2.275,0,20,80
2.28,0,20,80
2.285,0,20,80
2.29,0,20,80
2.295,0,20,80
2.3,0,20,80
2.305,0,20,80
2.31,0,20,80
2.315,0,20,80
2.32,0,20,80
2.325,0,20,80
2.33,0,20,80
2.335,0,20,80
2.34,0,20,80
2.345,0,20,80
2.35,0,20,80
2.355,0,20,80
2.36,0,19,81
2.365,0,19,81
2.37,0,19,81
2.375,0,19,81
2.38,0,19,81
2.385,0,18,82
2.39,0,18,82
2.395,0,18,82
2.4,0,17,83
2.405,0,17,83
2.41,0,17,83
2.415,0,16,84
2.42,0,16,84
2.425,0,16,84
2.43,0,16,84
2.435,0,16,84
2.44,0,15,85
2.445,0,15,85
2.45,0,14,86
2.455,0,14,86
2.46,0,14,86
2.465,0,14,86
2.47,0,14,86
2.475,0,14,86
2.48,0,14,86
2.485,0,14,86
2.49,0,14,86
2.495,0,14,86
2.5,0,14,86
2.505,0,14,86
2.51,0,14,86
2.515,0,14,86
2.52,0,14,86
2.525,0,14,86
2.53,0,14,86
2.535,0,14,86
2.54,0,14,86
2.545,0,14,86
2.55,0,14,86
2.555,0,14,86
2.56,0,14,86
2.565,0,14,86
2.57,0,14,86
2.575,0,14,86
2.58,0,14,86
2.585,0,14,86
2.59,0,14,86
2.595,0,14,86
2.6,0,14,86
2.605,0,14,86
2.61,0,14,86
2.615,0,14,86
2.62,0,14,86
2.625,0,14,86
2.63,0,14,86
2.635,0,14,86
2.64,0,14,86
2.645,0,14,86
2.65,0,14,86
2.655,0,14,86
2.66,0,14,86
2.665,0,14,86
2.67,0,14,86
2.675,0,14,86
2.68,0,14,86
2.685,0,14,86
2.69,0,14,86
2.695,0,14,86
2.7,0,14,86
2.705,0,14,86
2.71,0,14,86
2.715,0,14,86
2.72,0,14,86
2.725,0,14,86
2.73,0,14,86
2.735,0,14,86
2.74,0,14,86
2.745,0,13,87
2.75,0,13,87
2.755,0,13,87
2.76,0,13,87
2.765,0,13,87
2.77,0,13,87
2.775,0,13,87
2.78,0,13,87
2.785,0,13,87
2.79,0,13,87
2.795,0,13,87
2.8,0,13,87
2.805,0,13,87
2.81,0,13,87
2.815,0,13,87
2.82,0,13,87
2.825,0,13,87
2.83,0,13,87
2.835,0,13,87
2.84,0,13,87
2.845,0,13,87
2.85,0,13,87
2.855,0,13,87
2.86,0,13,87
2.865,0,13,87
2.87,0,13,87
2.875,0,13,87
2.88,0,13,87
2.885,0,13,87
2.89,0,13,87
2.895,0,11,89
2.9,0,11,89
2.905,0,11,89
2.91,0,10,90
2.915,0,10,90
2.92,0,10,90
2.925,0,10,90
2.93,0,10,90
2.935,0,10,90
2.94,0,10,90
2.945,0,10,90
2.95,0,10,90
2.955,0,10,90
2.96,0,10,90
2.965,0,9,91
2.97,0,9,91
2.975,0,9,91
2.98,0,9,91
2.985,0,9,91
2.99,0,9,91
2.995,0,9,91
3,0,9,91
3.005,0,9,91
3.01,0,9,91
3.015,0,9,91
3.02,0,9,91
3.025,0,9,91
3.03,0,9,91
3.035,0,9,91
3.04,0,9,91
3.045,0,9,91
3.05,0,9,91
3.055,0,9,91
3.06,0,9,91
3.065,0,9,91
3.07,0,9,91
3.075,0,9,91
3.08,0,9,91
3.085,0,9,91
3.09,0,9,91
3.095,0,9,91
3.1,0,9,91
3.105,0,9,91
3.11,0,9,91
3.115,0,9,91
3.12,0,9,91
3.125,0,9,91
3.13,0,9,91
3.135,0,9,91
3.14,0,9,91
3.145,0,9,91
3.15,0,9,91
3.155,0,9,91
3.16,0,9,91
3.165,0,9,91
3.17,0,9,91
3.175,0,9,91
3.18,0,9,91
3.185,0,9,91
3.19,0,9,91
3.195,0,9,91
3.2,0,9,91
3.205,0,9,91
3.21,0,9,91
3.215,0,9,91
3.22,0,9,91
3.225,0,9,91
3.23,0,8,92
3.235,0,8,92
3.24,0,8,92
3.245,0,8,92
3.25,0,8,92
3.255,0,8,92
3.26,0,8,92
3.265,0,8,92
3.27,0,8,92
3.275,0,8,92
3.28,0,8,92
3.285,0,8,92
3.29,0,8,92
3.295,0,8,92
3.3,0,8,92
3.305,0,8,92
3.31,0,8,92
3.315,0,8,92
3.32,0,8,92
3.325,0,8,92
3.33,0,8,92
3.335,0,8,92
3.34,0,8,92
3.345,0,8,92
3.35,0,8,92
3.355,0,8,92
3.36,0,7,93
3.365,0,7,93
3.37,0,7,93
3.375,0,7,93
3.38,0,7,93
3.385,0,7,93
3.39,0,7,93
3.395,0,7,93
3.4,0,7,93
3.405,0,7,93
3.41,0,7,93
3.415,0,7,93
3.42,0,7,93
3.425,0,7,93
3.43,0,7,93
3.435,0,7,93
3.44,0,7,93
3.445,0,7,93
3.45,0,7,93
3.455,0,7,93
3.46,0,7,93
3.465,0,7,93
3.47,0,7,93
3.475,0,7,93
3.48,0,7,93
3.485,0,6,94
3.49,0,6,94
3.495,0,6,94
3.5,0,6,94
3.505,0,6,94
3.51,0,6,94
3.515,0,6,94
3.52,0,6,94
3.525,0,6,94
3.53,0,6,94
3.535,0,6,94
3.54,0,6,94
3.545,0,6,94
3.55,0,6,94
3.555,0,5,95
3.56,0,5,95
3.565,0,5,95
3.57,0,5,95
3.575,0,5,95
3.58,0,5,95
3.585,0,5,95
3.59,0,5,95
3.595,0,5,95
3.6,0,5,95
3.605,0,5,95
3.61,0,5,95
3.615,0,5,95
3.62,0,5,95
3.625,0,5,95
3.63,0,5,95
3.635,0,5,95
3.64,0,5,95
3.645,0,5,95
3.65,0,5,95
3.655,0,5,95
3.66,0,5,95
3.665,0,5,95
3.67,0,5,95
3.675,0,5,95
3.68,0,5,95
3.685,0,5,95
3.69,0,5,95
3.695,0,5,95
3.7,0,5,95
3.705,0,5,95
3.71,0,5,95
3.715,0,5,95
3.72,0,5,95
3.725,0,5,95
3.73,0,5,95
3.735,0,5,95
3.74,0,5,95
3.745,0,5,95
3.75,0,5,95
3.755,0,5,95
3.76,0,5,95
3.765,0,5,95
3.77,0,5,95
3.775,0,5,95
3.78,0,5,95
3.785,0,5,95
3.79,0,5,95
3.795,0,5,95
3.8,0,5,95
3.805,0,5,95
3.81,0,5,95
3.815,0,5,95
3.82,0,5,95
3.825,0,5,95
3.83,0,5,95
3.835,0,5,95
3.84,0,5,95
3.845,0,5,95
3.85,0,5,95
3.855,0,5,95
3.86,0,5,95
3.865,0,5,95
3.87,0,5,95
3.875,0,5,95
3.88,0,5,95
3.885,0,5,95
3.89,0,5,95
3.895,0,5,95
3.9,0,5,95
3.905,0,5,95
3.91,0,5,95
3.915,0,5,95
3.92,0,5,95
3.925,0,5,95
3.93,0,5,95
3.935,0,5,95
3.94,0,5,95
3.945,0,5,95
3.95,0,5,95
3.955,0,5,95
3.96,0,5,95
3.965,0,5,95
3.97,0,5,95
3.975,0,5,95
3.98,0,5,95
3.985,0,5,95
3.99,0,5,95
3.995,0,5,95
4,0,5,95
4.005,0,4,96
4.01,0,4,96
4.015,0,4,96
4.02,0,4,96
4.025,0,4,96
4.03,0,4,96
4.035,0,4,96
4.04,0,4,96
4.045,0,4,96
4.05,0,4,96
4.055,0,4,96
4.06,0,4,96
4.065,0,4,96
4.07,0,4,96
4.075,0,4,96
4.08,0,3,97
4.085,0,3,97
4.09,0,3,97
4.095,0,3,97
4.1,0,2,98
4.105,0,2,98
4.11,0,2,98
4.115,0,2,98
4.12,0,2,98
4.125,0,2,98
4.13,0,2,98
4.135,0,2,98
4.14,0,2,98
4.145,0,2,98
4.15,0,2,98
4.155,0,2,98
4.16,0,2,98
4.165,0,2,98
4.17,0,2,98
4.175,0,2,98
4.18,0,2,98
4.185,0,2,98
4.19,0,2,98
4.195,0,2,98
4.2,0,2,98
4.205,0,2,98
4.21,0,2,98
4.215,0,2,98
4.22,0,2,98
4.225,0,2,98
4.23,0,2,98
4.235,0,2,98
4.24,0,2,98
4.245,0,2,98
4.25,0,2,98
4.255,0,2,98
4.26,0,2,98
4.265,0,2,98
4.27,0,2,98
4.275,0,2,98
4.28,0,2,98
4.285,0,2,98
4.29,0,2,98
4.295,0,2,98
4.3,0,2,98
4.305,0,2,98
4.31,0,2,98
4.315,0,2,98
4.32,0,2,98
4.325,0,2,98
4.33,0,2,98
4.335,0,2,98
4.34,0,2,98
4.345,0,2,98
4.35,0,2,98
4.355,0,2,98
4.36,0,2,98
4.365,0,2,98
4.37,0,2,98
4.375,0,2,98
4.38,0,2,98
4.385,0,2,98
4.39,0,2,98
4.395,0,2,98
4.4,0,2,98
4.405,0,2,98
4.41,0,2,98
4.415,0,2,98
4.42,0,2,98
4.425,0,2,98
4.43,0,2,98
4.435,0,2,98
4.44,0,2,98
4.445,0,2,98
4.45,0,2,98
4.455,0,2,98
4.46,0,2,98
4.465,0,2,98
4.47,0,2,98
4.475,0,2,98
4.48,0,2,98
4.485,0,2,98
4.49,0,2,98
4.495,0,2,98
4.5,0,2,98
4.505,0,2,98
4.51,0,2,98
4.515,0,2,98
4.52,0,2,98
4.525,0,2,98
4.53,0,2,98
4.535,0,2,98
4.54,0,2,98
4.545,0,2,98
4.55,0,1,99
4.555,0,1,99
4.56,0,1,99
4.565,0,1,99
4.57,0,1,99
4.575,0,1,99
4.58,0,1,99
4.585,0,1,99
4.59,0,1,99
4.595,0,1,99
4.6,0,1,99
4.605,0,1,99
4.61,0,1,99
4.615,0,1,99
4.62,0,1,99
4.625,0,1,99
4.63,0,1,99
4.635,0,1,99
4.64,0,1,99
4.645,0,1,99
4.65,0,1,99
4.655,0,1,99
4.66,0,1,99
4.665,0,1,99
4.67,0,1,99
4.675,0,1,99
4.68,0,1,99
4.685,0,1,99
4.69,0,1,99
4.695,0,1,99
4.7,0,1,99
4.705,0,1,99
4.71,0,1,99
4.715,0,1,99
4.72,0,1,99
4.725,0,1,99
4.73,0,1,99
4.735,0,1,99
4.74,0,1,99
4.745,0,1,99
4.75,0,1,99
4.755,0,1,99
4.76,0,1,99
4.765,0,1,99
4.77,0,1,99
4.775,0,1,99
4.78,0,1,99
4.785,0,1,99
4.79,0,1,99
4.795,0,1,99
4.8,0,1,99
4.805,0,1,99
4.81,0,1,99
4.815,0,1,99
4.82,0,1,99
4.825,0,1,99
4.83,0,1,99
4.835,0,1,99
4.84,0,1,99
4.845,0,1,99
4.85,0,1,99
4.855,0,1,99
4.86,0,1,99
4.865,0,1,99
4.87,0,1,99
4.875,0,1,99
4.88,0,1,99
4.885,0,1,99
4.89,0,1,99
4.895,0,1,99
4.9,0,1,99
4.905,0,1,99
4.91,0,1,99
4.915,0,1,99
4.92,0,1,99
4.925,0,1,99
4.93,0,1,99
4.935,0,1,99
4.94,0,1,99
4.945,0,1,99
4.95,0,1,99
4.955,0,1,99
4.96,0,1,99
4.965,0,1,99
4.97,0,1,99
4.975,0,1,99
4.98,0,1,99
4.985,0,1,99
4.99,0,1,99
4.995,0,1,99
5,0,1,99
5.005,0,1,99
