Time,Susceptible,Infected,Recovered
0,90,10,0
0.005,90,10,0
0.01,90,10,0
0.015,90,10,0
0.02,90,10,0
0.025,89,11,0
0.03,88,12,0
0.035,88,12,0
0.04,87,13,0
0.045,87,13,0
0.05,87,13,0
0.055,87,12,1
0.06,87,12,1
0.065,86,13,1
0.07,85,14,1
0.075,84,14,2
0.08,83,15,2
0.085,83,15,2
0.09,81,17,2
0.095,81,17,2
0.1,81,17,2
0.105,81,17,2
0.11,79,19,2
0.115,77,21,2
0.12,77,21,2
0.125,77,21,2
0.13,77,21,2
0.135,75,23,2
0.14,75,23,2
0.145,75,23,2
0.15,74,24,2
0.155,73,24,3
0.16,72,25,3
0.165,71,26,3
0.17,71,26,3
0.175,70,27,3
0.18,69,27,4
0.185,69,26,5
0.19,67,28,5
0.195,66,29,5
0.2,66,29,5
0.205,66,29,5
0.21,66,29,5
0.215,65,30,5
0.22,65,30,5
0.225,65,30,5
0.23,64,31,5
0.235,64,30,6
0.24,63,31,6
0.245,61,33,6
0.25,60,34,6
0.255,60,34,6
0.26,57,37,6
0.265,57,36,7
0.27,56,37,7
0.275,56,37,7
0.28,55,38,7
0.285,55,38,7
0.29,55,38,7
0.295,52,41,7
0.3,52,41,7
0.305,51,42,7
0.31,51,42,7
0.315,51,42,7
0.32,51,42,7
0.325,50,43,7
0.33,49,44,7
0.335,49,44,7
0.34,49,44,7
0.345,49,44,7
0.35,49,44,7
0.355,49,44,7
0.36,49,44,7
0.365,49,44,7
0.37,48,45,7
0.375,46,47,7
0.38,45,48,7
0.385,44,49,7
0.39,44,48,8
0.395,44,48,8
0.4,44,47,9
0.405,43,48,9
0.41,43,48,9
0.415,42,49,9
0.42,42,49,9
0.425,41,50,9
0.43,40,51,9
0.435,40,51,9
0.44,39,52,9
0.445,38,53,9
0.45,36,55,9
0.455,36,55,9
0.46,35,56,9
0.465,35,56,9
0.47,33,57,10
0.475,33,57,10
0.48,33,57,10
0.485,33,56,11
0.49,33,56,11
0.495,32,57,11
0.5,32,57,11
0.505,31,58,11
0.51,30,59,11
0.515,30,59,11
0.52,29,60,11
0.525,27,62,11
0.53,27,62,11
0.535,27,62,11
0.54,27,62,11
0.545,26,63,11
0.55,24,65,11
0.555,24,65,11
0.56,24,65,11
0.565,23,66,11
0.57,23,66,11
0.575,23,66,11
0.58,22,65,13
0.585,22,65,13
0.59,21,66,13
0.595,21,66,13
0.6,21,66,13
0.605,20,67,13
0.61,20,67,13
0.615,19,68,13
0.62,19,68,13
0.625,19,65,16
0.63,19,65,16
0.635,18,66,16
0.64,18,66,16
0.645,18,66,16
0.65,17,67,16
0.655,17,66,17
0.66,16,67,17
0.665,16,66,18
0.67,15,66,19
0.675,15,66,19
0.68,15,66,19
0.685,14,67,19
0.69,14,67,19
0.695,13,68,19
0.7,13,66,21
0.705,13,66,21
0.71,13,66,21
0.715,13,66,21
0.72,13,66,21
0.725,12,67,21
0.73,12,67,21
0.735,11,68,21
0.74,11,67,22
0.745,9,68,23
0.75,9,68,23
0.755,9,68,23
0.76,9,68,23
0.765,9,68,23
0.77,8,69,23
0.775,8,69,23
0.78,7,70,23
0.785,7,70,23
0.79,7,69,24
0.795,7,69,24
0.8,6,68,26
0.805,6,67,27
0.81,6,67,27
0.815,6,66,28
0.82,6,66,28
0.825,5,66,29
0.83,5,66,29
0.835,5,66,29
0.84,5,65,30
0.845,5,64,31
0.85,5,62,33
0.855,5,62,33
0.86,5,61,34
0.865,4,62,34
0.87,4,62,34
0.875,4,62,34
0.88,4,62,34
0.885,4,62,34
0.89,4,62,34
0.895,3,63,34
0.9,3,63,34
0.905,3,62,35
0.91,3,62,35
0.915,3,62,35
0.92,3,61,36
0.925,2,62,36
0.93,2,62,36
0.935,2,62,36
0.94,2,62,36
0.945,2,62,36
0.95,2,61,37
0.955,2,61,37
0.96,2,61,37
0.965,2,61,37
0.97,2,61,37
0.975,2,61,37
0.98,2,61,37
0.985,2,61,37
0.99,2,60,38
0.995,2,60,38
1,2,60,38
1.005,2,60,38
1.01,2,60,38
1.015,2,59,39
1.02,2,58,40
1.025,2,57,41
1.03,2,57,41
1.035,2,56,42
1.04,2,56,42
1.045,2,56,42
1.05,2,56,42
1.055,2,56,42
1.06,2,56,42
1.065,2,56,42
1.07,2,56,42
1.075,2,55,43
1.08,2,55,43
1.085,2,55,43
1.09,2,55,43
1.095,2,55,43
1.1,2,55,43
1.105,1,55,44
1.11,1,55,44
1.115,1,55,44
1.12,1,55,44
1.125,1,55,44
1.13,1,55,44
1.135,1,55,44
1.14,1,55,44
1.145,1,55,44
1.15,1,55,44
1.155,1,54,45
1.16,1,54,45
1.165,1,54,45
1.17,1,54,45
1.175,1,54,45
1.18,1,54,45
1.185,1,54,45
1.19,1,54,45
1.195,1,54,45
1.2,1,54,45
1.205,1,53,46
1.21,1,53,46
1.215,1,53,46
1.22,1,52,47
1.225,1,52,47
1.23,1,52,47
1.235,1,52,47
1.24,1,52,47
1.245,1,52,47
1.25,1,52,47
1.255,1,52,47
1.26,1,52,47
1.265,1,52,47
1.27,1,52,47
1.275,1,52,47
1.28,1,52,47
1.285,1,52,47
1.29,1,50,49
1.295,1,50,49
1.3,1,50,49
1.305,1,50,49
1.31,1,49,50
1.315,1,48,51
1.32,1,48,51
1.325,1,48,51
1.33,1,48,51
1.335,1,48,51
1.34,1,48,51
1.345,1,47,52
1.35,1,47,52
1.355,1,46,53
1.36,1,44,55
1.365,1,44,55
1.37,1,44,55
1.375,1,44,55
1.38,1,44,55
1.385,1,44,55
1.39,1,44,55
1.395,1,43,56
1.4,1,43,56
1.405,1,42,57
1.41,1,42,57
1.415,1,42,57
1.42,1,42,57
1.425,1,41,58
1.43,1,41,58
1.435,1,41,58
1.44,1,41,58
1.445,1,41,58
1.45,1,41,58
1.455,1,41,58
1.46,1,41,58
1.465,1,41,58
1.47,1,40,59
1.475,0,41,59
1.48,0,41,59
1.485,0,41,59
1.49,0,41,59
1.495,0,41,59
1.5,0,41,59
1.505,0,41,59
1.51,0,41,59
1.515,0,40,60
1.52,0,40,60
1.525,0,40,60
1.53,0,40,60
1.535,0,40,60
1.54,0,40,60
1.545,0,40,60
1.55,0,40,60
1.555,0,40,60
1.56,0,39,61
1.565,0,38,62
1.57,0,38,62
1.575,0,38,62
1.58,0,38,62
1.585,0,37,63
1.59,0,37,63
1.595,0,37,63
1.6,0,37,63
1.605,0,37,63
1.61,0,37,63
1.615,0,37,63
1.62,0,37,63
1.625,0,37,63
1.63,0,36,64
1.635,0,36,64
1.64,0,36,64
1.645,0,36,64
1.65,0,36,64
1.655,0,36,64
1.66,0,36,64
1.665,0,36,64
1.67,0,36,64
1.675,0,36,64
1.68,0,36,64
1.685,0,36,64
1.69,0,36,64
1.695,0,35,65
1.7,0,34,66
1.705,0,34,66
1.71,0,34,66
1.715,0,34,66
1.72,0,33,67
1.725,0,33,67
1.73,0,32,68
1.735,0,32,68
1.74,0,32,68
1.745,0,32,68
1.75,0,32,68
1.755,0,32,68
1.76,0,32,68
1.765,0,32,68
1.77,0,32,68
1.775,0,32,68
1.78,0,32,68
1.785,0,32,68
1.79,0,32,68
1.795,0,31,69
1.8,0,31,69
1.805,0,31,69
1.81,0,31,69
1.815,0,31,69
1.82,0,31,69
1.825,0,31,69
1.83,0,31,69
1.835,0,31,69
1.84,0,31,69
1.845,0,31,69
1.85,0,31,69
1.855,0,31,69
1.86,0,31,69
1.865,0,31,69
1.87,0,30,70
1.875,0,30,70
1.88,0,30,70
1.885,0,30,70
1.89,0,30,70
1.895,0,30,70
1.9,0,29,71
1.905,0,29,71
1.91,0,29,71
1.915,0,29,71
1.92,0,29,71
1.925,0,29,71
1.93,0,27,73
1.935,0,27,73
1.94,0,27,73
1.945,0,27,73
1.95,0,27,73
1.955,0,27,73
1.96,0,26,74
1.965,0,25,75
1.97,0,24,76
1.975,0,24,76
1.98,0,24,76
1.985,0,24,76
1.99,0,24,76
1.995,0,24,76
2,0,24,76
2.005,0,24,76
2.01,0,24,76
2.015,0,24,76
2.02,0,24,76
2.025,0,24,76
2.03,0,23,77
2.035,0,23,77
2.04,0,23,77
2.045,0,23,77
2.05,0,23,77
2.055,0,23,77
2.06,0,23,77
2.065,0,23,77
2.07,0,23,77
2.075,0,23,77
2.08,0,23,77
2.085,0,23,77
2.09,0,22,78
2.095,0,22,78
2.1,0,22,78
2.105,0,22,78
2.11,0,22,78
2.115,0,22,78
2.12,0,22,78
2.125,0,22,78
2.13,0,22,78
2.135,0,22,78
2.14,0,22,78
2.145,0,22,78
2.15,0,22,78
2.155,0,22,78
2.16,0,22,78
2.165,0,22,78
2.17,0,22,78
2.175,0,22,78
2.18,0,22,78
2.185,0,22,78
2.19,0,22,78
2.195,0,22,78
2.2,0,22,78
2.205,0,22,78
2.21,0,22,78
2.215,0,21,79
2.22,0,21,79
2.225,0,20,80
2.23,0,20,80
2.235,0,20,80
2.24,0,20,80
2.245,0,20,80
2.25,0,20,80
2.255,0,20,80
2.26,0,20,80
2.265,0,20,80
2.27,0,20,80
2.275,0,20,80
2.28,0,20,80
2.285,0,20,80
2.29,0,20,80
2.295,0,20,80
2.3,0,20,80
2.305,0,20,80
2.31,0,20,80
2.315,0,20,80
2.32,0,20,80
2.325,0,20,80
2.33,0,20,80
2.335,0,20,80
2.34,0,20,80
2.345,0,20,80
2.35,0,20,80
2.355,0,20,80
2.36,0,20,80
2.365,0,20,80
2.37,0,20,80
2.375,0,20,80
2.38,0,20,80
2.385,0,20,80
2.39,0,20,80
2.395,0,20,80
2.4,0,20,80
2.405,0,20,80
2.41,0,20,80
2.415,0,20,80
2.42,0,20,80
2.425,0,20,80
2.43,0,20,80
2.435,0,19,81
2.44,0,18,82
2.445,0,18,82
2.45,0,18,82
2.455,0,17,83
2.46,0,17,83
2.465,0,17,83
2.47,0,17,83
2.475,0,16,84
2.48,0,16,84
2.485,0,16,84
2.49,0,16,84
2.495,0,16,84
2.5,0,16,84
2.505,0,16,84
2.51,0,16,84
2.515,0,16,84
2.52,0,16,84
2.525,0,16,84
2.53,0,16,84
2.535,0,15,85
2.54,0,15,85
2.545,0,15,85
2.55,0,15,85
2.555,0,15,85
2.56,0,15,85
2.565,0,15,85
2.57,0,15,85
2.575,0,15,85
2.58,0,14,86
2.585,0,14,86
2.59,0,14,86
2.595,0,14,86
2.6,0,14,86
2.605,0,14,86
2.61,0,14,86
2.615,0,14,86
2.62,0,14,86
2.625,0,14,86
2.63,0,14,86
2.635,0,13,87
2.64,0,13,87
2.645,0,13,87
2.65,0,13,87
2.655,0,13,87
2.66,0,13,87
2.665,0,13,87
2.67,0,13,87
2.675,0,13,87
2.68,0,13,87
2.685,0,13,87
2.69,0,13,87
2.695,0,13,87
2.7,0,13,87
2.705,0,12,88
2.71,0,12,88
2.715,0,12,88
2.72,0,12,88
2.725,0,12,88
2.73,0,12,88
2.735,0,12,88
2.74,0,12,88
2.745,0,12,88
2.75,0,12,88
2.755,0,12,88
2.76,0,12,88
2.765,0,12,88
2.77,0,12,88
2.775,0,12,88
2.78,0,12,88
2.785,0,12,88
2.79,0,12,88
2.795,0,12,88
2.8,0,12,88
2.805,0,12,88
2.81,0,12,88
2.815,0,12,88
2.82,0,11,89
2.825,0,11,89
2.83,0,11,89
2.835,0,11,89
2.84,0,11,89
2.845,0,11,89
2.85,0,11,89
2.855,0,11,89
2.86,0,11,89
2.865,0,11,89
2.87,0,11,89
2.875,0,11,89
2.88,0,11,89
2.885,0,11,89
2.89,0,11,89
2.895,0,11,89
2.9,0,11,89
2.905,0,11,89
2.91,0,11,89
2.915,0,11,89
2.92,0,11,89
2.925,0,11,89
2.93,0,11,89
2.935,0,11,89
2.94,0,11,89
2.945,0,11,89
2.95,0,11,89
2.955,0,11,89
2.96,0,11,89
2.965,0,11,89
2.97,0,11,89
2.975,0,11,89
2.98,0,11,89
2.985,0,11,89
2.99,0,10,90
2.995,0,10,90
3,0,10,90
3.005,0,10,90
3.01,0,10,90
3.015,0,10,90
3.02,0,10,90
3.025,0,10,90
3.03,0,10,90
3.035,0,10,90
3.04,0,10,90
3.045,0,10,90
3.05,0,10,90
3.055,0,10,90
3.06,0,10,90
3.065,0,10,90
3.07,0,10,90
3.075,0,10,90
3.08,0,10,90
3.085,0,10,90
3.09,0,10,90
3.095,0,10,90
3.1,0,10,90
3.105,0,10,90
3.11,0,10,90
3.115,0,10,90
3.12,0,10,90
3.125,0,10,90
3.13,0,10,90
3.135,0,10,90
3.14,0,10,90
3.145,0,10,90
3.15,0,10,90
3.155,0,10,90
3.16,0,10,90
3.165,0,10,90
3.17,0,10,90
3.175,0,10,90
3.18,0,10,90
3.185,0,10,90
3.19,0,10,90
3.195,0,10,90
3.2,0,10,90
3.205,0,10,90
3.21,0,10,90
3.215,0,10,90
3.22,0,10,90
3.225,0,10,90
3.23,0,10,90
3.235,0,10,90
3.24,0,10,90
3.245,0,10,90
3.25,0,10,90
3.255,0,10,90
3.26,0,10,90
3.265,0,10,90
3.27,0,10,90
3.275,0,10,90
3.28,0,10,90
3.285,0,10,90
3.29,0,10,90
3.295,0,10,90
3.3,0,10,90
3.305,0,10,90
3.31,0,10,90
3.315,0,10,90
3.32,0,10,90
3.325,0,10,90
3.33,0,10,90
3.335,0,10,90
3.34,0,10,90
3.345,0,10,90
3.35,0,10,90
3.355,0,10,90
3.36,0,10,90
3.365,0,10,90
3.37,0,10,90
3.375,0,10,90
3.38,0,10,90
3.385,0,10,90
3.39,0,10,90
3.395,0,10,90
3.4,0,10,90
3.405,0,10,90
3.41,0,10,90
3.415,0,9,91
3.42,0,9,91
3.425,0,9,91
3.43,0,9,91
3.435,0,9,91
3.44,0,9,91
3.445,0,9,91
3.45,0,9,91
3.455,0,9,91
3.46,0,9,91
3.465,0,9,91
3.47,0,9,91
3.475,0,9,91
3.48,0,9,91
3.485,0,9,91
3.49,0,9,91
3.495,0,9,91
3.5,0,9,91
3.505,0,9,91
3.51,0,9,91
3.515,0,9,91
3.52,0,9,91
3.525,0,9,91
3.53,0,9,91
3.535,0,9,91
3.54,0,9,91
3.545,0,9,91
3.55,0,9,91
3.555,0,9,91
3.56,0,9,91
3.565,0,9,91
3.57,0,9,91
3.575,0,8,92
3.58,0,8,92
3.585,0,7,93
3.59,0,6,94
3.595,0,6,94
3.6,0,6,94
3.605,0,6,94
3.61,0,6,94
3.615,0,6,94
3.62,0,6,94
3.625,0,5,95
3.63,0,5,95
3.635,0,5,95
3.64,0,5,95
3.645,0,5,95
3.65,0,5,95
3.655,0,5,95
3.66,0,5,95
3.665,0,5,95
3.67,0,5,95
3.675,0,5,95
3.68,0,5,95
3.685,0,5,95
3.69,0,5,95
3.695,0,5,95
3.7,0,5,95
3.705,0,5,95
3.71,0,5,95
3.715,0,5,95
3.72,0,4,96
3.725,0,4,96
3.73,0,4,96
3.735,0,4,96
3.74,0,4,96
3.745,0,4,96
3.75,0,4,96
3.755,0,4,96
3.76,0,4,96
3.765,0,4,96
3.77,0,4,96
3.775,0,4,96
3.78,0,4,96
3.785,0,4,96
3.79,0,4,96
3.795,0,4,96
3.8,0,4,96
3.805,0,4,96
3.81,0,4,96
3.815,0,4,96
3.82,0,4,96
3.825,0,4,96
3.83,0,4,96
3.835,0,4,96
3.84,0,4,96
3.845,0,4,96
3.85,0,4,96
3.855,0,4,96
3.86,0,4,96
3.865,0,4,96
3.87,0,4,96
3.875,0,4,96
3.88,0,4,96
3.885,0,4,96
3.89,0,4,96
3.895,0,4,96
3.9,0,4,96
3.905,0,4,96
3.91,0,4,96
3.915,0,4,96
3.92,0,4,96
3.925,0,4,96
3.93,0,4,96
3.935,0,4,96
3.94,0,4,96
3.945,0,4,96
3.95,0,4,96
3.955,0,4,96
3.96,0,4,96
3.965,0,4,96
3.97,0,4,96
3.975,0,3,97
3.98,0,3,97
3.985,0,3,97
3.99,0,3,97
3.995,0,3,97
4,0,3,97
4.005,0,3,97
4.01,0,3,97
4.015,0,3,97
4.02,0,3,97
4.025,0,3,97
4.03,0,3,97
4.035,0,3,97
4.04,0,3,97
4.045,0,3,97
4.05,0,3,97
4.055,0,3,97
4.06,0,3,97
4.065,0,3,97
4.07,0,3,97
4.075,0,3,97
4.08,0,3,97
4.085,0,3,97
4.09,0,3,97
4.095,0,3,97
4.1,0,3,97
4.105,0,3,97
4.11,0,3,97
4.115,0,3,97
4.12,0,3,97
4.125,0,3,97
4.13,0,3,97
4.135,0,3,97
4.14,0,3,97
4.145,0,3,97
4.15,0,3,97
4.155,0,3,97
4.16,0,3,97
4.165,0,3,97
4.17,0,3,97
4.175,0,3,97
4.18,0,3,97
4.185,0,3,97
4.19,0,3,97
4.195,0,3,97
4.2,0,3,97
4.205,0,3,97
4.21,0,3,97
4.215,0,3,97
4.22,0,3,97
4.225,0,3,97
4.23,0,3,97
4.235,0,3,97
4.24,0,3,97
4.245,0,3,97
4.25,0,3,97
4.255,0,3,97
4.26,0,3,97
4.265,0,3,97
4.27,0,3,97
4.275,0,3,97
4.28,0,3,97
4.285,0,3,97
4.29,0,3,97
4.295,0,3,97
4.3,0,3,97
4.305,0,3,97
4.31,0,3,97
4.315,0,3,97
4.32,0,3,97
4.325,0,3,97
4.33,0,3,97
4.335,0,3,97
4.34,0,3,97
4.345,0,3,97
4.35,0,3,97
4.355,0,3,97
4.36,0,3,97
4.365,0,3,97
4.37,0,3,97
4.375,0,3,97
4.38,0,3,97
4.385,0,3,97
4.39,0,3,97
4.395,0,3,97
4.4,0,3,97
4.405,0,3,97
4.41,0,3,97
4.415,0,3,97
4.42,0,3,97
4.425,0,3,97
4.43,0,3,97
4.435,0,3,97
4.44,0,3,97
4.445,0,3,97
4.45,0,3,97
4.455,0,3,97
4.46,0,3,97
4.465,0,3,97
4.47,0,3,97
4.475,0,3,97
4.48,0,3,97
4.485,0,3,97
4.49,0,3,97
4.495,0,3,97
4.5,0,3,97
4.505,0,3,97
4.51,0,3,97
4.515,0,3,97
4.52,0,3,97
4.525,0,3,97
4.53,0,3,97
4.535,0,3,97
4.54,0,3,97
4.545,0,3,97
4.55,0,3,97
4.555,0,3,97
4.56,0,3,97
4.565,0,3,97
4.57,0,3,97
4.575,0,3,97
4.58,0,3,97
4.585,0,3,97
4.59,0,3,97
4.595,0,3,97
4.6,0,3,97
4.605,0,3,97
4.61,0,3,97
4.615,0,3,97
4.62,0,3,97
4.625,0,2,98
4.63,0,2,98
4.635,0,2,98
4.64,0,2,98
4.645,0,2,98
4.65,0,2,98
4.655,0,2,98
4.66,0,2,98
4.665,0,2,98
4.67,0,2,98
4.675,0,2,98
4.68,0,2,98
4.685,0,2,98
4.69,0,2,98
4.695,0,2,98
4.7,0,2,98
4.705,0,2,98
4.71,0,2,98
4.715,0,2,98
4.72,0,2,98
4.725,0,2,98
4.73,0,2,98
4.735,0,2,98
4.74,0,2,98
4.745,0,2,98
4.75,0,2,98
4.755,0,2,98
4.76,0,2,98
4.765,0,2,98
4.77,0,2,98
4.775,0,2,98
4.78,0,2,98
4.785,0,2,98
4.79,0,2,98
4.795,0,2,98
4.8,0,2,98
4.805,0,2,98
4.81,0,2,98
4.815,0,2,98
4.82,0,2,98
4.825,0,2,98
4.83,0,2,98
4.835,0,2,98
4.84,0,2,98
4.845,0,2,98
4.85,0,2,98
4.855,0,2,98
4.86,0,2,98
4.865,0,2,98
4.87,0,2,98
4.875,0,2,98
4.88,0,2,98
4.885,0,2,98
4.89,0,2,98
4.895,0,2,98
4.9,0,2,98
4.905,0,2,98
4.91,0,2,98
4.915,0,2,98
4.92,0,2,98
4.925,0,2,98
4.93,0,2,98
4.935,0,2,98
4.94,0,2,98
4.945,0,2,98
4.95,0,2,98
4.955,0,2,98
4.96,0,2,98
4.965,0,2,98
4.97,0,2,98
4.975,0,2,98
4.98,0,2,98
4.985,0,2,98
4.99,0,2,98
4.995,0,2,98
5,0,2,98
5.005,0,2,98
