Time,Susceptible,Infected,Recovered
0,90,10,0
0.005,90,10,0
0.01,90,10,0
0.015,90,9,1
0.02,90,9,1
0.025,90,9,1
0.03,90,9,1
0.035,89,10,1
0.04,88,11,1
0.045,88,11,1
0.05,88,11,1
0.055,88,11,1
0.06,88,11,1
0.065,88,11,1
0.07,88,10,2
0.075,88,10,2
0.08,87,11,2
0.085,87,11,2
0.09,87,11,2
0.095,87,11,2
0.1,87,11,2
0.105,87,11,2
0.11,87,11,2
0.115,87,11,2
0.12,87,11,2
0.125,87,11,2
0.13,87,11,2
0.135,87,11,2
0.14,87,10,3
0.145,87,10,3
0.15,87,10,3
0.155,87,10,3
0.16,87,10,3
0.165,87,10,3
0.17,87,10,3
0.175,85,12,3
0.18,85,12,3
0.185,84,13,3
0.19,84,13,3
0.195,83,14,3
0.2,83,14,3
0.205,82,15,3
0.21,81,16,3
0.215,81,15,4
0.22,80,16,4
0.225,79,17,4
0.23,79,17,4
0.235,79,17,4
0.24,79,17,4
0.245,79,17,4
0.25,78,18,4
0.255,78,18,4
0.26,78,18,4
0.265,77,19,4
0.27,77,19,4
0.275,76,20,4
0.28,76,20,4
0.285,76,20,4
0.29,76,20,4
0.295,75,21,4
0.3,74,22,4
0.305,73,23,4
0.31,73,23,4
0.315,73,23,4
0.32,73,23,4
0.325,72,24,4
0.33,72,23,5
0.335,71,24,5
0.34,70,25,5
0.345,70,25,5
0.35,69,26,5
0.355,68,26,6
0.36,68,26,6
0.365,67,27,6
0.37,66,28,6
0.375,66,28,6
0.38,66,28,6
0.385,65,29,6
0.39,64,29,7
0.395,64,29,7
0.4,63,30,7
0.405,62,31,7
0.41,62,31,7
0.415,59,33,8
0.42,58,34,8
0.425,58,33,9
0.43,57,34,9
0.435,57,34,9
0.44,57,34,9
0.445,55,36,9
0.45,54,37,9
0.455,54,37,9
0.46,54,37,9
0.465,54,37,9
0.47,53,37,10
0.475,50,40,10
0.48,50,40,10
0.485,49,41,10
0.49,49,41,10
0.495,47,43,10
0.5,47,43,10
0.505,47,42,11
0.51,45,44,11
0.515,44,45,11
0.52,44,45,11
0.525,44,45,11
0.53,42,47,11
0.535,42,47,11
0.54,42,47,11
0.545,42,45,13
0.55,41,46,13
0.555,41,46,13
0.56,41,46,13
0.565,41,46,13
0.57,41,46,13
0.575,40,47,13
0.58,37,50,13
0.585,37,50,13
0.59,37,50,13
0.595,36,51,13
0.6,35,52,13
0.605,35,52,13
0.61,35,52,13
0.615,35,52,13
0.62,33,54,13
0.625,33,54,13
0.63,33,54,13
0.635,32,55,13
0.64,30,56,14
0.645,28,58,14
0.65,26,59,15
0.655,26,58,16
0.66,25,59,16
0.665,25,59,16
0.67,25,59,16
0.675,24,59,17
0.68,24,59,17
0.685,22,61,17
0.69,22,61,17
0.695,22,60,18
0.7,22,60,18
0.705,21,61,18
0.71,21,61,18
0.715,20,62,18
0.72,20,62,18
0.725,19,63,18
0.73,18,64,18
0.735,18,64,18
0.74,17,63,20
0.745,16,64,20
0.75,15,64,21
0.755,15,64,21
0.76,15,64,21
0.765,14,65,21
0.77,14,65,21
0.775,14,65,21
0.78,14,65,21
0.785,14,65,21
0.79,14,65,21
0.795,14,65,21
0.8,14,64,22
0.805,14,64,22
0.81,14,64,22
0.815,14,63,23
0.82,14,63,23
0.825,14,62,24
0.83,14,62,24
0.835,14,62,24
0.84,14,62,24
0.845,13,63,24
0.85,13,63,24
0.855,13,63,24
0.86,12,64,24
0.865,11,65,24
0.87,11,64,25
0.875,11,64,25
0.88,10,65,25
0.885,10,65,25
0.89,10,64,26
0.895,10,64,26
0.9,9,65,26
0.905,9,65,26
0.91,9,63,28
0.915,9,62,29
0.92,9,60,31
0.925,9,60,31
0.93,7,62,31
0.935,7,61,32
0.94,7,61,32
0.945,7,60,33
0.95,7,58,35
0.955,6,59,35
0.96,5,59,36
0.965,5,58,37
0.97,4,59,37
0.975,4,59,37
0.98,4,58,38
0.985,4,57,39
0.99,4,57,39
0.995,4,57,39
1,4,57,39
1.005,4,57,39
1.01,4,56,40
1.015,4,56,40
1.02,4,56,40
1.025,4,56,40
1.03,4,56,40
1.035,4,56,40
1.04,4,55,41
1.045,4,55,41
1.05,4,55,41
1.055,4,54,42
1.06,4,54,42
1.065,4,54,42
1.07,4,54,42
1.075,4,53,43
1.08,4,53,43
1.085,4,53,43
1.09,4,53,43
1.095,4,53,43
1.1,4,53,43
1.105,4,53,43
1.11,4,53,43
1.115,4,52,44
1.12,4,52,44
1.125,4,52,44
1.13,4,52,44
1.135,4,51,45
1.14,4,50,46
1.145,4,50,46
1.15,4,50,46
1.155,4,50,46
1.16,4,50,46
1.165,4,49,47
1.17,4,49,47
1.175,4,49,47
1.18,4,49,47
1.185,4,48,48
1.19,4,48,48
1.195,4,48,48
1.2,4,48,48
1.205,4,48,48
1.21,4,48,48
1.215,4,48,48
1.22,4,48,48
1.225,4,48,48
1.23,4,48,48
1.235,3,49,48
1.24,3,49,48
1.245,3,48,49
1.25,3,48,49
1.255,3,47,50
1.26,3,47,50
1.265,3,46,51
1.27,3,46,51
1.275,3,46,51
1.28,3,46,51
1.285,3,46,51
1.29,3,44,53
1.295,3,44,53
1.3,3,43,54
1.305,3,43,54
1.31,3,43,54
1.315,3,42,55
1.32,3,42,55
1.325,3,41,56
1.33,3,41,56
1.335,3,41,56
1.34,3,41,56
1.345,3,41,56
1.35,3,41,56
1.355,3,41,56
1.36,3,41,56
1.365,3,41,56
1.37,3,40,57
1.375,3,40,57
1.38,3,40,57
1.385,3,40,57
1.39,3,37,60
1.395,3,37,60
1.4,3,37,60
1.405,3,37,60
1.41,3,36,61
1.415,3,36,61
1.42,2,36,62
1.425,2,36,62
1.43,2,36,62
1.435,2,36,62
1.44,2,36,62
1.445,2,36,62
1.45,2,35,63
1.455,2,35,63
1.46,2,35,63
1.465,2,35,63
1.47,2,35,63
1.475,2,35,63
1.48,2,35,63
1.485,2,35,63
1.49,2,35,63
1.495,2,35,63
1.5,2,35,63
1.505,2,35,63
1.51,2,35,63
1.515,2,34,64
1.52,2,34,64
1.525,2,34,64
1.53,2,34,64
1.535,2,34,64
1.54,2,34,64
1.545,2,34,64
1.55,2,34,64
1.555,2,34,64
1.56,2,34,64
1.565,2,34,64
1.57,2,34,64
1.575,2,34,64
1.58,2,34,64
1.585,2,34,64
1.59,2,34,64
1.595,2,34,64
1.6,1,35,64
1.605,1,35,64
1.61,1,35,64
1.615,1,34,65
1.62,1,34,65
1.625,1,34,65
1.63,1,34,65
1.635,1,34,65
1.64,1,34,65
1.645,1,34,65
1.65,1,34,65
1.655,1,34,65
1.66,1,33,66
1.665,1,33,66
1.67,1,33,66
1.675,1,33,66
1.68,1,33,66
1.685,1,33,66
1.69,1,33,66
1.695,1,33,66
1.7,1,33,66
1.705,1,32,67
1.71,1,31,68
1.715,1,31,68
1.72,1,31,68
1.725,1,31,68
1.73,1,31,68
1.735,1,31,68
1.74,1,31,68
1.745,1,31,68
1.75,1,31,68
1.755,1,30,69
1.76,1,29,70
1.765,1,29,70
1.77,1,29,70
1.775,1,29,70
1.78,1,29,70
1.785,1,29,70
1.79,1,29,70
1.795,1,29,70
1.8,1,29,70
1.805,1,29,70
1.81,1,29,70
1.815,1,29,70
1.82,1,29,70
1.825,1,29,70
1.83,1,29,70
1.835,1,29,70
1.84,0,30,70
1.845,0,30,70
1.85,0,30,70
1.855,0,30,70
1.86,0,30,70
1.865,0,29,71
1.87,0,29,71
1.875,0,28,72
1.88,0,28,72
1.885,0,28,72
1.89,0,28,72
1.895,0,28,72
1.9,0,28,72
1.905,0,28,72
1.91,0,28,72
1.915,0,28,72
1.92,0,27,73
1.925,0,27,73
1.93,0,27,73
1.935,0,27,73
1.94,0,27,73
1.945,0,26,74
1.95,0,26,74
1.955,0,26,74
1.96,0,26,74
1.965,0,26,74
1.97,0,26,74
1.975,0,26,74
1.98,0,26,74
1.985,0,25,75
1.99,0,25,75
1.995,0,25,75
2,0,25,75
2.005,0,25,75
2.01,0,25,75
2.015,0,24,76
2.02,0,24,76
2.025,0,24,76
2.03,0,24,76
2.035,0,24,76
2.04,0,24,76
2.045,0,24,76
2.05,0,24,76
2.055,0,24,76
2.06,0,24,76
2.065,0,24,76
2.07,0,24,76
2.075,0,24,76
2.08,0,24,76
2.085,0,24,76
2.09,0,24,76
2.095,0,24,76
2.1,0,24,76
2.105,0,24,76
2.11,0,24,76
2.115,0,24,76
2.12,0,24,76
2.125,0,24,76
2.13,0,24,76
2.135,0,24,76
2.14,0,24,76
2.145,0,24,76
2.15,0,24,76
2.155,0,24,76
2.16,0,24,76
2.165,0,24,76
2.17,0,24,76
2.175,0,24,76
2.18,0,24,76
2.185,0,24,76
2.19,0,24,76
2.195,0,24,76
2.2,0,24,76
2.205,0,24,76
2.21,0,24,76
2.215,0,23,77
2.22,0,22,78
2.225,0,21,79
2.23,0,21,79
2.235,0,21,79
2.24,0,21,79
2.245,0,21,79
2.25,0,21,79
2.255,0,21,79
2.26,0,21,79
2.265,0,21,79
2.27,0,21,79
2.275,0,21,79
2.28,0,21,79
2.285,0,21,79
2.29,0,21,79
2.295,0,21,79
2.3,0,21,79
2.305,0,21,79
2.31,0,21,79
2.315,0,21,79
2.32,0,21,79
2.325,0,21,79
2.33,0,20,80
2.335,0,20,80
2.34,0,20,80
2.345,0,20,80
2.35,0,20,80
2.355,0,20,80
2.36,0,20,80
2.365,0,19,81
2.37,0,19,81
2.375,0,19,81
2.38,0,19,81
2.385,0,19,81
2.39,0,19,81
2.395,0,19,81
2.4,0,19,81
2.405,0,19,81
2.41,0,19,81
2.415,0,18,82
2.42,0,18,82
2.425,0,18,82
2.43,0,18,82
2.435,0,18,82
2.44,0,18,82
2.445,0,18,82
2.45,0,18,82
2.455,0,16,84
2.46,0,16,84
2.465,0,16,84
2.47,0,16,84
2.475,0,16,84
2.48,0,16,84
2.485,0,15,85
2.49,0,15,85
2.495,0,15,85
2.5,0,15,85
2.505,0,15,85
2.51,0,15,85
2.515,0,15,85
2.52,0,15,85
2.525,0,14,86
2.53,0,14,86
2.535,0,14,86
2.54,0,14,86
2.545,0,14,86
2.55,0,14,86
2.555,0,14,86
2.56,0,14,86
2.565,0,14,86
2.57,0,14,86
2.575,0,14,86
2.58,0,14,86
2.585,0,14,86
2.59,0,14,86
2.595,0,14,86
2.6,0,14,86
2.605,0,14,86
2.61,0,14,86
2.615,0,13,87
2.62,0,12,88
2.625,0,12,88
2.63,0,12,88
2.635,0,12,88
2.64,0,12,88
2.645,0,12,88
2.65,0,12,88
2.655,0,12,88
2.66,0,12,88
2.665,0,12,88
2.67,0,12,88
2.675,0,12,88
2.68,0,12,88
2.685,0,12,88
2.69,0,12,88
2.695,0,12,88
2.7,0,12,88
2.705,0,12,88
2.71,0,12,88
2.715,0,12,88
2.72,0,12,88
2.725,0,12,88
2.73,0,12,88
2.735,0,12,88
2.74,0,12,88
2.745,0,12,88
2.75,0,12,88
2.755,0,12,88
2.76,0,12,88
2.765,0,12,88
2.77,0,12,88
2.775,0,12,88
2.78,0,12,88
2.785,0,12,88
2.79,0,12,88
2.795,0,12,88
2.8,0,12,88
2.805,0,12,88
2.81,0,12,88
2.815,0,12,88
2.82,0,12,88
2.825,0,12,88
2.83,0,12,88
2.835,0,12,88
2.84,0,12,88
2.845,0,12,88
2.85,0,12,88
2.855,0,12,88
2.86,0,11,89
2.865,0,11,89
2.87,0,11,89
2.875,0,11,89
2.88,0,11,89
2.885,0,11,89
2.89,0,11,89
2.895,0,11,89
2.9,0,11,89
2.905,0,11,89
2.91,0,11,89
2.915,0,11,89
2.92,0,11,89
2.925,0,10,90
2.93,0,10,90
2.935,0,10,90
2.94,0,10,90
2.945,0,10,90
2.95,0,10,90
2.955,0,10,90
2.96,0,10,90
2.965,0,9,91
2.97,0,9,91
2.975,0,9,91
2.98,0,8,92
2.985,0,8,92
2.99,0,8,92
2.995,0,8,92
3,0,8,92
3.005,0,8,92
3.01,0,8,92
3.015,0,8,92
3.02,0,8,92
3.025,0,8,92
3.03,0,8,92
3.035,0,8,92
3.04,0,8,92
3.045,0,8,92
3.05,0,8,92
3.055,0,8,92
3.06,0,8,92
3.065,0,8,92
3.07,0,8,92
3.075,0,8,92
3.08,0,8,92
3.085,0,8,92
3.09,0,8,92
3.095,0,8,92
3.1,0,8,92
3.105,0,8,92
3.11,0,7,93
3.115,0,7,93
3.12,0,7,93
3.125,0,7,93
3.13,0,7,93
3.135,0,7,93
3.14,0,7,93
3.145,0,7,93
3.15,0,7,93
3.155,0,7,93
3.16,0,7,93
3.165,0,7,93
3.17,0,7,93
3.175,0,7,93
3.18,0,7,93
3.185,0,7,93
3.19,0,7,93
3.195,0,7,93
3.2,0,7,93
3.205,0,7,93
3.21,0,7,93
3.215,0,7,93
3.22,0,7,93
3.225,0,7,93
3.23,0,7,93
3.235,0,7,93
3.24,0,7,93
3.245,0,7,93
3.25,0,7,93
3.255,0,7,93
3.26,0,7,93
3.265,0,7,93
3.27,0,7,93
3.275,0,7,93
3.28,0,7,93
3.285,0,7,93
3.29,0,7,93
3.295,0,7,93
3.3,0,7,93
3.305,0,6,94
3.31,0,6,94
3.315,0,6,94
3.32,0,6,94
3.325,0,6,94
3.33,0,6,94
3.335,0,6,94
3.34,0,6,94
3.345,0,6,94
3.35,0,6,94
3.355,0,6,94
3.36,0,6,94
3.365,0,6,94
3.37,0,6,94
3.375,0,6,94
3.38,0,6,94
3.385,0,6,94
3.39,0,6,94
3.395,0,6,94
3.4,0,6,94
3.405,0,6,94
3.41,0,6,94
3.415,0,6,94
3.42,0,6,94
3.425,0,6,94
3.43,0,6,94
3.435,0,6,94
3.44,0,6,94
3.445,0,6,94
3.45,0,6,94
3.455,0,5,95
3.46,0,5,95
3.465,0,5,95
3.47,0,5,95
3.475,0,5,95
3.48,0,5,95
3.485,0,5,95
3.49,0,5,95
3.495,0,5,95
3.5,0,5,95
3.505,0,5,95
3.51,0,5,95
3.515,0,5,95
3.52,0,5,95
3.525,0,5,95
3.53,0,5,95
3.535,0,5,95
3.54,0,5,95
3.545,0,5,95
3.55,0,5,95
3.555,0,5,95
3.56,0,5,95
3.565,0,5,95
3.57,0,5,95
3.575,0,5,95
3.58,0,5,95
3.585,0,5,95
3.59,0,5,95
3.595,0,5,95
3.6,0,5,95
3.605,0,5,95
3.61,0,5,95
3.615,0,5,95
3.62,0,5,95
3.625,0,5,95
3.63,0,5,95
3.635,0,5,95
3.64,0,5,95
3.645,0,5,95
3.65,0,5,95
3.655,0,5,95
3.66,0,5,95
3.665,0,5,95
3.67,0,5,95
3.675,0,5,95
3.68,0,5,95
3.685,0,5,95
3.69,0,5,95
3.695,0,5,95
3.7,0,5,95
3.705,0,5,95
3.71,0,5,95
3.715,0,5,95
3.72,0,5,95
3.725,0,5,95
3.73,0,5,95
3.735,0,5,95
3.74,0,5,95
3.745,0,5,95
3.75,0,5,95
3.755,0,5,95
3.76,0,5,95
3.765,0,5,95
3.77,0,5,95
3.775,0,5,95
3.78,0,5,95
3.785,0,5,95
3.79,0,5,95
3.795,0,5,95
3.8,0,5,95
3.805,0,5,95
3.81,0,5,95
3.815,0,5,95
3.82,0,5,95
3.825,0,5,95
3.83,0,5,95
3.835,0,5,95
3.84,0,5,95
3.845,0,5,95
3.85,0,5,95
3.855,0,5,95
3.86,0,5,95
3.865,0,5,95
3.87,0,5,95
3.875,0,4,96
3.88,0,4,96
3.885,0,4,96
3.89,0,4,96
3.895,0,4,96
3.9,0,4,96
3.905,0,4,96
3.91,0,4,96
3.915,0,4,96
3.92,0,4,96
3.925,0,4,96
3.93,0,4,96
3.935,0,4,96
3.94,0,4,96
3.945,0,4,96
3.95,0,4,96
3.955,0,4,96
3.96,0,4,96
3.965,0,4,96
3.97,0,4,96
3.975,0,4,96
3.98,0,4,96
3.985,0,4,96
3.99,0,4,96
3.995,0,4,96
4,0,4,96
4.005,0,4,96
4.01,0,4,96
4.015,0,4,96
4.02,0,4,96
4.025,0,4,96
4.03,0,4,96
4.035,0,4,96
4.04,0,4,96
4.045,0,4,96
4.05,0,4,96
4.055,0,4,96
4.06,0,4,96
4.065,0,4,96
4.07,0,4,96
4.075,0,4,96
4.08,0,4,96
4.085,0,4,96
4.09,0,4,96
4.095,0,4,96
4.1,0,4,96
4.105,0,4,96
4.11,0,4,96
4.115,0,4,96
4.12,0,4,96
4.125,0,4,96
4.13,0,4,96
4.135,0,4,96
4.14,0,4,96
4.145,0,4,96
4.15,0,4,96
4.155,0,4,96
4.16,0,4,96
4.165,0,4,96
4.17,0,4,96
4.175,0,4,96
4.18,0,4,96
4.185,0,4,96
4.19,0,3,97
4.195,0,3,97
4.2,0,3,97
4.205,0,3,97
4.21,0,3,97
4.215,0,3,97
4.22,0,3,97
4.225,0,3,97
4.23,0,3,97
4.235,0,3,97
4.24,0,3,97
4.245,0,3,97
4.25,0,3,97
4.255,0,3,97
4.26,0,3,97
4.265,0,3,97
4.27,0,3,97
4.275,0,3,97
4.28,0,3,97
4.285,0,3,97
4.29,0,3,97
4.295,0,3,97
4.3,0,3,97
4.305,0,3,97
4.31,0,3,97
4.315,0,3,97
4.32,0,3,97
4.325,0,3,97
4.33,0,3,97
4.335,0,3,97
4.34,0,3,97
4.345,0,3,97
4.35,0,3,97
4.355,0,3,97
4.36,0,3,97
4.365,0,3,97
4.37,0,3,97
4.375,0,3,97
4.38,0,3,97
4.385,0,3,97
4.39,0,3,97
4.395,0,3,97
4.4,0,3,97
4.405,0,3,97
4.41,0,3,97
4.415,0,3,97
4.42,0,3,97
4.425,0,3,97
4.43,0,3,97
4.435,0,3,97
4.44,0,3,97
4.445,0,3,97
4.45,0,3,97
4.455,0,3,97
4.46,0,3,97
4.465,0,3,97
4.47,0,3,97
4.475,0,3,97
4.48,0,3,97
4.485,0,3,97
4.49,0,3,97
4.495,0,3,97
4.5,0,3,97
4.505,0,3,97
4.51,0,3,97
4.515,0,3,97
4.52,0,3,97
4.525,0,3,97
4.53,0,3,97
4.535,0,3,97
4.54,0,3,97
4.545,0,3,97
4.55,0,3,97
4.555,0,3,97
4.56,0,3,97
4.565,0,3,97
4.57,0,3,97
4.575,0,3,97
4.58,0,3,97
4.585,0,3,97
4.59,0,3,97
4.595,0,3,97
4.6,0,3,97
4.605,0,3,97
4.61,0,2,98
4.615,0,2,98
4.62,0,2,98
4.625,0,2,98
4.63,0,2,98
4.635,0,2,98
4.64,0,2,98
4.645,0,2,98
4.65,0,2,98
4.655,0,2,98
4.66,0,2,98
4.665,0,2,98
4.67,0,2,98
4.675,0,2,98
4.68,0,2,98
4.685,0,2,98
4.69,0,2,98
4.695,0,2,98
4.7,0,2,98
4.705,0,2,98
4.71,0,2,98
4.715,0,2,98
4.72,0,2,98
4.725,0,2,98
4.73,0,2,98
4.735,0,2,98
4.74,0,2,98
4.745,0,2,98
4.75,0,2,98
4.755,0,2,98
4.76,0,2,98
4.765,0,2,98
4.77,0,2,98
4.775,0,2,98
4.78,0,2,98
4.785,0,2,98
4.79,0,2,98
4.795,0,2,98
4.8,0,2,98
4.805,0,2,98
4.81,0,2,98
4.815,0,2,98
4.82,0,2,98
4.825,0,2,98
4.83,0,2,98
4.835,0,2,98
4.84,0,2,98
4.845,0,2,98
4.85,0,2,98
4.855,0,2,98
4.86,0,2,98
4.865,0,2,98
4.87,0,2,98
4.875,0,2,98
4.88,0,2,98
4.885,0,2,98
4.89,0,2,98
4.895,0,2,98
4.9,0,2,98
4.905,0,2,98
4.91,0,2,98
4.915,0,2,98
4.92,0,2,98
4.925,0,2,98
4.93,0,2,98
4.935,0,2,98
4.94,0,2,98
4.945,0,2,98
4.95,0,2,98
4.955,0,2,98
4.96,0,2,98
4.965,0,2,98
4.97,0,2,98
4.975,0,2,98
4.98,0,2,98
4.985,0,2,98
4.99,0,2,98
4.995,0,2,98
5,0,2,98
5.005,0,2,98
