Time,Susceptible,Infected,Recovered
0,90,10,0
0.005,90,10,0
0.01,89,11,0
0.015,89,11,0
0.02,89,11,0
0.025,87,13,0
0.03,85,15,0
0.035,85,15,0
0.04,83,17,0
0.045,83,17,0
0.05,81,19,0
0.055,81,19,0
0.06,81,19,0
0.065,81,18,1
0.07,81,18,1
0.075,81,18,1
0.08,81,18,1
0.085,81,18,1
0.09,80,19,1
0.095,79,19,2
0.1,79,19,2
0.105,79,19,2
0.11,79,19,2
0.115,79,19,2
0.12,78,20,2
0.125,78,20,2
0.13,77,21,2
0.135,76,22,2
0.14,76,22,2
0.145,76,22,2
0.15,76,22,2
0.155,75,23,2
0.16,75,23,2
0.165,74,24,2
0.17,73,25,2
0.175,70,28,2
0.18,70,27,3
0.185,69,28,3
0.19,69,27,4
0.195,69,26,5
0.2,67,28,5
0.205,67,27,6
0.21,67,26,7
0.215,67,25,8
0.22,66,26,8
0.225,66,26,8
0.23,65,27,8
0.235,62,30,8
0.24,60,32,8
0.245,60,32,8
0.25,59,33,8
0.255,59,33,8
0.26,59,32,9
0.265,59,32,9
0.27,58,32,10
0.275,57,33,10
0.28,57,33,10
0.285,55,35,10
0.29,54,36,10
0.295,53,37,10
0.3,53,37,10
0.305,52,38,10
0.31,50,40,10
0.315,49,41,10
0.32,48,42,10
0.325,46,44,10
0.33,43,46,11
0.335,42,47,11
0.34,41,48,11
0.345,41,48,11
0.35,40,49,11
0.355,40,49,11
0.36,39,50,11
0.365,39,50,11
0.37,39,50,11
0.375,39,50,11
0.38,37,52,11
0.385,37,51,12
0.39,36,52,12
0.395,36,52,12
0.4,35,53,12
0.405,35,52,13
0.41,35,52,13
0.415,35,50,15
0.42,35,50,15
0.425,32,53,15
0.43,32,53,15
0.435,31,53,16
0.44,30,52,18
0.445,30,52,18
0.45,29,53,18
0.455,29,53,18
0.46,29,53,18
0.465,28,54,18
0.47,27,55,18
0.475,27,55,18
0.48,27,55,18
0.485,27,55,18
0.49,27,55,18
0.495,26,56,18
0.5,25,57,18
0.505,25,57,18
0.51,25,57,18
0.515,25,56,19
0.52,25,56,19
0.525,23,57,20
0.53,23,56,21
0.535,22,57,21
0.54,22,57,21
0.545,22,56,22
0.55,22,56,22
0.555,21,56,23
0.56,21,55,24
0.565,19,56,25
0.57,18,57,25
0.575,18,57,25
0.58,18,57,25
0.585,18,55,27
0.59,18,55,27
0.595,18,55,27
0.6,18,55,27
0.605,18,55,27
0.61,18,55,27
0.615,18,53,29
0.62,18,53,29
0.625,18,53,29
0.63,18,53,29
0.635,18,52,30
0.64,18,52,30
0.645,18,52,30
0.65,17,52,31
0.655,17,51,32
0.66,17,50,33
0.665,17,50,33
0.67,17,50,33
0.675,16,51,33
0.68,16,51,33
0.685,16,50,34
0.69,15,51,34
0.695,13,53,34
0.7,12,54,34
0.705,11,54,35
0.71,11,54,35
0.715,11,54,35
0.72,10,54,36
0.725,10,54,36
0.73,10,54,36
0.735,9,55,36
0.74,9,55,36
0.745,9,54,37
0.75,9,54,37
0.755,9,54,37
0.76,9,54,37
0.765,9,53,38
0.77,9,53,38
0.775,7,55,38
0.78,7,55,38
0.785,6,56,38
0.79,6,56,38
0.795,6,56,38
0.8,6,54,40
0.805,6,54,40
0.81,6,53,41
0.815,6,53,41
0.82,6,53,41
0.825,6,53,41
0.83,6,53,41
0.835,6,53,41
0.84,6,53,41
0.845,5,54,41
0.85,5,54,41
0.855,5,54,41
0.86,5,54,41
0.865,4,55,41
0.87,3,56,41
0.875,3,56,41
0.88,3,56,41
0.885,3,55,42
0.89,3,55,42
0.895,3,55,42
0.9,3,55,42
0.905,3,55,42
0.91,3,55,42
0.915,3,55,42
0.92,3,55,42
0.925,3,55,42
0.93,3,55,42
0.935,3,55,42
0.94,3,53,44
0.945,3,53,44
0.95,3,53,44
0.955,3,53,44
0.96,3,52,45
0.965,3,52,45
0.97,3,52,45
0.975,3,51,46
0.98,3,51,46
0.985,3,51,46
0.99,3,50,47
0.995,3,50,47
1,3,50,47
1.005,3,50,47
1.01,3,50,47
1.015,3,50,47
1.02,3,50,47
1.025,3,50,47
1.03,3,50,47
1.035,3,50,47
1.04,3,50,47
1.045,3,50,47
1.05,3,50,47
1.055,3,50,47
1.06,3,49,48
1.065,3,49,48
1.07,3,49,48
1.075,3,49,48
1.08,3,49,48
1.085,3,49,48
1.09,3,49,48
1.095,3,49,48
1.1,3,48,49
1.105,3,48,49
1.11,3,47,50
1.115,3,47,50
1.12,3,47,50
1.125,3,47,50
1.13,3,47,50
1.135,3,47,50
1.14,3,47,50
1.145,3,47,50
1.15,3,47,50
1.155,3,47,50
1.16,3,47,50
1.165,3,47,50
1.17,3,47,50
1.175,3,47,50
1.18,3,47,50
1.185,3,47,50
1.19,3,47,50
1.195,3,47,50
1.2,3,46,51
1.205,2,47,51
1.21,1,48,51
1.215,1,47,52
1.22,1,46,53
1.225,1,46,53
1.23,1,46,53
1.235,1,46,53
1.24,1,46,53
1.245,1,46,53
1.25,1,46,53
1.255,1,46,53
1.26,1,46,53
1.265,1,45,54
1.27,1,45,54
1.275,1,45,54
1.28,1,45,54
1.285,1,45,54
1.29,1,45,54
1.295,1,45,54
1.3,1,45,54
1.305,1,45,54
1.31,1,45,54
1.315,1,44,55
1.32,1,44,55
1.325,1,44,55
1.33,1,44,55
1.335,1,44,55
1.34,1,44,55
1.345,1,44,55
1.35,1,44,55
1.355,1,44,55
1.36,1,44,55
1.365,1,44,55
1.37,1,43,56
1.375,1,43,56
1.38,1,43,56
1.385,0,44,56
1.39,0,44,56
1.395,0,44,56
1.4,0,44,56
1.405,0,44,56
1.41,0,44,56
1.415,0,44,56
1.42,0,44,56
1.425,0,44,56
1.43,0,44,56
1.435,0,44,56
1.44,0,43,57
1.445,0,42,58
1.45,0,42,58
1.455,0,42,58
1.46,0,41,59
1.465,0,41,59
1.47,0,41,59
1.475,0,41,59
1.48,0,41,59
1.485,0,41,59
1.49,0,41,59
1.495,0,41,59
1.5,0,41,59
1.505,0,41,59
1.51,0,41,59
1.515,0,41,59
1.52,0,40,60
1.525,0,40,60
1.53,0,40,60
1.535,0,40,60
1.54,0,40,60
1.545,0,40,60
1.55,0,40,60
1.555,0,40,60
1.56,0,40,60
1.565,0,40,60
1.57,0,40,60
1.575,0,40,60
1.58,0,39,61
1.585,0,39,61
1.59,0,38,62
1.595,0,38,62
1.6,0,38,62
1.605,0,38,62
1.61,0,37,63
1.615,0,37,63
1.62,0,37,63
1.625,0,36,64
1.63,0,36,64
1.635,0,36,64
1.64,0,36,64
1.645,0,36,64
1.65,0,35,65
1.655,0,35,65
1.66,0,35,65
1.665,0,35,65
1.67,0,35,65
1.675,0,35,65
1.68,0,35,65
1.685,0,35,65
1.69,0,35,65
1.695,0,35,65
1.7,0,35,65
1.705,0,35,65
1.71,0,35,65
1.715,0,34,66
1.72,0,34,66
1.725,0,34,66
1.73,0,34,66
1.735,0,33,67
1.74,0,33,67
1.745,0,33,67
1.75,0,33,67
1.755,0,33,67
1.76,0,33,67
1.765,0,32,68
1.77,0,32,68
1.775,0,32,68
1.78,0,32,68
1.785,0,32,68
1.79,0,32,68
1.795,0,32,68
1.8,0,32,68
1.805,0,32,68
1.81,0,32,68
1.815,0,32,68
1.82,0,32,68
1.825,0,32,68
1.83,0,32,68
1.835,0,32,68
1.84,0,32,68
1.845,0,32,68
1.85,0,32,68
1.855,0,32,68
1.86,0,32,68
1.865,0,32,68
1.87,0,32,68
1.875,0,31,69
1.88,0,31,69
1.885,0,30,70
1.89,0,30,70
1.895,0,30,70
1.9,0,30,70
1.905,0,30,70
1.91,0,30,70
1.915,0,30,70
1.92,0,30,70
1.925,0,29,71
1.93,0,29,71
1.935,0,29,71
1.94,0,29,71
1.945,0,29,71
1.95,0,29,71
1.955,0,29,71
1.96,0,29,71
1.965,0,29,71
1.97,0,29,71
1.975,0,29,71
1.98,0,29,71
1.985,0,29,71
1.99,0,29,71
1.995,0,28,72
2,0,27,73
2.005,0,27,73
2.01,0,27,73
2.015,0,26,74
2.02,0,26,74
2.025,0,26,74
2.03,0,26,74
2.035,0,26,74
2.04,0,26,74
2.045,0,26,74
2.05,0,26,74
2.055,0,26,74
2.06,0,26,74
2.065,0,26,74
2.07,0,26,74
2.075,0,26,74
2.08,0,26,74
2.085,0,25,75
2.09,0,25,75
2.095,0,25,75
2.1,0,25,75
2.105,0,23,77
2.11,0,22,78
2.115,0,22,78
2.12,0,22,78
2.125,0,22,78
2.13,0,22,78
2.135,0,22,78
2.14,0,22,78
2.145,0,22,78
2.15,0,21,79
2.155,0,21,79
2.16,0,21,79
2.165,0,21,79
2.17,0,21,79
2.175,0,21,79
2.18,0,20,80
2.185,0,20,80
2.19,0,20,80
2.195,0,20,80
2.2,0,20,80
2.205,0,20,80
2.21,0,20,80
2.215,0,20,80
2.22,0,19,81
2.225,0,19,81
2.23,0,19,81
2.235,0,19,81
2.24,0,19,81
2.245,0,19,81
2.25,0,19,81
2.255,0,19,81
2.26,0,19,81
2.265,0,19,81
2.27,0,19,81
2.275,0,19,81
2.28,0,19,81
2.285,0,19,81
2.29,0,19,81
2.295,0,19,81
2.3,0,19,81
2.305,0,19,81
2.31,0,19,81
2.315,0,19,81
2.32,0,19,81
2.325,0,19,81
2.33,0,19,81
2.335,0,19,81
2.34,0,19,81
2.345,0,19,81
2.35,0,19,81
2.355,0,19,81
2.36,0,19,81
2.365,0,19,81
2.37,0,19,81
2.375,0,19,81
2.38,0,19,81
2.385,0,19,81
2.39,0,19,81
2.395,0,17,83
2.4,0,17,83
2.405,0,17,83
2.41,0,17,83
2.415,0,17,83
2.42,0,16,84
2.425,0,15,85
2.43,0,15,85
2.435,0,15,85
2.44,0,15,85
2.445,0,15,85
2.45,0,15,85
2.455,0,15,85
2.46,0,15,85
2.465,0,15,85
2.47,0,15,85
2.475,0,15,85
2.48,0,15,85
2.485,0,14,86
2.49,0,14,86
2.495,0,14,86
2.5,0,14,86
2.505,0,14,86
2.51,0,14,86
2.515,0,14,86
2.52,0,14,86
2.525,0,14,86
2.53,0,14,86
2.535,0,14,86
2.54,0,14,86
2.545,0,14,86
2.55,0,14,86
2.555,0,13,87
2.56,0,13,87
2.565,0,13,87
2.57,0,13,87
2.575,0,13,87
2.58,0,13,87
2.585,0,13,87
2.59,0,13,87
2.595,0,13,87
2.6,0,13,87
2.605,0,13,87
2.61,0,13,87
2.615,0,13,87
2.62,0,13,87
2.625,0,12,88
2.63,0,12,88
2.635,0,12,88
2.64,0,12,88
2.645,0,12,88
2.65,0,12,88
2.655,0,12,88
2.66,0,12,88
2.665,0,12,88
2.67,0,12,88
2.675,0,12,88
2.68,0,12,88
2.685,0,12,88
2.69,0,12,88
2.695,0,12,88
2.7,0,12,88
2.705,0,12,88
2.71,0,12,88
2.715,0,12,88
2.72,0,12,88
2.725,0,12,88
2.73,0,12,88
2.735,0,12,88
2.74,0,12,88
2.745,0,12,88
2.75,0,12,88
2.755,0,12,88
2.76,0,12,88
2.765,0,12,88
2.77,0,12,88
2.775,0,12,88
2.78,0,12,88
2.785,0,12,88
2.79,0,12,88
2.795,0,12,88
2.8,0,12,88
2.805,0,12,88
2.81,0,12,88
2.815,0,12,88
2.82,0,12,88
2.825,0,12,88
2.83,0,12,88
2.835,0,12,88
2.84,0,12,88
2.845,0,12,88
2.85,0,12,88
2.855,0,12,88
2.86,0,12,88
2.865,0,12,88
2.87,0,12,88
2.875,0,12,88
2.88,0,12,88
2.885,0,12,88
2.89,0,11,89
2.895,0,10,90
2.9,0,10,90
2.905,0,10,90
2.91,0,10,90
2.915,0,10,90
2.92,0,10,90
2.925,0,10,90
2.93,0,10,90
2.935,0,10,90
2.94,0,10,90
2.945,0,10,90
2.95,0,10,90
2.955,0,10,90
2.96,0,10,90
2.965,0,10,90
2.97,0,9,91
2.975,0,9,91
2.98,0,9,91
2.985,0,9,91
2.99,0,9,91
2.995,0,9,91
3,0,9,91
3.005,0,9,91
3.01,0,9,91
3.015,0,9,91
3.02,0,9,91
3.025,0,9,91
3.03,0,9,91
3.035,0,9,91
3.04,0,8,92
3.045,0,7,93
3.05,0,7,93
3.055,0,7,93
3.06,0,7,93
3.065,0,7,93
3.07,0,7,93
3.075,0,7,93
3.08,0,7,93
3.085,0,7,93
3.09,0,6,94
3.095,0,6,94
3.1,0,6,94
3.105,0,6,94
3.11,0,6,94
3.115,0,6,94
3.12,0,6,94
3.125,0,6,94
3.13,0,6,94
3.135,0,6,94
3.14,0,6,94
3.145,0,6,94
3.15,0,6,94
3.155,0,6,94
3.16,0,6,94
3.165,0,6,94
3.17,0,6,94
3.175,0,6,94
3.18,0,6,94
3.185,0,6,94
3.19,0,6,94
3.195,0,6,94
3.2,0,6,94
3.205,0,6,94
3.21,0,6,94
3.215,0,6,94
3.22,0,6,94
3.225,0,6,94
3.23,0,6,94
3.235,0,6,94
3.24,0,6,94
3.245,0,6,94
3.25,0,6,94
3.255,0,6,94
3.26,0,6,94
3.265,0,6,94
3.27,0,5,95
3.275,0,5,95
3.28,0,5,95
3.285,0,5,95
3.29,0,5,95
3.295,0,5,95
3.3,0,5,95
3.305,0,5,95
3.31,0,4,96
3.315,0,4,96
3.32,0,4,96
3.325,0,4,96
3.33,0,4,96
3.335,0,4,96
3.34,0,4,96
3.345,0,4,96
3.35,0,4,96
3.355,0,4,96
3.36,0,4,96
3.365,0,4,96
3.37,0,4,96
3.375,0,4,96
3.38,0,4,96
3.385,0,4,96
3.39,0,4,96
3.395,0,4,96
3.4,0,4,96
3.405,0,4,96
3.41,0,4,96
3.415,0,4,96
3.42,0,4,96
3.425,0,4,96
3.43,0,4,96
3.435,0,4,96
3.44,0,4,96
3.445,0,4,96
3.45,0,4,96
3.455,0,4,96
3.46,0,4,96
3.465,0,4,96
3.47,0,4,96
3.475,0,4,96
3.48,0,4,96
3.485,0,4,96
3.49,0,4,96
3.495,0,4,96
3.5,0,4,96
3.505,0,4,96
3.51,0,4,96
3.515,0,4,96
3.52,0,4,96
3.525,0,4,96
3.53,0,4,96
3.535,0,4,96
3.54,0,4,96
3.545,0,4,96
3.55,0,4,96
3.555,0,4,96
3.56,0,4,96
3.565,0,4,96
3.57,0,4,96
3.575,0,4,96
3.58,0,4,96
3.585,0,4,96
3.59,0,4,96
3.595,0,4,96
3.6,0,4,96
3.605,0,4,96
3.61,0,4,96
3.615,0,4,96
3.62,0,4,96
3.625,0,4,96
3.63,0,4,96
3.635,0,4,96
3.64,0,4,96
3.645,0,4,96
3.65,0,4,96
3.655,0,4,96
3.66,0,4,96
3.665,0,4,96
3.67,0,4,96
3.675,0,4,96
3.68,0,4,96
3.685,0,4,96
3.69,0,4,96
3.695,0,4,96
3.7,0,4,96
3.705,0,4,96
3.71,0,4,96
3.715,0,4,96
3.72,0,4,96
3.725,0,4,96
3.73,0,4,96
3.735,0,4,96
3.74,0,4,96
3.745,0,4,96
3.75,0,4,96
3.755,0,4,96
3.76,0,4,96
3.765,0,4,96
3.77,0,4,96
3.775,0,4,96
3.78,0,4,96
3.785,0,4,96
3.79,0,4,96
3.795,0,4,96
3.8,0,4,96
3.805,0,4,96
3.81,0,4,96
3.815,0,4,96
3.82,0,4,96
3.825,0,4,96
3.83,0,4,96
3.835,0,4,96
3.84,0,4,96
3.845,0,4,96
3.85,0,4,96
3.855,0,4,96
3.86,0,4,96
3.865,0,4,96
3.87,0,4,96
3.875,0,4,96
3.88,0,4,96
3.885,0,4,96
3.89,0,4,96
3.895,0,4,96
3.9,0,4,96
3.905,0,4,96
3.91,0,4,96
3.915,0,4,96
3.92,0,4,96
3.925,0,4,96
3.93,0,4,96
3.935,0,4,96
3.94,0,4,96
3.945,0,4,96
3.95,0,4,96
3.955,0,4,96
3.96,0,4,96
3.965,0,4,96
3.97,0,4,96
3.975,0,4,96
3.98,0,4,96
3.985,0,4,96
3.99,0,4,96
3.995,0,4,96
4,0,4,96
4.005,0,4,96
4.01,0,4,96
4.015,0,4,96
4.02,0,4,96
4.025,0,4,96
4.03,0,4,96
4.035,0,4,96
4.04,0,4,96
4.045,0,4,96
4.05,0,3,97
4.055,0,3,97
4.06,0,3,97
4.065,0,3,97
4.07,0,3,97
4.075,0,3,97
4.08,0,3,97
4.085,0,3,97
4.09,0,3,97
4.095,0,3,97
4.1,0,3,97
4.105,0,3,97
4.11,0,3,97
4.115,0,3,97
4.12,0,3,97
4.125,0,3,97
4.13,0,3,97
4.135,0,3,97
4.14,0,3,97
4.145,0,3,97
4.15,0,3,97
4.155,0,3,97
4.16,0,3,97
4.165,0,3,97
4.17,0,3,97
4.175,0,3,97
4.18,0,3,97
4.185,0,3,97
4.19,0,2,98
4.195,0,2,98
4.2,0,2,98
4.205,0,2,98
4.21,0,2,98
4.215,0,2,98
4.22,0,2,98
4.225,0,2,98
4.23,0,2,98
4.235,0,2,98
4.24,0,2,98
4.245,0,2,98
4.25,0,2,98
4.255,0,2,98
4.26,0,2,98
4.265,0,2,98
4.27,0,2,98
4.275,0,2,98
4.28,0,2,98
4.285,0,2,98
4.29,0,2,98
4.295,0,2,98
4.3,0,2,98
4.305,0,2,98
4.31,0,2,98
4.315,0,2,98
4.32,0,2,98
4.325,0,2,98
4.33,0,2,98
4.335,0,2,98
4.34,0,2,98
4.345,0,2,98
4.35,0,2,98
4.355,0,2,98
4.36,0,2,98
4.365,0,2,98
4.37,0,2,98
4.375,0,2,98
4.38,0,2,98
4.385,0,2,98
4.39,0,2,98
4.395,0,2,98
4.4,0,2,98
4.405,0,2,98
4.41,0,2,98
4.415,0,2,98
4.42,0,2,98
4.425,0,2,98
4.43,0,2,98
4.435,0,2,98
4.44,0,2,98
4.445,0,2,98
4.45,0,2,98
4.455,0,2,98
4.46,0,2,98
4.465,0,2,98
4.47,0,2,98
4.475,0,2,98
4.48,0,2,98
4.485,0,2,98
4.49,0,2,98
4.495,0,2,98
4.5,0,2,98
4.505,0,2,98
4.51,0,2,98
4.515,0,2,98
4.52,0,2,98
4.525,0,2,98
4.53,0,2,98
4.535,0,1,99
4.54,0,1,99
4.545,0,1,99
4.55,0,1,99
4.555,0,1,99
4.56,0,1,99
4.565,0,1,99
4.57,0,1,99
4.575,0,1,99
4.58,0,1,99
4.585,0,1,99
4.59,0,1,99
4.595,0,1,99
4.6,0,1,99
4.605,0,1,99
4.61,0,1,99
4.615,0,1,99
4.62,0,1,99
4.625,0,1,99
4.63,0,1,99
4.635,0,1,99
4.64,0,1,99
4.645,0,1,99
4.65,0,1,99
4.655,0,1,99
4.66,0,1,99
4.665,0,1,99
4.67,0,1,99
4.675,0,1,99
4.68,0,1,99
4.685,0,1,99
4.69,0,1,99
4.695,0,1,99
4.7,0,1,99
4.705,0,1,99
4.71,0,1,99
4.715,0,1,99
4.72,0,1,99
4.725,0,1,99
4.73,0,1,99
4.735,0,1,99
4.74,0,1,99
4.745,0,1,99
4.75,0,1,99
4.755,0,1,99
4.76,0,1,99
4.765,0,1,99
4.77,0,1,99
4.775,0,1,99
4.78,0,1,99
4.785,0,1,99
4.79,0,1,99
4.795,0,1,99
4.8,0,1,99
4.805,0,1,99
4.81,0,1,99
4.815,0,1,99
4.82,0,1,99
4.825,0,1,99
4.83,0,1,99
4.835,0,1,99
4.84,0,1,99
4.845,0,1,99
4.85,0,1,99
4.855,0,1,99
4.86,0,1,99
4.865,0,1,99
4.87,0,1,99
4.875,0,1,99
4.88,0,1,99
4.885,0,1,99
4.89,0,1,99
4.895,0,1,99
4.9,0,1,99
4.905,0,1,99
4.91,0,1,99
4.915,0,1,99
4.92,0,1,99
4.925,0,1,99
4.93,0,1,99
4.935,0,1,99
4.94,0,1,99
4.945,0,1,99
4.95,0,1,99
4.955,0,1,99
4.96,0,1,99
4.965,0,1,99
4.97,0,1,99
4.975,0,1,99
4.98,0,1,99
4.985,0,1,99
4.99,0,1,99
4.995,0,1,99
5,0,1,99
5.005,0,1,99
