Time,Susceptible,Infected,Recovered
0,90,10,0
0.005,88,12,0
0.01,88,12,0
0.015,87,13,0
0.02,87,13,0
0.025,86,14,0
0.03,86,14,0
0.035,84,16,0
0.04,84,16,0
0.045,84,16,0
0.05,84,16,0
0.055,82,18,0
0.06,82,18,0
0.065,82,18,0
0.07,82,18,0
0.075,82,18,0
0.08,82,18,0
0.085,81,19,0
0.09,81,19,0
0.095,81,19,0
0.1,81,19,0
0.105,81,19,0
0.11,79,21,0
0.115,77,23,0
0.12,77,23,0
0.125,76,24,0
0.13,73,26,1
0.135,73,26,1
0.14,72,27,1
0.145,69,30,1
0.15,69,30,1
0.155,68,31,1
0.16,68,31,1
0.165,67,32,1
0.17,67,30,3
0.175,67,28,5
0.18,65,30,5
0.185,63,32,5
0.19,63,32,5
0.195,62,33,5
0.2,62,33,5
0.205,61,34,5
0.21,60,35,5
0.215,60,34,6
0.22,60,34,6
0.225,59,35,6
0.23,59,35,6
0.235,58,36,6
0.24,57,37,6
0.245,55,39,6
0.25,54,39,7
0.255,51,41,8
0.26,51,41,8
0.265,51,40,9
0.27,48,43,9
0.275,48,43,9
0.28,48,43,9
0.285,48,43,9
0.29,48,42,10
0.295,46,44,10
0.3,46,44,10
0.305,46,44,10
0.31,46,44,10
0.315,46,44,10
0.32,46,44,10
0.325,46,44,10
0.33,45,45,10
0.335,45,45,10
0.34,44,45,11
0.345,44,45,11
0.35,43,46,11
0.355,42,46,12
0.36,42,46,12
0.365,41,47,12
0.37,40,48,12
0.375,40,48,12
0.38,39,48,13
0.385,39,48,13
0.39,37,50,13
0.395,37,50,13
0.4,36,51,13
0.405,36,51,13
0.41,36,50,14
0.415,36,49,15
0.42,36,49,15
0.425,36,49,15
0.43,35,49,16
0.435,35,48,17
0.44,35,47,18
0.445,35,47,18
0.45,34,47,19
0.455,34,47,19
0.46,34,47,19
0.465,34,47,19
0.47,34,46,20
0.475,33,46,21
0.48,32,46,22
0.485,32,46,22
0.49,32,46,22
0.495,32,45,23
0.5,31,46,23
0.505,31,46,23
0.51,31,46,23
0.515,30,47,23
0.52,30,47,23
0.525,29,48,23
0.53,29,48,23
0.535,29,48,23
0.54,29,48,23
0.545,29,48,23
0.55,29,48,23
0.555,28,49,23
0.56,27,50,23
0.565,27,50,23
0.57,27,49,24
0.575,27,49,24
0.58,27,49,24
0.585,27,49,24
0.59,27,49,24
0.595,27,49,24
0.6,27,49,24
0.605,27,49,24
0.61,26,49,25
0.615,26,49,25
0.62,26,49,25
0.625,26,49,25
0.63,26,49,25
0.635,24,51,25
0.64,23,52,25
0.645,23,52,25
0.65,22,53,25
0.655,21,54,25
0.66,21,54,25
0.665,21,54,25
0.67,21,54,25
0.675,21,54,25
0.68,21,54,25
0.685,20,55,25
0.69,20,55,25
0.695,20,55,25
0.7,19,55,26
0.705,19,55,26
0.71,18,56,26
0.715,18,55,27
0.72,18,55,27
0.725,18,55,27
0.73,18,55,27
0.735,17,56,27
0.74,17,55,28
0.745,16,56,28
0.75,16,56,28
0.755,16,56,28
0.76,15,56,29
0.765,14,57,29
0.77,14,57,29
0.775,14,57,29
0.78,12,58,30
0.785,12,58,30
0.79,12,58,30
0.795,12,58,30
0.8,12,58,30
0.805,12,57,31
0.81,11,58,31
0.815,11,58,31
0.82,11,58,31
0.825,11,58,31
0.83,11,58,31
0.835,11,58,31
0.84,11,58,31
0.845,11,57,32
0.85,11,57,32
0.855,11,57,32
0.86,11,57,32
0.865,10,58,32
0.87,10,57,33
0.875,10,57,33
0.88,9,57,34
0.885,9,57,34
0.89,9,56,35
0.895,8,57,35
0.9,8,57,35
0.905,8,57,35
0.91,8,55,37
0.915,8,54,38
0.92,8,53,39
0.925,8,53,39
0.93,8,53,39
0.935,8,53,39
0.94,8,52,40
0.945,8,51,41
0.95,8,51,41
0.955,8,51,41
0.96,8,51,41
0.965,8,49,43
0.97,8,49,43
0.975,8,48,44
0.98,7,49,44
0.985,7,49,44
0.99,7,48,45
0.995,7,48,45
1,7,48,45
1.005,7,48,45
1.01,7,47,46
1.015,7,47,46
1.02,7,47,46
1.025,7,47,46
1.03,7,47,46
1.035,7,47,46
1.04,7,47,46
1.045,7,47,46
1.05,7,46,47
1.055,7,45,48
1.06,7,45,48
1.065,7,44,49
1.07,7,44,49
1.075,7,44,49
1.08,7,44,49
1.085,7,44,49
1.09,7,44,49
1.095,7,44,49
1.1,7,44,49
1.105,6,45,49
1.11,6,45,49
1.115,6,45,49
1.12,6,45,49
1.125,6,44,50
1.13,6,44,50
1.135,6,44,50
1.14,6,44,50
1.145,6,43,51
1.15,5,44,51
1.155,5,44,51
1.16,5,44,51
1.165,5,43,52
1.17,5,43,52
1.175,5,43,52
1.18,5,43,52
1.185,4,43,53
1.19,3,44,53
1.195,3,44,53
1.2,3,44,53
1.205,3,43,54
1.21,3,43,54
1.215,3,43,54
1.22,3,42,55
1.225,3,42,55
1.23,3,42,55
1.235,3,41,56
1.24,3,41,56
1.245,3,41,56
1.25,3,41,56
1.255,3,41,56
1.26,3,40,57
1.265,3,38,59
1.27,3,38,59
1.275,3,38,59
1.28,3,38,59
1.285,3,38,59
1.29,3,38,59
1.295,3,38,59
1.3,3,38,59
1.305,3,38,59
1.31,3,37,60
1.315,3,37,60
1.32,3,37,60
1.325,3,37,60
1.33,3,35,62
1.335,3,35,62
1.34,3,35,62
1.345,3,35,62
1.35,3,35,62
1.355,3,35,62
1.36,3,35,62
1.365,3,35,62
1.37,3,35,62
1.375,3,35,62
1.38,3,35,62
1.385,3,34,63
1.39,3,34,63
1.395,3,34,63
1.4,2,34,64
1.405,2,34,64
1.41,1,35,64
1.415,1,35,64
1.42,1,35,64
1.425,1,35,64
1.43,1,33,66
1.435,1,33,66
1.44,1,32,67
1.445,1,31,68
1.45,1,31,68
1.455,1,31,68
1.46,1,30,69
1.465,1,30,69
1.47,0,30,70
1.475,0,30,70
1.48,0,30,70
1.485,0,30,70
1.49,0,29,71
1.495,0,29,71
1.5,0,29,71
1.505,0,29,71
1.51,0,29,71
1.515,0,29,71
1.52,0,28,72
1.525,0,28,72
1.53,0,28,72
1.535,0,28,72
1.54,0,28,72
1.545,0,28,72
1.55,0,26,74
1.555,0,26,74
1.56,0,26,74
1.565,0,26,74
1.57,0,26,74
1.575,0,26,74
1.58,0,26,74
1.585,0,25,75
1.59,0,25,75
1.595,0,25,75
1.6,0,25,75
1.605,0,25,75
1.61,0,25,75
1.615,0,25,75
1.62,0,25,75
1.625,0,25,75
1.63,0,25,75
1.635,0,25,75
1.64,0,25,75
1.645,0,24,76
1.65,0,24,76
1.655,0,24,76
1.66,0,24,76
1.665,0,24,76
1.67,0,24,76
1.675,0,23,77
1.68,0,23,77
1.685,0,23,77
1.69,0,23,77
1.695,0,23,77
1.7,0,23,77
1.705,0,23,77
1.71,0,23,77
1.715,0,23,77
1.72,0,22,78
1.725,0,22,78
1.73,0,22,78
1.735,0,22,78
1.74,0,22,78
1.745,0,22,78
1.75,0,22,78
1.755,0,22,78
1.76,0,22,78
1.765,0,22,78
1.77,0,22,78
1.775,0,22,78
1.78,0,22,78
1.785,0,22,78
1.79,0,22,78
1.795,0,22,78
1.8,0,22,78
1.805,0,22,78
1.81,0,22,78
1.815,0,21,79
1.82,0,21,79
1.825,0,21,79
1.83,0,20,80
1.835,0,19,81
1.84,0,19,81
1.845,0,19,81
1.85,0,19,81
1.855,0,19,81
1.86,0,19,81
1.865,0,18,82
1.87,0,18,82
1.875,0,18,82
1.88,0,17,83
1.885,0,17,83
1.89,0,16,84
1.895,0,16,84
1.9,0,16,84
1.905,0,16,84
1.91,0,16,84
1.915,0,16,84
1.92,0,16,84
1.925,0,16,84
1.93,0,16,84
1.935,0,15,85
1.94,0,15,85
1.945,0,15,85
1.95,0,14,86
1.955,0,14,86
1.96,0,14,86
1.965,0,14,86
1.97,0,14,86
1.975,0,14,86
1.98,0,14,86
1.985,0,14,86
1.99,0,14,86
1.995,0,14,86
2,0,14,86
2.005,0,14,86
2.01,0,14,86
2.015,0,14,86
2.02,0,14,86
2.025,0,14,86
2.03,0,14,86
2.035,0,14,86
2.04,0,14,86
2.045,0,14,86
2.05,0,14,86
2.055,0,14,86
2.06,0,14,86
2.065,0,14,86
2.07,0,14,86
2.075,0,14,86
2.08,0,14,86
2.085,0,14,86
2.09,0,14,86
2.095,0,14,86
2.1,0,14,86
2.105,0,14,86
2.11,0,14,86
2.115,0,14,86
2.12,0,14,86
2.125,0,13,87
2.13,0,13,87
2.135,0,13,87
2.14,0,13,87
2.145,0,13,87
2.15,0,13,87
2.155,0,13,87
2.16,0,13,87
2.165,0,13,87
2.17,0,13,87
2.175,0,13,87
2.18,0,13,87
2.185,0,13,87
2.19,0,13,87
2.195,0,13,87
2.2,0,13,87
2.205,0,13,87
2.21,0,13,87
2.215,0,13,87
2.22,0,13,87
2.225,0,13,87
2.23,0,13,87
2.235,0,13,87
2.24,0,13,87
2.245,0,13,87
2.25,0,13,87
2.255,0,13,87
2.26,0,12,88
2.265,0,12,88
2.27,0,12,88
2.275,0,12,88
2.28,0,12,88
2.285,0,12,88
2.29,0,12,88
2.295,0,12,88
2.3,0,12,88
2.305,0,12,88
2.31,0,12,88
2.315,0,12,88
2.32,0,12,88
2.325,0,12,88
2.33,0,12,88
2.335,0,12,88
2.34,0,12,88
2.345,0,12,88
2.35,0,11,89
2.355,0,11,89
2.36,0,11,89
2.365,0,11,89
2.37,0,11,89
2.375,0,11,89
2.38,0,11,89
2.385,0,11,89
2.39,0,11,89
2.395,0,11,89
2.4,0,11,89
2.405,0,11,89
2.41,0,11,89
2.415,0,11,89
2.42,0,11,89
2.425,0,11,89
2.43,0,11,89
2.435,0,11,89
2.44,0,11,89
2.445,0,11,89
2.45,0,11,89
2.455,0,11,89
2.46,0,11,89
2.465,0,11,89
2.47,0,11,89
2.475,0,11,89
2.48,0,11,89
2.485,0,11,89
2.49,0,11,89
2.495,0,11,89
2.5,0,11,89
2.505,0,11,89
2.51,0,11,89
2.515,0,11,89
2.52,0,11,89
2.525,0,11,89
2.53,0,11,89
2.535,0,11,89
2.54,0,11,89
2.545,0,11,89
2.55,0,11,89
2.555,0,11,89
2.56,0,11,89
2.565,0,11,89
2.57,0,11,89
2.575,0,11,89
2.58,0,11,89
2.585,0,11,89
2.59,0,11,89
2.595,0,11,89
2.6,0,11,89
2.605,0,11,89
2.61,0,11,89
2.615,0,11,89
2.62,0,11,89
2.625,0,11,89
2.63,0,11,89
2.635,0,11,89
2.64,0,11,89
2.645,0,11,89
2.65,0,11,89
2.655,0,11,89
2.66,0,11,89
2.665,0,11,89
2.67,0,11,89
2.675,0,10,90
2.68,0,10,90
2.685,0,10,90
2.69,0,10,90
2.695,0,10,90
2.7,0,9,91
2.705,0,8,92
2.71,0,8,92
2.715,0,8,92
2.72,0,8,92
2.725,0,8,92
2.73,0,8,92
2.735,0,8,92
2.74,0,8,92
2.745,0,8,92
2.75,0,8,92
2.755,0,8,92
2.76,0,8,92
2.765,0,8,92
2.77,0,8,92
2.775,0,8,92
2.78,0,8,92
2.785,0,8,92
2.79,0,8,92
2.795,0,8,92
2.8,0,8,92
2.805,0,8,92
2.81,0,8,92
2.815,0,8,92
2.82,0,8,92
2.825,0,8,92
2.83,0,8,92
2.835,0,8,92
2.84,0,7,93
2.845,0,7,93
2.85,0,7,93
2.855,0,7,93
2.86,0,7,93
2.865,0,7,93
2.87,0,7,93
2.875,0,7,93
2.88,0,7,93
2.885,0,7,93
2.89,0,7,93
2.895,0,7,93
2.9,0,7,93
2.905,0,7,93
2.91,0,7,93
2.915,0,7,93
2.92,0,7,93
2.925,0,7,93
2.93,0,7,93
2.935,0,7,93
2.94,0,7,93
2.945,0,7,93
2.95,0,7,93
2.955,0,7,93
2.96,0,7,93
2.965,0,7,93
2.97,0,7,93
2.975,0,7,93
2.98,0,7,93
2.985,0,7,93
2.99,0,7,93
2.995,0,7,93
3,0,7,93
3.005,0,7,93
3.01,0,7,93
3.015,0,7,93
3.02,0,7,93
3.025,0,7,93
3.03,0,7,93
3.035,0,7,93
3.04,0,7,93
3.045,0,7,93
3.05,0,7,93
3.055,0,7,93
3.06,0,7,93
3.065,0,7,93
3.07,0,7,93
3.075,0,7,93
3.08,0,7,93
3.085,0,7,93
3.09,0,7,93
3.095,0,7,93
3.1,0,7,93
3.105,0,7,93
3.11,0,7,93
3.115,0,7,93
3.12,0,7,93
3.125,0,7,93
3.13,0,7,93
3.135,0,7,93
3.14,0,7,93
3.145,0,7,93
3.15,0,7,93
3.155,0,7,93
3.16,0,7,93
3.165,0,7,93
3.17,0,7,93
3.175,0,7,93
3.18,0,7,93
3.185,0,7,93
3.19,0,7,93
3.195,0,7,93
3.2,0,7,93
3.205,0,7,93
3.21,0,7,93
3.215,0,7,93
3.22,0,7,93
3.225,0,7,93
3.23,0,7,93
3.235,0,7,93
3.24,0,7,93
3.245,0,7,93
3.25,0,7,93
3.255,0,7,93
3.26,0,7,93
3.265,0,7,93
3.27,0,7,93
3.275,0,7,93
3.28,0,7,93
3.285,0,6,94
3.29,0,6,94
3.295,0,6,94
3.3,0,6,94
3.305,0,6,94
3.31,0,6,94
3.315,0,6,94
3.32,0,6,94
3.325,0,6,94
3.33,0,6,94
3.335,0,6,94
3.34,0,6,94
3.345,0,6,94
3.35,0,6,94
3.355,0,6,94
3.36,0,6,94
3.365,0,6,94
3.37,0,6,94
3.375,0,6,94
3.38,0,6,94
3.385,0,6,94
3.39,0,6,94
3.395,0,6,94
3.4,0,6,94
3.405,0,6,94
3.41,0,6,94
3.415,0,6,94
3.42,0,6,94
3.425,0,6,94
3.43,0,6,94
3.435,0,6,94
3.44,0,6,94
3.445,0,6,94
3.45,0,6,94
3.455,0,6,94
3.46,0,6,94
3.465,0,6,94
3.47,0,6,94
3.475,0,6,94
3.48,0,6,94
3.485,0,6,94
3.49,0,6,94
3.495,0,6,94
3.5,0,6,94
3.505,0,6,94
3.51,0,6,94
3.515,0,6,94
3.52,0,6,94
3.525,0,6,94
3.53,0,6,94
3.535,0,6,94
3.54,0,6,94
3.545,0,6,94
3.55,0,6,94
3.555,0,6,94
3.56,0,6,94
3.565,0,6,94
3.57,0,6,94
3.575,0,6,94
3.58,0,5,95
3.585,0,5,95
3.59,0,5,95
3.595,0,5,95
3.6,0,5,95
3.605,0,5,95
3.61,0,5,95
3.615,0,5,95
3.62,0,5,95
3.625,0,5,95
3.63,0,5,95
3.635,0,5,95
3.64,0,4,96
3.645,0,4,96
3.65,0,4,96
3.655,0,4,96
3.66,0,4,96
3.665,0,4,96
3.67,0,4,96
3.675,0,3,97
3.68,0,3,97
3.685,0,3,97
3.69,0,3,97
3.695,0,3,97
3.7,0,3,97
3.705,0,3,97
3.71,0,3,97
3.715,0,3,97
3.72,0,3,97
3.725,0,3,97
3.73,0,3,97
3.735,0,3,97
3.74,0,3,97
3.745,0,3,97
3.75,0,3,97
3.755,0,3,97
3.76,0,3,97
3.765,0,3,97
3.77,0,3,97
3.775,0,3,97
3.78,0,3,97
3.785,0,3,97
3.79,0,3,97
3.795,0,3,97
3.8,0,3,97
3.805,0,3,97
3.81,0,3,97
3.815,0,3,97
3.82,0,3,97
3.825,0,3,97
3.83,0,3,97
3.835,0,3,97
3.84,0,3,97
3.845,0,3,97
3.85,0,3,97
3.855,0,3,97
3.86,0,3,97
3.865,0,3,97
3.87,0,3,97
3.875,0,3,97
3.88,0,3,97
3.885,0,3,97
3.89,0,3,97
3.895,0,3,97
3.9,0,3,97
3.905,0,3,97
3.91,0,3,97
3.915,0,3,97
3.92,0,3,97
3.925,0,3,97
3.93,0,3,97
3.935,0,3,97
3.94,0,3,97
3.945,0,3,97
3.95,0,3,97
3.955,0,3,97
3.96,0,2,98
3.965,0,2,98
3.97,0,2,98
3.975,0,2,98
3.98,0,2,98
3.985,0,2,98
3.99,0,2,98
3.995,0,2,98
4,0,2,98
4.005,0,2,98
4.01,0,2,98
4.015,0,2,98
4.02,0,2,98
4.025,0,2,98
4.03,0,2,98
4.035,0,2,98
4.04,0,2,98
4.045,0,2,98
4.05,0,2,98
4.055,0,2,98
4.06,0,2,98
4.065,0,2,98
4.07,0,2,98
4.075,0,2,98
4.08,0,2,98
4.085,0,2,98
4.09,0,2,98
4.095,0,2,98
4.1,0,2,98
4.105,0,2,98
4.11,0,2,98
4.115,0,2,98
4.12,0,2,98
4.125,0,2,98
4.13,0,2,98
4.135,0,2,98
4.14,0,2,98
4.145,0,2,98
4.15,0,2,98
4.155,0,2,98
4.16,0,2,98
4.165,0,2,98
4.17,0,2,98
4.175,0,2,98
4.18,0,2,98
4.185,0,2,98
4.19,0,2,98
4.195,0,2,98
4.2,0,2,98
4.205,0,2,98
4.21,0,2,98
4.215,0,2,98
4.22,0,2,98
4.225,0,2,98
4.23,0,2,98
4.235,0,2,98
4.24,0,2,98
4.245,0,2,98
4.25,0,2,98
4.255,0,2,98
4.26,0,2,98
4.265,0,2,98
4.27,0,2,98
4.275,0,2,98
4.28,0,2,98
4.285,0,2,98
4.29,0,2,98
4.295,0,2,98
4.3,0,2,98
4.305,0,2,98
4.31,0,2,98
4.315,0,2,98
4.32,0,2,98
4.325,0,2,98
4.33,0,2,98
4.335,0,2,98
4.34,0,2,98
4.345,0,2,98
4.35,0,2,98
4.355,0,2,98
4.36,0,2,98
4.365,0,2,98
4.37,0,2,98
4.375,0,2,98
4.38,0,2,98
4.385,0,2,98
4.39,0,2,98
4.395,0,2,98
4.4,0,2,98
4.405,0,2,98
4.41,0,2,98
4.415,0,2,98
4.42,0,2,98
4.425,0,2,98
4.43,0,2,98
4.435,0,2,98
4.44,0,2,98
4.445,0,2,98
4.45,0,2,98
4.455,0,2,98
4.46,0,2,98
4.465,0,2,98
4.47,0,2,98
4.475,0,2,98
4.48,0,2,98
4.485,0,2,98
4.49,0,2,98
4.495,0,2,98
4.5,0,2,98
4.505,0,2,98
4.51,0,2,98
4.515,0,2,98
4.52,0,2,98
4.525,0,2,98
4.53,0,2,98
4.535,0,2,98
4.54,0,2,98
4.545,0,2,98
4.55,0,2,98
4.555,0,2,98
4.56,0,2,98
4.565,0,2,98
4.57,0,2,98
4.575,0,2,98
4.58,0,2,98
4.585,0,2,98
4.59,0,2,98
4.595,0,2,98
4.6,0,2,98
4.605,0,2,98
4.61,0,2,98
4.615,0,2,98
4.62,0,2,98
4.625,0,2,98
4.63,0,2,98
4.635,0,2,98
4.64,0,2,98
4.645,0,2,98
4.65,0,2,98
4.655,0,2,98
4.66,0,2,98
4.665,0,2,98
4.67,0,2,98
4.675,0,2,98
4.68,0,2,98
4.685,0,2,98
4.69,0,2,98
4.695,0,2,98
4.7,0,2,98
4.705,0,2,98
4.71,0,2,98
4.715,0,2,98
4.72,0,2,98
4.725,0,2,98
4.73,0,2,98
4.735,0,2,98
4.74,0,2,98
4.745,0,2,98
4.75,0,2,98
4.755,0,2,98
4.76,0,2,98
4.765,0,2,98
4.77,0,2,98
4.775,0,2,98
4.78,0,2,98
4.785,0,2,98
4.79,0,2,98
4.795,0,2,98
4.8,0,2,98
4.805,0,2,98
4.81,0,2,98
4.815,0,2,98
4.82,0,2,98
4.825,0,2,98
4.83,0,2,98
4.835,0,2,98
4.84,0,2,98
4.845,0,2,98
4.85,0,2,98
4.855,0,2,98
4.86,0,2,98
4.865,0,2,98
4.87,0,2,98
4.875,0,2,98
4.88,0,2,98
4.885,0,2,98
4.89,0,2,98
4.895,0,2,98
4.9,0,2,98
4.905,0,2,98
4.91,0,2,98
4.915,0,2,98
4.92,0,2,98
4.925,0,2,98
4.93,0,2,98
4.935,0,2,98
4.94,0,2,98
4.945,0,2,98
4.95,0,2,98
4.955,0,2,98
4.96,0,2,98
4.965,0,2,98
4.97,0,2,98
4.975,0,2,98
4.98,0,2,98
4.985,0,2,98
4.99,0,2,98
4.995,0,2,98
5,0,2,98
5.005,0,2,98
