Time,Susceptible,Infected,Recovered
0,90,10,0
0.005,90,10,0
0.01,90,10,0
0.015,90,10,0
0.02,90,10,0
0.025,90,10,0
0.03,90,10,0
0.035,89,11,0
0.04,88,12,0
0.045,87,13,0
0.05,87,13,0
0.055,87,13,0
0.06,86,14,0
0.065,86,14,0
0.07,86,14,0
0.075,86,12,2
0.08,86,12,2
0.085,85,13,2
0.09,85,13,2
0.095,85,13,2
0.1,84,14,2
0.105,82,16,2
0.11,82,16,2
0.115,82,16,2
0.12,82,16,2
0.125,82,15,3
0.13,82,15,3
0.135,81,16,3
0.14,81,16,3
0.145,81,16,3
0.15,81,16,3
0.155,81,16,3
0.16,79,18,3
0.165,79,18,3
0.17,79,18,3
0.175,79,18,3
0.18,77,20,3
0.185,76,21,3
0.19,76,21,3
0.195,74,23,3
0.2,73,24,3
0.205,71,26,3
0.21,71,26,3
0.215,71,26,3
0.22,70,27,3
0.225,70,26,4
0.23,69,26,5
0.235,69,26,5
0.24,69,26,5
0.245,69,26,5
0.25,68,26,6
0.255,68,26,6
0.26,67,26,7
0.265,67,26,7
0.27,65,28,7
0.275,65,27,8
0.28,65,27,8
0.285,63,29,8
0.29,61,31,8
0.295,61,30,9
0.3,60,31,9
0.305,60,31,9
0.31,59,31,10
0.315,58,32,10
0.32,57,32,11
0.325,57,32,11
0.33,56,33,11
0.335,55,34,11
0.34,55,34,11
0.345,55,34,11
0.35,54,35,11
0.355,54,35,11
0.36,53,36,11
0.365,51,37,12
0.37,51,37,12
0.375,50,38,12
0.38,50,38,12
0.385,48,40,12
0.39,48,39,13
0.395,47,40,13
0.4,47,40,13
0.405,47,39,14
0.41,46,40,14
0.415,46,40,14
0.42,46,40,14
0.425,46,40,14
0.43,46,40,14
0.435,44,42,14
0.44,43,43,14
0.445,42,44,14
0.45,41,45,14
0.455,40,46,14
0.46,40,46,14
0.465,39,47,14
0.47,38,47,15
0.475,36,49,15
0.48,35,50,15
0.485,35,50,15
0.49,34,51,15
0.495,33,52,15
0.5,32,53,15
0.505,30,55,15
0.51,29,56,15
0.515,29,56,15
0.52,29,56,15
0.525,28,56,16
0.53,28,56,16
0.535,27,57,16
0.54,26,58,16
0.545,26,58,16
0.55,26,58,16
0.555,26,58,16
0.56,25,58,17
0.565,24,59,17
0.57,24,59,17
0.575,24,59,17
0.58,24,59,17
0.585,23,60,17
0.59,23,59,18
0.595,23,59,18
0.6,22,60,18
0.605,22,60,18
0.61,21,61,18
0.615,21,61,18
0.62,21,60,19
0.625,21,58,21
0.63,20,56,24
0.635,18,58,24
0.64,18,58,24
0.645,18,56,26
0.65,18,54,28
0.655,18,54,28
0.66,18,54,28
0.665,16,56,28
0.67,15,56,29
0.675,14,57,29
0.68,14,57,29
0.685,13,58,29
0.69,13,57,30
0.695,13,56,31
0.7,13,56,31
0.705,13,55,32
0.71,13,55,32
0.715,12,56,32
0.72,12,55,33
0.725,12,55,33
0.73,12,55,33
0.735,12,55,33
0.74,11,56,33
0.745,11,55,34
0.75,11,55,34
0.755,11,54,35
0.76,11,54,35
0.765,10,55,35
0.77,10,54,36
0.775,10,54,36
0.78,10,54,36
0.785,10,54,36
0.79,10,54,36
0.795,10,54,36
0.8,9,54,37
0.805,9,53,38
0.81,9,52,39
0.815,9,52,39
0.82,9,52,39
0.825,9,52,39
0.83,9,52,39
0.835,9,51,40
0.84,9,51,40
0.845,9,50,41
0.85,9,50,41
0.855,8,50,42
0.86,8,50,42
0.865,8,50,42
0.87,8,50,42
0.875,8,50,42
0.88,8,50,42
0.885,8,50,42
0.89,8,50,42
0.895,8,50,42
0.9,8,50,42
0.905,8,50,42
0.91,8,49,43
0.915,8,48,44
0.92,8,48,44
0.925,8,48,44
0.93,8,48,44
0.935,8,48,44
0.94,8,48,44
0.945,8,48,44
0.95,8,48,44
0.955,7,49,44
0.96,7,48,45
0.965,7,48,45
0.97,7,48,45
0.975,7,46,47
0.98,7,46,47
0.985,7,46,47
0.99,7,46,47
0.995,7,46,47
1,7,46,47
1.005,7,46,47
1.01,7,45,48
1.015,7,45,48
1.02,7,45,48
1.025,7,45,48
1.03,7,45,48
1.035,7,45,48
1.04,7,44,49
1.045,7,43,50
1.05,7,43,50
1.055,7,43,50
1.06,7,42,51
1.065,7,42,51
1.07,7,42,51
1.075,7,42,51
1.08,7,41,52
1.085,7,41,52
1.09,7,41,52
1.095,7,41,52
1.1,7,41,52
1.105,7,41,52
1.11,7,41,52
1.115,7,41,52
1.12,7,41,52
1.125,7,41,52
1.13,6,42,52
1.135,6,42,52
1.14,6,42,52
1.145,5,43,52
1.15,5,43,52
1.155,5,43,52
1.16,5,43,52
1.165,5,43,52
1.17,5,43,52
1.175,4,43,53
1.18,4,43,53
1.185,4,43,53
1.19,4,43,53
1.195,4,41,55
1.2,4,40,56
1.205,4,40,56
1.21,4,40,56
1.215,4,40,56
1.22,4,39,57
1.225,4,39,57
1.23,4,39,57
1.235,4,39,57
1.24,4,39,57
1.245,4,39,57
1.25,4,39,57
1.255,4,38,58
1.26,4,38,58
1.265,4,37,59
1.27,4,36,60
1.275,4,36,60
1.28,4,36,60
1.285,4,36,60
1.29,4,35,61
1.295,4,35,61
1.3,4,35,61
1.305,4,35,61
1.31,4,35,61
1.315,4,35,61
1.32,4,35,61
1.325,4,35,61
1.33,4,35,61
1.335,4,35,61
1.34,4,35,61
1.345,4,35,61
1.35,4,35,61
1.355,4,35,61
1.36,4,35,61
1.365,4,35,61
1.37,4,35,61
1.375,4,35,61
1.38,4,35,61
1.385,4,35,61
1.39,4,35,61
1.395,4,35,61
1.4,4,35,61
1.405,4,34,62
1.41,4,34,62
1.415,4,34,62
1.42,3,33,64
1.425,3,33,64
1.43,3,33,64
1.435,3,33,64
1.44,3,33,64
1.445,3,33,64
1.45,3,32,65
1.455,3,31,66
1.46,3,31,66
1.465,3,31,66
1.47,3,31,66
1.475,3,30,67
1.48,3,30,67
1.485,3,30,67
1.49,3,30,67
1.495,3,30,67
1.5,3,30,67
1.505,3,30,67
1.51,2,31,67
1.515,2,31,67
1.52,2,31,67
1.525,2,31,67
1.53,2,28,70
1.535,2,27,71
1.54,2,27,71
1.545,2,25,73
1.55,2,25,73
1.555,2,24,74
1.56,2,24,74
1.565,2,24,74
1.57,2,24,74
1.575,2,24,74
1.58,2,23,75
1.585,2,23,75
1.59,2,23,75
1.595,2,23,75
1.6,2,23,75
1.605,2,23,75
1.61,2,23,75
1.615,2,23,75
1.62,2,23,75
1.625,2,23,75
1.63,2,23,75
1.635,2,23,75
1.64,2,23,75
1.645,2,23,75
1.65,2,23,75
1.655,2,23,75
1.66,2,23,75
1.665,2,23,75
1.67,2,23,75
1.675,2,23,75
1.68,2,23,75
1.685,2,22,76
1.69,2,22,76
1.695,2,22,76
1.7,2,22,76
1.705,2,22,76
1.71,2,22,76
1.715,2,22,76
1.72,2,22,76
1.725,2,22,76
1.73,2,22,76
1.735,2,22,76
1.74,2,22,76
1.745,2,22,76
1.75,2,22,76
1.755,2,22,76
1.76,2,22,76
1.765,2,22,76
1.77,2,22,76
1.775,2,22,76
1.78,2,22,76
1.785,2,22,76
1.79,2,22,76
1.795,2,22,76
1.8,2,22,76
1.805,2,22,76
1.81,2,22,76
1.815,1,23,76
1.82,1,23,76
1.825,1,23,76
1.83,1,23,76
1.835,1,23,76
1.84,1,23,76
1.845,1,23,76
1.85,1,23,76
1.855,1,23,76
1.86,1,23,76
1.865,1,23,76
1.87,1,23,76
1.875,1,23,76
1.88,1,22,77
1.885,1,22,77
1.89,1,22,77
1.895,1,22,77
1.9,1,22,77
1.905,1,22,77
1.91,1,21,78
1.915,1,21,78
1.92,1,21,78
1.925,1,21,78
1.93,1,21,78
1.935,1,21,78
1.94,1,21,78
1.945,1,21,78
1.95,1,21,78
1.955,1,21,78
1.96,1,21,78
1.965,1,21,78
1.97,1,21,78
1.975,1,21,78
1.98,1,21,78
1.985,1,20,79
1.99,1,20,79
1.995,1,20,79
2,1,20,79
2.005,1,19,80
2.01,1,19,80
2.015,1,19,80
2.02,1,19,80
2.025,1,19,80
2.03,1,19,80
2.035,1,18,81
2.04,1,17,82
2.045,1,17,82
2.05,1,17,82
2.055,1,17,82
2.06,1,17,82
2.065,1,16,83
2.07,1,16,83
2.075,1,16,83
2.08,1,16,83
2.085,1,15,84
2.09,1,15,84
2.095,1,15,84
2.1,1,15,84
2.105,1,14,85
2.11,1,14,85
2.115,1,14,85
2.12,1,14,85
2.125,1,14,85
2.13,1,14,85
2.135,1,14,85
2.14,1,14,85
2.145,1,14,85
2.15,1,14,85
2.155,1,14,85
2.16,1,14,85
2.165,1,13,86
2.17,1,12,87
2.175,1,12,87
2.18,1,12,87
2.185,1,12,87
2.19,1,12,87
2.195,1,12,87
2.2,1,12,87
2.205,1,12,87
2.21,1,12,87
2.215,1,12,87
2.22,1,12,87
2.225,1,12,87
2.23,1,12,87
2.235,1,12,87
2.24,1,12,87
2.245,1,12,87
2.25,1,12,87
2.255,1,12,87
2.26,1,12,87
2.265,1,12,87
2.27,1,12,87
2.275,1,12,87
2.28,1,12,87
2.285,1,12,87
2.29,1,12,87
2.295,1,12,87
2.3,1,12,87
2.305,1,12,87
2.31,1,12,87
2.315,1,12,87
2.32,1,12,87
2.325,1,12,87
2.33,1,12,87
2.335,1,12,87
2.34,1,12,87
2.345,1,12,87
2.35,1,12,87
2.355,1,12,87
2.36,1,12,87
2.365,1,12,87
2.37,1,12,87
2.375,1,12,87
2.38,1,12,87
2.385,1,12,87
2.39,1,12,87
2.395,1,12,87
2.4,1,11,88
2.405,1,11,88
2.41,1,11,88
2.415,1,11,88
2.42,1,11,88
2.425,1,11,88
2.43,1,11,88
2.435,1,11,88
2.44,1,11,88
2.445,1,11,88
2.45,1,11,88
2.455,1,11,88
2.46,1,10,89
2.465,1,9,90
2.47,1,9,90
2.475,1,8,91
2.48,1,8,91
2.485,1,8,91
2.49,1,8,91
2.495,1,8,91
2.5,1,8,91
2.505,1,8,91
2.51,1,8,91
2.515,1,8,91
2.52,1,8,91
2.525,1,8,91
2.53,1,8,91
2.535,1,8,91
2.54,1,8,91
2.545,1,8,91
2.55,1,7,92
2.555,1,7,92
2.56,1,7,92
2.565,1,7,92
2.57,1,7,92
2.575,1,7,92
2.58,1,7,92
2.585,1,7,92
2.59,1,7,92
2.595,1,7,92
2.6,1,7,92
2.605,1,7,92
2.61,1,7,92
2.615,1,7,92
2.62,1,7,92
2.625,1,7,92
2.63,1,7,92
2.635,1,7,92
2.64,1,7,92
2.645,1,7,92
2.65,1,7,92
2.655,1,7,92
2.66,1,7,92
2.665,1,7,92
2.67,1,7,92
2.675,1,7,92
2.68,1,7,92
2.685,1,7,92
2.69,1,7,92
2.695,1,7,92
2.7,1,7,92
2.705,1,7,92
2.71,1,7,92
2.715,1,7,92
2.72,1,6,93
2.725,1,6,93
2.73,1,6,93
2.735,1,6,93
2.74,1,6,93
2.745,1,6,93
2.75,1,6,93
2.755,1,6,93
2.76,1,6,93
2.765,1,6,93
2.77,1,6,93
2.775,1,6,93
2.78,1,6,93
2.785,1,6,93
2.79,1,6,93
2.795,1,6,93
2.8,1,6,93
2.805,1,6,93
2.81,1,6,93
2.815,1,6,93
2.82,1,6,93
2.825,1,6,93
2.83,1,6,93
2.835,1,5,94
2.84,1,5,94
2.845,1,5,94
2.85,1,5,94
2.855,1,5,94
2.86,1,5,94
2.865,1,5,94
2.87,1,5,94
2.875,1,5,94
2.88,1,5,94
2.885,1,5,94
2.89,1,5,94
2.895,1,5,94
2.9,1,5,94
2.905,1,5,94
2.91,1,5,94
2.915,1,5,94
2.92,1,5,94
2.925,1,5,94
2.93,1,5,94
2.935,1,5,94
2.94,1,4,95
2.945,1,4,95
2.95,1,4,95
2.955,1,4,95
2.96,1,4,95
2.965,1,3,96
2.97,1,2,97
2.975,1,2,97
2.98,1,2,97
2.985,1,2,97
2.99,1,2,97
2.995,1,2,97
3,1,2,97
3.005,1,2,97
3.01,1,2,97
3.015,1,2,97
3.02,1,2,97
3.025,1,2,97
3.03,1,2,97
3.035,1,2,97
3.04,1,2,97
3.045,1,2,97
3.05,1,2,97
3.055,1,2,97
3.06,1,2,97
3.065,1,2,97
3.07,1,2,97
3.075,1,2,97
3.08,1,2,97
3.085,1,2,97
3.09,1,2,97
3.095,1,2,97
3.1,1,2,97
3.105,1,2,97
3.11,1,2,97
3.115,1,2,97
3.12,1,2,97
3.125,1,2,97
3.13,1,2,97
3.135,1,2,97
3.14,1,2,97
3.145,1,2,97
3.15,1,2,97
3.155,1,2,97
3.16,1,2,97
3.165,1,2,97
3.17,1,2,97
3.175,1,2,97
3.18,1,2,97
3.185,1,2,97
3.19,1,2,97
3.195,1,2,97
3.2,1,2,97
3.205,1,2,97
3.21,1,2,97
3.215,1,2,97
3.22,1,2,97
3.225,1,2,97
3.23,1,2,97
3.235,1,2,97
3.24,1,2,97
3.245,1,2,97
3.25,1,2,97
3.255,1,2,97
3.26,1,2,97
3.265,1,2,97
3.27,1,2,97
3.275,1,2,97
3.28,1,2,97
3.285,1,2,97
3.29,1,2,97
3.295,1,2,97
3.3,1,2,97
3.305,1,2,97
3.31,1,2,97
3.315,1,2,97
3.32,1,2,97
3.325,1,2,97
3.33,1,2,97
3.335,1,2,97
3.34,1,2,97
3.345,1,2,97
3.35,1,2,97
3.355,1,2,97
3.36,1,2,97
3.365,1,2,97
3.37,1,2,97
3.375,1,2,97
3.38,1,2,97
3.385,1,2,97
3.39,1,2,97
3.395,1,2,97
3.4,1,2,97
3.405,1,2,97
3.41,1,2,97
3.415,1,2,97
3.42,1,2,97
3.425,1,2,97
3.43,1,2,97
3.435,1,2,97
3.44,1,2,97
3.445,1,2,97
3.45,1,2,97
3.455,1,2,97
3.46,1,2,97
3.465,1,2,97
3.47,1,2,97
3.475,1,2,97
3.48,1,2,97
3.485,1,2,97
3.49,1,2,97
3.495,1,2,97
3.5,1,2,97
3.505,1,2,97
3.51,1,1,98
3.515,1,1,98
3.52,1,1,98
3.525,1,1,98
3.53,1,1,98
3.535,1,1,98
3.54,1,1,98
3.545,1,1,98
3.55,1,1,98
3.555,1,1,98
3.56,1,1,98
3.565,1,1,98
3.57,1,0,99
3.575,1,0,99
3.58,1,0,99
3.585,1,0,99
3.59,1,0,99
3.595,1,0,99
3.6,1,0,99
3.605,1,0,99
3.61,1,0,99
3.615,1,0,99
3.62,1,0,99
3.625,1,0,99
3.63,1,0,99
3.635,1,0,99
3.64,1,0,99
3.645,1,0,99
3.65,1,0,99
3.655,1,0,99
3.66,1,0,99
3.665,1,0,99
3.67,1,0,99
3.675,1,0,99
3.68,1,0,99
3.685,1,0,99
3.69,1,0,99
3.695,1,0,99
3.7,1,0,99
3.705,1,0,99
3.71,1,0,99
3.715,1,0,99
3.72,1,0,99
3.725,1,0,99
3.73,1,0,99
3.735,1,0,99
3.74,1,0,99
3.745,1,0,99
3.75,1,0,99
3.755,1,0,99
3.76,1,0,99
3.765,1,0,99
3.77,1,0,99
3.775,1,0,99
3.78,1,0,99
3.785,1,0,99
3.79,1,0,99
3.795,1,0,99
3.8,1,0,99
3.805,1,0,99
3.81,1,0,99
3.815,1,0,99
3.82,1,0,99
3.825,1,0,99
3.83,1,0,99
3.835,1,0,99
3.84,1,0,99
3.845,1,0,99
3.85,1,0,99
3.855,1,0,99
3.86,1,0,99
3.865,1,0,99
3.87,1,0,99
3.875,1,0,99
3.88,1,0,99
3.885,1,0,99
3.89,1,0,99
3.895,1,0,99
3.9,1,0,99
3.905,1,0,99
3.91,1,0,99
3.915,1,0,99
3.92,1,0,99
3.925,1,0,99
3.93,1,0,99
3.935,1,0,99
3.94,1,0,99
3.945,1,0,99
3.95,1,0,99
3.955,1,0,99
3.96,1,0,99
3.965,1,0,99
3.97,1,0,99
3.975,1,0,99
3.98,1,0,99
3.985,1,0,99
3.99,1,0,99
3.995,1,0,99
4,1,0,99
4.005,1,0,99
4.01,1,0,99
4.015,1,0,99
4.02,1,0,99
4.025,1,0,99
4.03,1,0,99
4.035,1,0,99
4.04,1,0,99
4.045,1,0,99
4.05,1,0,99
4.055,1,0,99
4.06,1,0,99
4.065,1,0,99
4.07,1,0,99
4.075,1,0,99
4.08,1,0,99
4.085,1,0,99
4.09,1,0,99
4.095,1,0,99
4.1,1,0,99
4.105,1,0,99
4.11,1,0,99
4.115,1,0,99
4.12,1,0,99
4.125,1,0,99
4.13,1,0,99
4.135,1,0,99
4.14,1,0,99
4.145,1,0,99
4.15,1,0,99
4.155,1,0,99
4.16,1,0,99
4.165,1,0,99
4.17,1,0,99
4.175,1,0,99
4.18,1,0,99
4.185,1,0,99
4.19,1,0,99
4.195,1,0,99
4.2,1,0,99
4.205,1,0,99
4.21,1,0,99
4.215,1,0,99
4.22,1,0,99
4.225,1,0,99
4.23,1,0,99
4.235,1,0,99
4.24,1,0,99
4.245,1,0,99
4.25,1,0,99
4.255,1,0,99
4.26,1,0,99
4.265,1,0,99
4.27,1,0,99
4.275,1,0,99
4.28,1,0,99
4.285,1,0,99
4.29,1,0,99
4.295,1,0,99
4.3,1,0,99
4.305,1,0,99
4.31,1,0,99
4.315,1,0,99
4.32,1,0,99
4.325,1,0,99
4.33,1,0,99
4.335,1,0,99
4.34,1,0,99
4.345,1,0,99
4.35,1,0,99
4.355,1,0,99
4.36,1,0,99
4.365,1,0,99
4.37,1,0,99
4.375,1,0,99
4.38,1,0,99
4.385,1,0,99
4.39,1,0,99
4.395,1,0,99
4.4,1,0,99
4.405,1,0,99
4.41,1,0,99
4.415,1,0,99
4.42,1,0,99
4.425,1,0,99
4.43,1,0,99
4.435,1,0,99
4.44,1,0,99
4.445,1,0,99
4.45,1,0,99
4.455,1,0,99
4.46,1,0,99
4.465,1,0,99
4.47,1,0,99
4.475,1,0,99
4.48,1,0,99
4.485,1,0,99
4.49,1,0,99
4.495,1,0,99
4.5,1,0,99
4.505,1,0,99
4.51,1,0,99
4.515,1,0,99
4.52,1,0,99
4.525,1,0,99
4.53,1,0,99
4.535,1,0,99
4.54,1,0,99
4.545,1,0,99
4.55,1,0,99
4.555,1,0,99
4.56,1,0,99
4.565,1,0,99
4.57,1,0,99
4.575,1,0,99
4.58,1,0,99
4.585,1,0,99
4.59,1,0,99
4.595,1,0,99
4.6,1,0,99
4.605,1,0,99
4.61,1,0,99
4.615,1,0,99
4.62,1,0,99
4.625,1,0,99
4.63,1,0,99
4.635,1,0,99
4.64,1,0,99
4.645,1,0,99
4.65,1,0,99
4.655,1,0,99
4.66,1,0,99
4.665,1,0,99
4.67,1,0,99
4.675,1,0,99
4.68,1,0,99
4.685,1,0,99
4.69,1,0,99
4.695,1,0,99
4.7,1,0,99
4.705,1,0,99
4.71,1,0,99
4.715,1,0,99
4.72,1,0,99
4.725,1,0,99
4.73,1,0,99
4.735,1,0,99
4.74,1,0,99
4.745,1,0,99
4.75,1,0,99
4.755,1,0,99
4.76,1,0,99
4.765,1,0,99
4.77,1,0,99
4.775,1,0,99
4.78,1,0,99
4.785,1,0,99
4.79,1,0,99
4.795,1,0,99
4.8,1,0,99
4.805,1,0,99
4.81,1,0,99
4.815,1,0,99
4.82,1,0,99
4.825,1,0,99
4.83,1,0,99
4.835,1,0,99
4.84,1,0,99
4.845,1,0,99
4.85,1,0,99
4.855,1,0,99
4.86,1,0,99
4.865,1,0,99
4.87,1,0,99
4.875,1,0,99
4.88,1,0,99
4.885,1,0,99
4.89,1,0,99
4.895,1,0,99
4.9,1,0,99
4.905,1,0,99
4.91,1,0,99
4.915,1,0,99
4.92,1,0,99
4.925,1,0,99
4.93,1,0,99
4.935,1,0,99
4.94,1,0,99
4.945,1,0,99
4.95,1,0,99
4.955,1,0,99
4.96,1,0,99
4.965,1,0,99
4.97,1,0,99
4.975,1,0,99
4.98,1,0,99
4.985,1,0,99
4.99,1,0,99
4.995,1,0,99
5,1,0,99
5.005,1,0,99
