Time,Susceptible,Infected,Recovered
0,90,10,0
0.005,90,10,0
0.01,89,11,0
0.015,89,11,0
0.02,89,11,0
0.025,89,11,0
0.03,89,11,0
0.035,89,11,0
0.04,89,11,0
0.045,89,11,0
0.05,89,11,0
0.055,89,11,0
0.06,88,12,0
0.065,88,12,0
0.07,87,13,0
0.075,86,14,0
0.08,85,15,0
0.085,85,15,0
0.09,85,15,0
0.095,85,15,0
0.1,84,16,0
0.105,84,16,0
0.11,84,16,0
0.115,83,17,0
0.12,81,19,0
0.125,81,19,0
0.13,79,21,0
0.135,78,22,0
0.14,78,22,0
0.145,77,23,0
0.15,77,23,0
0.155,76,24,0
0.16,76,24,0
0.165,76,24,0
0.17,76,24,0
0.175,75,25,0
0.18,75,25,0
0.185,75,25,0
0.19,73,26,1
0.195,72,27,1
0.2,71,28,1
0.205,70,29,1
0.21,70,29,1
0.215,70,29,1
0.22,69,30,1
0.225,69,30,1
0.23,69,30,1
0.235,69,30,1
0.24,66,33,1
0.245,66,33,1
0.25,65,34,1
0.255,64,35,1
0.26,64,35,1
0.265,63,34,3
0.27,63,34,3
0.275,62,35,3
0.28,61,35,4
0.285,61,34,5
0.29,60,35,5
0.295,60,35,5
0.3,58,37,5
0.305,56,39,5
0.31,55,39,6
0.315,55,39,6
0.32,52,41,7
0.325,51,41,8
0.33,48,44,8
0.335,47,44,9
0.34,47,44,9
0.345,45,46,9
0.35,45,46,9
0.355,42,49,9
0.36,42,49,9
0.365,42,49,9
0.37,42,49,9
0.375,40,51,9
0.38,38,53,9
0.385,38,53,9
0.39,38,53,9
0.395,38,53,9
0.4,38,53,9
0.405,34,57,9
0.41,34,57,9
0.415,33,58,9
0.42,30,61,9
0.425,29,62,9
0.43,27,64,9
0.435,27,64,9
0.44,27,64,9
0.445,26,65,9
0.45,26,65,9
0.455,26,65,9
0.46,26,65,9
0.465,25,66,9
0.47,22,68,10
0.475,21,69,10
0.48,21,69,10
0.485,21,69,10
0.49,20,69,11
0.495,20,69,11
0.5,19,69,12
0.505,19,67,14
0.51,19,67,14
0.515,19,67,14
0.52,19,67,14
0.525,18,67,15
0.53,18,66,16
0.535,16,68,16
0.54,15,69,16
0.545,13,71,16
0.55,13,71,16
0.555,11,73,16
0.56,11,72,17
0.565,11,72,17
0.57,11,72,17
0.575,11,72,17
0.58,11,72,17
0.585,11,72,17
0.59,11,72,17
0.595,11,72,17
0.6,11,72,17
0.605,11,72,17
0.61,10,71,19
0.615,10,71,19
0.62,9,71,20
0.625,9,71,20
0.63,9,71,20
0.635,9,70,21
0.64,9,69,22
0.645,9,69,22
0.65,9,68,23
0.655,9,68,23
0.66,9,68,23
0.665,9,68,23
0.67,8,69,23
0.675,8,69,23
0.68,8,69,23
0.685,8,69,23
0.69,8,68,24
0.695,8,68,24
0.7,8,68,24
0.705,8,68,24
0.71,8,68,24
0.715,8,68,24
0.72,8,67,25
0.725,7,68,25
0.73,7,68,25
0.735,7,66,27
0.74,7,66,27
0.745,7,65,28
0.75,7,64,29
0.755,6,65,29
0.76,6,65,29
0.765,6,65,29
0.77,6,65,29
0.775,5,66,29
0.78,5,66,29
0.785,5,66,29
0.79,5,66,29
0.795,5,66,29
0.8,5,65,30
0.805,5,64,31
0.81,5,61,34
0.815,5,61,34
0.82,5,60,35
0.825,5,60,35
0.83,5,60,35
0.835,5,60,35
0.84,5,60,35
0.845,5,60,35
0.85,5,58,37
0.855,5,58,37
0.86,4,58,38
0.865,4,58,38
0.87,4,58,38
0.875,4,58,38
0.88,4,58,38
0.885,4,58,38
0.89,4,58,38
0.895,4,58,38
0.9,3,59,38
0.905,3,59,38
0.91,3,59,38
0.915,3,59,38
0.92,3,59,38
0.925,3,59,38
0.93,3,59,38
0.935,3,59,38
0.94,3,59,38
0.945,3,59,38
0.95,3,59,38
0.955,2,60,38
0.96,2,60,38
0.965,2,60,38
0.97,2,60,38
0.975,2,58,40
0.98,2,57,41
0.985,1,56,43
0.99,1,56,43
0.995,1,56,43
1,1,56,43
1.005,1,56,43
1.01,0,56,44
1.015,0,56,44
1.02,0,56,44
1.025,0,56,44
1.03,0,56,44
1.035,0,56,44
1.04,0,56,44
1.045,0,56,44
1.05,0,55,45
1.055,0,53,47
1.06,0,53,47
1.065,0,53,47
1.07,0,53,47
1.075,0,53,47
1.08,0,52,48
1.085,0,52,48
1.09,0,52,48
1.095,0,52,48
1.1,0,51,49
1.105,0,50,50
1.11,0,50,50
1.115,0,50,50
1.12,0,50,50
1.125,0,50,50
1.13,0,50,50
1.135,0,50,50
1.14,0,50,50
1.145,0,50,50
1.15,0,49,51
1.155,0,49,51
1.16,0,49,51
1.165,0,49,51
1.17,0,48,52
1.175,0,48,52
1.18,0,48,52
1.185,0,48,52
1.19,0,48,52
1.195,0,48,52
1.2,0,48,52
1.205,0,48,52
1.21,0,48,52
1.215,0,48,52
1.22,0,48,52
1.225,0,48,52
1.23,0,48,52
1.235,0,48,52
1.24,0,48,52
1.245,0,48,52
1.25,0,48,52
1.255,0,48,52
1.26,0,47,53
1.265,0,46,54
1.27,0,46,54
1.275,0,46,54
1.28,0,45,55
1.285,0,45,55
1.29,0,45,55
1.295,0,44,56
1.3,0,44,56
1.305,0,44,56
1.31,0,44,56
1.315,0,44,56
1.32,0,43,57
1.325,0,43,57
1.33,0,42,58
1.335,0,41,59
1.34,0,41,59
1.345,0,41,59
1.35,0,41,59
1.355,0,41,59
1.36,0,40,60
1.365,0,39,61
1.37,0,38,62
1.375,0,38,62
1.38,0,38,62
1.385,0,38,62
1.39,0,38,62
1.395,0,38,62
1.4,0,38,62
1.405,0,36,64
1.41,0,35,65
1.415,0,35,65
1.42,0,33,67
1.425,0,32,68
1.43,0,31,69
1.435,0,31,69
1.44,0,31,69
1.445,0,31,69
1.45,0,31,69
1.455,0,31,69
1.46,0,31,69
1.465,0,31,69
1.47,0,31,69
1.475,0,31,69
1.48,0,31,69
1.485,0,31,69
1.49,0,31,69
1.495,0,31,69
1.5,0,31,69
1.505,0,30,70
1.51,0,30,70
1.515,0,30,70
1.52,0,30,70
1.525,0,30,70
1.53,0,30,70
1.535,0,30,70
1.54,0,30,70
1.545,0,30,70
1.55,0,30,70
1.555,0,30,70
1.56,0,30,70
1.565,0,29,71
1.57,0,29,71
1.575,0,29,71
1.58,0,29,71
1.585,0,29,71
1.59,0,28,72
1.595,0,28,72
1.6,0,28,72
1.605,0,28,72
1.61,0,28,72
1.615,0,28,72
1.62,0,27,73
1.625,0,27,73
1.63,0,27,73
1.635,0,27,73
1.64,0,27,73
1.645,0,27,73
1.65,0,27,73
1.655,0,27,73
1.66,0,27,73
1.665,0,27,73
1.67,0,26,74
1.675,0,26,74
1.68,0,26,74
1.685,0,26,74
1.69,0,26,74
1.695,0,26,74
1.7,0,26,74
1.705,0,26,74
1.71,0,26,74
1.715,0,25,75
1.72,0,25,75
1.725,0,25,75
1.73,0,25,75
1.735,0,25,75
1.74,0,25,75
1.745,0,25,75
1.75,0,25,75
1.755,0,25,75
1.76,0,25,75
1.765,0,25,75
1.77,0,25,75
1.775,0,25,75
1.78,0,25,75
1.785,0,25,75
1.79,0,25,75
1.795,0,25,75
1.8,0,24,76
1.805,0,24,76
1.81,0,24,76
1.815,0,24,76
1.82,0,23,77
1.825,0,23,77
1.83,0,23,77
1.835,0,23,77
1.84,0,23,77
1.845,0,23,77
1.85,0,23,77
1.855,0,23,77
1.86,0,23,77
1.865,0,23,77
1.87,0,23,77
1.875,0,23,77
1.88,0,23,77
1.885,0,23,77
1.89,0,23,77
1.895,0,23,77
1.9,0,23,77
1.905,0,23,77
1.91,0,23,77
1.915,0,23,77
1.92,0,23,77
1.925,0,23,77
1.93,0,23,77
1.935,0,23,77
1.94,0,23,77
1.945,0,23,77
1.95,0,23,77
1.955,0,23,77
1.96,0,23,77
1.965,0,23,77
1.97,0,23,77
1.975,0,22,78
1.98,0,22,78
1.985,0,22,78
1.99,0,22,78
1.995,0,22,78
2,0,22,78
2.005,0,21,79
2.01,0,21,79
2.015,0,21,79
2.02,0,21,79
2.025,0,21,79
2.03,0,21,79
2.035,0,20,80
2.04,0,20,80
2.045,0,20,80
2.05,0,20,80
2.055,0,20,80
2.06,0,20,80
2.065,0,20,80
2.07,0,20,80
2.075,0,20,80
2.08,0,20,80
2.085,0,20,80
2.09,0,20,80
2.095,0,20,80
2.1,0,20,80
2.105,0,20,80
2.11,0,20,80
2.115,0,19,81
2.12,0,19,81
2.125,0,19,81
2.13,0,19,81
2.135,0,19,81
2.14,0,18,82
2.145,0,18,82
2.15,0,18,82
2.155,0,18,82
2.16,0,18,82
2.165,0,18,82
2.17,0,18,82
2.175,0,18,82
2.18,0,18,82
2.185,0,18,82
2.19,0,17,83
2.195,0,17,83
2.2,0,17,83
2.205,0,17,83
2.21,0,17,83
2.215,0,17,83
2.22,0,16,84
2.225,0,16,84
2.23,0,16,84
2.235,0,16,84
2.24,0,16,84
2.245,0,16,84
2.25,0,15,85
2.255,0,15,85
2.26,0,15,85
2.265,0,15,85
2.27,0,15,85
2.275,0,15,85
2.28,0,15,85
2.285,0,15,85
2.29,0,15,85
2.295,0,15,85
2.3,0,15,85
2.305,0,15,85
2.31,0,15,85
2.315,0,15,85
2.32,0,15,85
2.325,0,15,85
2.33,0,15,85
2.335,0,15,85
2.34,0,15,85
2.345,0,15,85
2.35,0,15,85
2.355,0,15,85
2.36,0,14,86
2.365,0,14,86
2.37,0,14,86
2.375,0,14,86
2.38,0,14,86
2.385,0,14,86
2.39,0,14,86
2.395,0,14,86
2.4,0,14,86
2.405,0,14,86
2.41,0,14,86
2.415,0,14,86
2.42,0,14,86
2.425,0,14,86
2.43,0,14,86
2.435,0,14,86
2.44,0,14,86
2.445,0,14,86
2.45,0,14,86
2.455,0,14,86
2.46,0,14,86
2.465,0,14,86
2.47,0,14,86
2.475,0,14,86
2.48,0,14,86
2.485,0,14,86
2.49,0,14,86
2.495,0,14,86
2.5,0,14,86
2.505,0,14,86
2.51,0,14,86
2.515,0,14,86
2.52,0,14,86
2.525,0,14,86
2.53,0,14,86
2.535,0,14,86
2.54,0,14,86
2.545,0,14,86
2.55,0,14,86
2.555,0,14,86
2.56,0,14,86
2.565,0,14,86
2.57,0,14,86
2.575,0,14,86
2.58,0,14,86
2.585,0,14,86
2.59,0,14,86
2.595,0,14,86
2.6,0,14,86
2.605,0,14,86
2.61,0,14,86
2.615,0,14,86
2.62,0,14,86
2.625,0,14,86
2.63,0,14,86
2.635,0,14,86
2.64,0,14,86
2.645,0,14,86
2.65,0,14,86
2.655,0,14,86
2.66,0,14,86
2.665,0,14,86
2.67,0,14,86
2.675,0,14,86
2.68,0,13,87
2.685,0,13,87
2.69,0,13,87
2.695,0,13,87
2.7,0,13,87
2.705,0,13,87
2.71,0,13,87
2.715,0,13,87
2.72,0,12,88
2.725,0,12,88
2.73,0,12,88
2.735,0,12,88
2.74,0,12,88
2.745,0,12,88
2.75,0,12,88
2.755,0,12,88
2.76,0,12,88
2.765,0,12,88
2.77,0,12,88
2.775,0,12,88
2.78,0,12,88
2.785,0,12,88
2.79,0,12,88
2.795,0,12,88
2.8,0,12,88
2.805,0,12,88
2.81,0,12,88
2.815,0,12,88
2.82,0,12,88
2.825,0,12,88
2.83,0,12,88
2.835,0,12,88
2.84,0,12,88
2.845,0,12,88
2.85,0,12,88
2.855,0,11,89
2.86,0,11,89
2.865,0,11,89
2.87,0,11,89
2.875,0,11,89
2.88,0,11,89
2.885,0,11,89
2.89,0,11,89
2.895,0,11,89
2.9,0,11,89
2.905,0,11,89
2.91,0,11,89
2.915,0,11,89
2.92,0,11,89
2.925,0,11,89
2.93,0,11,89
2.935,0,11,89
2.94,0,11,89
2.945,0,11,89
2.95,0,11,89
2.955,0,11,89
2.96,0,11,89
2.965,0,11,89
2.97,0,11,89
2.975,0,11,89
2.98,0,11,89
2.985,0,11,89
2.99,0,11,89
2.995,0,11,89
3,0,11,89
3.005,0,10,90
3.01,0,10,90
3.015,0,10,90
3.02,0,10,90
3.025,0,10,90
3.03,0,10,90
3.035,0,10,90
3.04,0,10,90
3.045,0,10,90
3.05,0,10,90
3.055,0,10,90
3.06,0,10,90
3.065,0,10,90
3.07,0,10,90
3.075,0,10,90
3.08,0,10,90
3.085,0,10,90
3.09,0,10,90
3.095,0,10,90
3.1,0,10,90
3.105,0,10,90
3.11,0,10,90
3.115,0,10,90
3.12,0,10,90
3.125,0,10,90
3.13,0,10,90
3.135,0,10,90
3.14,0,10,90
3.145,0,10,90
3.15,0,10,90
3.155,0,10,90
3.16,0,10,90
3.165,0,10,90
3.17,0,10,90
3.175,0,10,90
3.18,0,10,90
3.185,0,10,90
3.19,0,10,90
3.195,0,10,90
3.2,0,10,90
3.205,0,10,90
3.21,0,10,90
3.215,0,10,90
3.22,0,10,90
3.225,0,10,90
3.23,0,10,90
3.235,0,9,91
3.24,0,9,91
3.245,0,9,91
3.25,0,9,91
3.255,0,9,91
3.26,0,9,91
3.265,0,9,91
3.27,0,9,91
3.275,0,9,91
3.28,0,9,91
3.285,0,9,91
3.29,0,9,91
3.295,0,8,92
3.3,0,8,92
3.305,0,8,92
3.31,0,8,92
3.315,0,8,92
3.32,0,8,92
3.325,0,8,92
3.33,0,8,92
3.335,0,8,92
3.34,0,8,92
3.345,0,8,92
3.35,0,8,92
3.355,0,8,92
3.36,0,8,92
3.365,0,8,92
3.37,0,8,92
3.375,0,8,92
3.38,0,8,92
3.385,0,8,92
3.39,0,8,92
3.395,0,8,92
3.4,0,8,92
3.405,0,7,93
3.41,0,7,93
3.415,0,7,93
3.42,0,7,93
3.425,0,7,93
3.43,0,7,93
3.435,0,7,93
3.44,0,7,93
3.445,0,7,93
3.45,0,7,93
3.455,0,7,93
3.46,0,7,93
3.465,0,7,93
3.47,0,7,93
3.475,0,7,93
3.48,0,7,93
3.485,0,7,93
3.49,0,7,93
3.495,0,7,93
3.5,0,7,93
3.505,0,7,93
3.51,0,7,93
3.515,0,7,93
3.52,0,7,93
3.525,0,7,93
3.53,0,7,93
3.535,0,6,94
3.54,0,6,94
3.545,0,6,94
3.55,0,6,94
3.555,0,6,94
3.56,0,6,94
3.565,0,6,94
3.57,0,6,94
3.575,0,6,94
3.58,0,6,94
3.585,0,6,94
3.59,0,6,94
3.595,0,6,94
3.6,0,6,94
3.605,0,6,94
3.61,0,6,94
3.615,0,5,95
3.62,0,5,95
3.625,0,5,95
3.63,0,5,95
3.635,0,5,95
3.64,0,5,95
3.645,0,5,95
3.65,0,5,95
3.655,0,5,95
3.66,0,5,95
3.665,0,5,95
3.67,0,5,95
3.675,0,4,96
3.68,0,4,96
3.685,0,4,96
3.69,0,4,96
3.695,0,4,96
3.7,0,4,96
3.705,0,4,96
3.71,0,4,96
3.715,0,4,96
3.72,0,4,96
3.725,0,4,96
3.73,0,4,96
3.735,0,4,96
3.74,0,4,96
3.745,0,4,96
3.75,0,4,96
3.755,0,4,96
3.76,0,4,96
3.765,0,4,96
3.77,0,4,96
3.775,0,4,96
3.78,0,4,96
3.785,0,4,96
3.79,0,4,96
3.795,0,4,96
3.8,0,4,96
3.805,0,4,96
3.81,0,4,96
3.815,0,4,96
3.82,0,4,96
3.825,0,4,96
3.83,0,4,96
3.835,0,4,96
3.84,0,4,96
3.845,0,4,96
3.85,0,4,96
3.855,0,4,96
3.86,0,4,96
3.865,0,4,96
3.87,0,4,96
3.875,0,4,96
3.88,0,4,96
3.885,0,4,96
3.89,0,4,96
3.895,0,4,96
3.9,0,4,96
3.905,0,4,96
3.91,0,4,96
3.915,0,4,96
3.92,0,4,96
3.925,0,4,96
3.93,0,4,96
3.935,0,4,96
3.94,0,4,96
3.945,0,4,96
3.95,0,4,96
3.955,0,4,96
3.96,0,4,96
3.965,0,4,96
3.97,0,4,96
3.975,0,4,96
3.98,0,4,96
3.985,0,4,96
3.99,0,4,96
3.995,0,4,96
4,0,4,96
4.005,0,4,96
4.01,0,4,96
4.015,0,4,96
4.02,0,4,96
4.025,0,4,96
4.03,0,4,96
4.035,0,4,96
4.04,0,4,96
4.045,0,4,96
4.05,0,4,96
4.055,0,4,96
4.06,0,4,96
4.065,0,4,96
4.07,0,4,96
4.075,0,4,96
4.08,0,4,96
4.085,0,4,96
4.09,0,4,96
4.095,0,4,96
4.1,0,4,96
4.105,0,4,96
4.11,0,4,96
4.115,0,4,96
4.12,0,4,96
4.125,0,4,96
4.13,0,4,96
4.135,0,4,96
4.14,0,4,96
4.145,0,4,96
4.15,0,4,96
4.155,0,4,96
4.16,0,4,96
4.165,0,4,96
4.17,0,4,96
4.175,0,4,96
4.18,0,4,96
4.185,0,3,97
4.19,0,3,97
4.195,0,3,97
4.2,0,3,97
4.205,0,2,98
4.21,0,2,98
4.215,0,2,98
4.22,0,2,98
4.225,0,2,98
4.23,0,2,98
4.235,0,2,98
4.24,0,2,98
4.245,0,2,98
4.25,0,2,98
4.255,0,2,98
4.26,0,2,98
4.265,0,2,98
4.27,0,2,98
4.275,0,2,98
4.28,0,2,98
4.285,0,2,98
4.29,0,2,98
4.295,0,2,98
4.3,0,1,99
4.305,0,1,99
4.31,0,1,99
4.315,0,1,99
4.32,0,1,99
4.325,0,1,99
4.33,0,1,99
4.335,0,1,99
4.34,0,1,99
4.345,0,1,99
4.35,0,1,99
4.355,0,1,99
4.36,0,1,99
4.365,0,1,99
4.37,0,1,99
4.375,0,1,99
4.38,0,1,99
4.385,0,1,99
4.39,0,1,99
4.395,0,1,99
4.4,0,1,99
4.405,0,1,99
4.41,0,1,99
4.415,0,1,99
4.42,0,1,99
4.425,0,1,99
4.43,0,1,99
4.435,0,1,99
4.44,0,1,99
4.445,0,1,99
4.45,0,1,99
4.455,0,1,99
4.46,0,1,99
4.465,0,1,99
4.47,0,1,99
4.475,0,1,99
4.48,0,1,99
4.485,0,1,99
4.49,0,1,99
4.495,0,1,99
4.5,0,1,99
4.505,0,1,99
4.51,0,1,99
4.515,0,1,99
4.52,0,1,99
4.525,0,1,99
4.53,0,1,99
4.535,0,1,99
4.54,0,1,99
4.545,0,1,99
4.55,0,1,99
4.555,0,1,99
4.56,0,1,99
4.565,0,1,99
4.57,0,1,99
4.575,0,1,99
4.58,0,1,99
4.585,0,1,99
4.59,0,1,99
4.595,0,1,99
4.6,0,1,99
4.605,0,1,99
4.61,0,1,99
4.615,0,1,99
4.62,0,1,99
4.625,0,1,99
4.63,0,1,99
4.635,0,1,99
4.64,0,1,99
4.645,0,1,99
4.65,0,1,99
4.655,0,1,99
4.66,0,1,99
4.665,0,1,99
4.67,0,1,99
4.675,0,1,99
4.68,0,1,99
4.685,0,1,99
4.69,0,1,99
4.695,0,1,99
4.7,0,1,99
4.705,0,1,99
4.71,0,1,99
4.715,0,1,99
4.72,0,1,99
4.725,0,1,99
4.73,0,1,99
4.735,0,1,99
4.74,0,1,99
4.745,0,1,99
4.75,0,1,99
4.755,0,1,99
4.76,0,1,99
4.765,0,1,99
4.77,0,1,99
4.775,0,1,99
4.78,0,1,99
4.785,0,1,99
4.79,0,1,99
4.795,0,1,99
4.8,0,1,99
4.805,0,1,99
4.81,0,1,99
4.815,0,1,99
4.82,0,1,99
4.825,0,1,99
4.83,0,1,99
4.835,0,1,99
4.84,0,1,99
4.845,0,1,99
4.85,0,1,99
4.855,0,1,99
4.86,0,1,99
4.865,0,1,99
4.87,0,1,99
4.875,0,1,99
4.88,0,1,99
4.885,0,1,99
4.89,0,1,99
4.895,0,1,99
4.9,0,1,99
4.905,0,1,99
4.91,0,1,99
4.915,0,1,99
4.92,0,1,99
4.925,0,1,99
4.93,0,1,99
4.935,0,1,99
4.94,0,1,99
4.945,0,1,99
4.95,0,0,100
4.955,0,0,100
4.96,0,0,100
4.965,0,0,100
4.97,0,0,100
4.975,0,0,100
4.98,0,0,100
4.985,0,0,100
4.99,0,0,100
4.995,0,0,100
5,0,0,100
5.005,0,0,100
