Time,Susceptible,Infected
0,99,1
0.005,99,1
0.01,99,1
0.015,99,1
0.02,99,1
0.025,99,1
0.03,99,1
0.035,99,1
0.04,99,1
0.045,99,1
0.05,99,1
0.055,99,1
0.06,99,1
0.065,99,1
0.07,99,1
0.075,99,1
0.08,99,1
0.085,99,1
0.09,99,1
0.095,99,1
0.1,99,1
0.105,99,1
0.11,99,1
0.115,99,1
0.12,99,1
0.125,99,1
0.13,99,1
0.135,99,1
0.14,99,1
0.145,99,1
0.15,99,1
0.155,99,1
0.16,99,1
0.165,99,1
0.17,99,1
0.175,99,1
0.18,99,1
0.185,99,1
0.19,99,1
0.195,99,1
0.2,99,1
0.205,99,1
0.21,99,1
0.215,99,1
0.22,99,1
0.225,99,1
0.23,99,1
0.235,99,1
0.24,99,1
0.245,99,1
0.25,99,1
0.255,99,1
0.26,99,1
0.265,99,1
0.27,99,1
0.275,99,1
0.28,99,1
0.285,99,1
0.29,99,1
0.295,99,1
0.3,99,1
0.305,99,1
0.31,99,1
0.315,99,1
0.32,99,1
0.325,99,1
0.33,99,1
0.335,99,1
0.34,99,1
0.345,99,1
0.35,99,1
0.355,99,1
0.36,99,1
0.365,99,1
0.37,99,1
0.375,99,1
0.38,99,1
0.385,99,1
0.39,99,1
0.395,99,1
0.4,99,1
0.405,99,1
0.41,99,1
0.415,99,1
0.42,99,1
0.425,99,1
0.43,99,1
0.435,99,1
0.44,99,1
0.445,99,1
0.45,99,1
0.455,99,1
0.46,99,1
0.465,99,1
0.47,99,1
0.475,99,1
0.48,99,1
0.485,99,1
0.49,99,1
0.495,98,2
0.5,96,4
0.505,96,4
0.51,96,4
0.515,96,4
0.52,96,4
0.525,96,4
0.53,96,4
0.535,96,4
0.54,96,4
0.545,96,4
0.55,96,4
0.555,96,4
0.56,95,5
0.565,95,5
0.57,95,5
0.575,95,5
0.58,95,5
0.585,95,5
0.59,95,5
0.595,95,5
0.6,95,5
0.605,95,5
0.61,95,5
0.615,96,4
0.62,96,4
0.625,96,4
0.63,96,4
0.635,96,4
0.64,95,5
0.645,94,6
0.65,94,6
0.655,93,7
0.66,93,7
0.665,93,7
0.67,93,7
0.675,93,7
0.68,93,7
0.685,93,7
0.69,93,7
0.695,92,8
0.7,91,9
0.705,91,9
0.71,92,8
0.715,92,8
0.72,91,9
0.725,91,9
0.73,91,9
0.735,92,8
0.74,92,8
0.745,92,8
0.75,91,9
0.755,91,9
0.76,91,9
0.765,90,10
0.77,90,10
0.775,89,11
0.78,89,11
0.785,88,12
0.79,87,13
0.795,87,13
0.8,86,14
0.805,86,14
0.81,86,14
0.815,84,16
0.82,84,16
0.825,84,16
0.83,83,17
0.835,83,17
0.84,83,17
0.845,82,18
0.85,82,18
0.855,82,18
0.86,81,19
0.865,81,19
0.87,82,18
0.875,82,18
0.88,81,19
0.885,81,19
0.89,82,18
0.895,81,19
0.9,81,19
0.905,79,21
0.91,79,21
0.915,79,21
0.92,79,21
0.925,79,21
0.93,78,22
0.935,77,23
0.94,76,24
0.945,76,24
0.95,75,25
0.955,75,25
0.96,75,25
0.965,75,25
0.97,72,28
0.975,72,28
0.98,73,27
0.985,74,26
0.99,74,26
0.995,74,26
1,74,26
1.005,74,26
1.01,74,26
1.015,74,26
1.02,74,26
1.025,74,26
1.03,72,28
1.035,72,28
1.04,70,30
1.045,70,30
1.05,69,31
1.055,70,30
1.06,69,31
1.065,69,31
1.07,66,34
1.075,65,35
1.08,64,36
1.085,63,37
1.09,62,38
1.095,62,38
1.1,62,38
1.105,62,38
1.11,62,38
1.115,62,38
1.12,62,38
1.125,62,38
1.13,61,39
1.135,60,40
1.14,59,41
1.145,60,40
1.15,61,39
1.155,60,40
1.16,60,40
1.165,57,43
1.17,57,43
1.175,53,47
1.18,53,47
1.185,53,47
1.19,50,50
1.195,51,49
1.2,50,50
1.205,48,52
1.21,48,52
1.215,48,52
1.22,46,54
1.225,46,54
1.23,46,54
1.235,46,54
1.24,45,55
1.245,44,56
1.25,44,56
1.255,43,57
1.26,44,56
1.265,44,56
1.27,42,58
1.275,42,58
1.28,41,59
1.285,40,60
1.29,39,61
1.295,40,60
1.3,38,62
1.305,38,62
1.31,37,63
1.315,37,63
1.32,37,63
1.325,37,63
1.33,36,64
1.335,37,63
1.34,36,64
1.345,36,64
1.35,36,64
1.355,36,64
1.36,36,64
1.365,34,66
1.37,34,66
1.375,32,68
1.38,30,70
1.385,29,71
1.39,28,72
1.395,29,71
1.4,28,72
1.405,27,73
1.41,27,73
1.415,25,75
1.42,24,76
1.425,24,76
1.43,24,76
1.435,23,77
1.44,21,79
1.445,22,78
1.45,22,78
1.455,22,78
1.46,22,78
1.465,21,79
1.47,21,79
1.475,20,80
1.48,20,80
1.485,21,79
1.49,22,78
1.495,21,79
1.5,21,79
1.505,21,79
1.51,19,81
1.515,20,80
1.52,19,81
1.525,20,80
1.53,18,82
1.535,18,82
1.54,19,81
1.545,19,81
1.55,20,80
1.555,20,80
1.56,20,80
1.565,17,83
1.57,17,83
1.575,17,83
1.58,16,84
1.585,17,83
1.59,17,83
1.595,18,82
1.6,18,82
1.605,18,82
1.61,19,81
1.615,18,82
1.62,18,82
1.625,18,82
1.63,18,82
1.635,18,82
1.64,17,83
1.645,19,81
1.65,19,81
1.655,20,80
1.66,20,80
1.665,19,81
1.67,19,81
1.675,20,80
1.68,20,80
1.685,21,79
1.69,21,79
1.695,21,79
1.7,19,81
1.705,18,82
1.71,16,84
1.715,15,85
1.72,15,85
1.725,16,84
1.73,19,81
1.735,19,81
1.74,19,81
1.745,19,81
1.75,19,81
1.755,20,80
1.76,21,79
1.765,21,79
1.77,21,79
1.775,21,79
1.78,22,78
1.785,22,78
1.79,22,78
1.795,22,78
1.8,24,76
1.805,25,75
1.81,25,75
1.815,23,77
1.82,23,77
1.825,23,77
1.83,24,76
1.835,24,76
1.84,25,75
1.845,25,75
1.85,25,75
1.855,25,75
1.86,26,74
1.865,26,74
1.87,24,76
1.875,23,77
1.88,21,79
1.885,21,79
1.89,22,78
1.895,23,77
1.9,23,77
1.905,23,77
1.91,23,77
1.915,23,77
1.92,22,78
1.925,22,78
1.93,20,80
1.935,20,80
1.94,21,79
1.945,20,80
1.95,20,80
1.955,20,80
1.96,21,79
1.965,19,81
1.97,18,82
1.975,18,82
1.98,17,83
1.985,16,84
1.99,15,85
1.995,16,84
2,14,86
2.005,13,87
2.01,14,86
2.015,14,86
2.02,14,86
2.025,13,87
2.03,14,86
2.035,14,86
2.04,14,86
2.045,13,87
2.05,13,87
2.055,15,85
2.06,15,85
2.065,14,86
2.07,14,86
2.075,13,87
2.08,14,86
2.085,16,84
2.09,17,83
2.095,17,83
2.1,17,83
2.105,17,83
2.11,15,85
2.115,15,85
2.12,15,85
2.125,17,83
2.13,16,84
2.135,15,85
2.14,15,85
2.145,16,84
2.15,14,86
2.155,13,87
2.16,13,87
2.165,13,87
2.17,13,87
2.175,14,86
2.18,14,86
2.185,14,86
2.19,14,86
2.195,14,86
2.2,13,87
2.205,12,88
2.21,12,88
2.215,14,86
2.22,13,87
2.225,15,85
2.23,15,85
2.235,16,84
2.24,16,84
2.245,15,85
2.25,14,86
2.255,15,85
2.26,14,86
2.265,14,86
2.27,14,86
2.275,15,85
2.28,15,85
2.285,14,86
2.29,15,85
2.295,16,84
2.3,15,85
2.305,15,85
2.31,15,85
2.315,14,86
2.32,13,87
2.325,13,87
2.33,12,88
2.335,11,89
2.34,11,89
2.345,10,90
2.35,9,91
2.355,10,90
2.36,10,90
2.365,10,90
2.37,10,90
2.375,12,88
2.38,12,88
2.385,12,88
2.39,13,87
2.395,13,87
2.4,13,87
2.405,13,87
2.41,13,87
2.415,13,87
2.42,13,87
2.425,13,87
2.43,13,87
2.435,13,87
2.44,12,88
2.445,11,89
2.45,12,88
2.455,13,87
2.46,13,87
2.465,13,87
2.47,14,86
2.475,14,86
2.48,14,86
2.485,13,87
2.49,13,87
2.495,12,88
2.5,12,88
2.505,12,88
2.51,12,88
2.515,12,88
2.52,12,88
2.525,11,89
2.53,11,89
2.535,11,89
2.54,10,90
2.545,10,90
2.55,12,88
2.555,13,87
2.56,13,87
2.565,12,88
2.57,11,89
2.575,12,88
2.58,12,88
2.585,12,88
2.59,12,88
2.595,12,88
2.6,11,89
2.605,11,89
2.61,11,89
2.615,11,89
2.62,11,89
2.625,12,88
2.63,12,88
2.635,10,90
2.64,10,90
2.645,12,88
2.65,10,90
2.655,9,91
2.66,9,91
2.665,9,91
2.67,10,90
2.675,11,89
2.68,10,90
2.685,10,90
2.69,10,90
2.695,11,89
2.7,12,88
2.705,12,88
2.71,12,88
2.715,13,87
2.72,15,85
2.725,15,85
2.73,16,84
2.735,17,83
2.74,18,82
2.745,18,82
2.75,18,82
2.755,18,82
2.76,18,82
2.765,21,79
2.77,20,80
2.775,20,80
2.78,20,80
2.785,20,80
2.79,20,80
2.795,20,80
2.8,19,81
2.805,19,81
2.81,20,80
2.815,17,83
2.82,17,83
2.825,16,84
2.83,15,85
2.835,17,83
2.84,17,83
2.845,17,83
2.85,18,82
2.855,18,82
2.86,19,81
2.865,19,81
2.87,19,81
2.875,19,81
2.88,19,81
2.885,21,79
2.89,21,79
2.895,21,79
2.9,18,82
2.905,18,82
2.91,18,82
2.915,18,82
2.92,18,82
2.925,18,82
2.93,19,81
2.935,18,82
2.94,17,83
2.945,17,83
2.95,17,83
2.955,16,84
2.96,15,85
2.965,15,85
2.97,15,85
2.975,13,87
2.98,13,87
2.985,15,85
2.99,15,85
2.995,15,85
3,14,86
3.005,14,86
3.01,12,88
3.015,12,88
3.02,15,85
3.025,15,85
3.03,15,85
3.035,14,86
3.04,15,85
3.045,15,85
3.05,15,85
3.055,13,87
3.06,13,87
3.065,11,89
3.07,9,91
3.075,11,89
3.08,11,89
3.085,11,89
3.09,12,88
3.095,11,89
3.1,12,88
3.105,12,88
3.11,13,87
3.115,14,86
3.12,14,86
3.125,14,86
3.13,14,86
3.135,14,86
3.14,15,85
3.145,15,85
3.15,16,84
3.155,15,85
3.16,15,85
3.165,16,84
3.17,16,84
3.175,16,84
3.18,15,85
3.185,15,85
3.19,15,85
3.195,16,84
3.2,16,84
3.205,18,82
3.21,19,81
3.215,20,80
3.22,19,81
3.225,19,81
3.23,19,81
3.235,19,81
3.24,18,82
3.245,18,82
3.25,18,82
3.255,19,81
3.26,18,82
3.265,18,82
3.27,18,82
3.275,18,82
3.28,17,83
3.285,18,82
3.29,18,82
3.295,19,81
3.3,18,82
3.305,18,82
3.31,18,82
3.315,19,81
3.32,19,81
3.325,18,82
3.33,17,83
3.335,17,83
3.34,17,83
3.345,18,82
3.35,19,81
3.355,19,81
3.36,19,81
3.365,17,83
3.37,17,83
3.375,17,83
3.38,17,83
3.385,17,83
3.39,18,82
3.395,18,82
3.4,18,82
3.405,18,82
3.41,18,82
3.415,17,83
3.42,16,84
3.425,16,84
3.43,16,84
3.435,17,83
3.44,14,86
3.445,13,87
3.45,13,87
3.455,13,87
3.46,13,87
3.465,12,88
3.47,10,90
3.475,11,89
3.48,11,89
3.485,9,91
3.49,9,91
3.495,9,91
3.5,9,91
3.505,11,89
3.51,11,89
3.515,11,89
3.52,10,90
3.525,10,90
3.53,9,91
3.535,9,91
3.54,9,91
3.545,10,90
3.55,10,90
3.555,9,91
3.56,9,91
3.565,9,91
3.57,9,91
3.575,9,91
3.58,9,91
3.585,9,91
3.59,9,91
3.595,11,89
3.6,11,89
3.605,11,89
3.61,11,89
3.615,12,88
3.62,11,89
3.625,12,88
3.63,10,90
3.635,11,89
3.64,12,88
3.645,13,87
3.65,11,89
3.655,11,89
3.66,11,89
3.665,11,89
3.67,11,89
3.675,11,89
3.68,11,89
3.685,11,89
3.69,11,89
3.695,11,89
3.7,10,90
3.705,10,90
3.71,10,90
3.715,11,89
3.72,12,88
3.725,13,87
3.73,13,87
3.735,12,88
3.74,12,88
3.745,12,88
3.75,11,89
3.755,13,87
3.76,15,85
3.765,15,85
3.77,17,83
3.775,18,82
3.78,18,82
3.785,18,82
3.79,19,81
3.795,18,82
3.8,16,84
3.805,14,86
3.81,14,86
3.815,14,86
3.82,14,86
3.825,14,86
3.83,14,86
3.835,14,86
3.84,12,88
3.845,11,89
3.85,10,90
3.855,8,92
3.86,9,91
3.865,9,91
3.87,9,91
3.875,10,90
3.88,11,89
3.885,10,90
3.89,12,88
3.895,11,89
3.9,11,89
3.905,11,89
3.91,11,89
3.915,10,90
3.92,10,90
3.925,10,90
3.93,12,88
3.935,12,88
3.94,12,88
3.945,14,86
3.95,14,86
3.955,14,86
3.96,15,85
3.965,15,85
3.97,15,85
3.975,14,86
3.98,13,87
3.985,14,86
3.99,14,86
3.995,13,87
4,13,87
4.005,12,88
4.01,12,88
4.015,12,88
4.02,13,87
4.025,13,87
4.03,13,87
4.035,13,87
4.04,13,87
4.045,15,85
4.05,15,85
4.055,13,87
4.06,11,89
4.065,11,89
4.07,12,88
4.075,14,86
4.08,14,86
4.085,14,86
4.09,14,86
4.095,14,86
4.1,14,86
4.105,13,87
4.11,13,87
4.115,14,86
4.12,14,86
4.125,14,86
4.13,14,86
4.135,13,87
4.14,13,87
4.145,13,87
4.15,12,88
4.155,11,89
4.16,10,90
4.165,10,90
4.17,10,90
4.175,11,89
4.18,11,89
4.185,11,89
4.19,11,89
4.195,13,87
4.2,14,86
4.205,14,86
4.21,15,85
4.215,15,85
4.22,16,84
4.225,17,83
4.23,17,83
4.235,17,83
4.24,17,83
4.245,17,83
4.25,17,83
4.255,17,83
4.26,17,83
4.265,18,82
4.27,18,82
4.275,18,82
4.28,18,82
4.285,19,81
4.29,17,83
4.295,16,84
4.3,15,85
4.305,14,86
4.31,14,86
4.315,15,85
4.32,14,86
4.325,15,85
4.33,15,85
4.335,15,85
4.34,14,86
4.345,14,86
4.35,14,86
4.355,14,86
4.36,14,86
4.365,14,86
4.37,12,88
4.375,11,89
4.38,11,89
4.385,12,88
4.39,15,85
4.395,15,85
4.4,14,86
4.405,13,87
4.41,12,88
4.415,12,88
4.42,12,88
4.425,12,88
4.43,12,88
4.435,13,87
4.44,13,87
4.445,13,87
4.45,12,88
4.455,11,89
4.46,11,89
4.465,11,89
4.47,11,89
4.475,10,90
4.48,10,90
4.485,10,90
4.49,10,90
4.495,11,89
4.5,10,90
4.505,10,90
4.51,10,90
4.515,10,90
4.52,11,89
4.525,11,89
4.53,11,89
4.535,11,89
4.54,12,88
4.545,12,88
4.55,12,88
4.555,12,88
4.56,13,87
4.565,13,87
4.57,14,86
4.575,15,85
4.58,14,86
4.585,13,87
4.59,13,87
4.595,15,85
4.6,15,85
4.605,15,85
4.61,13,87
4.615,15,85
4.62,14,86
4.625,16,84
4.63,16,84
4.635,14,86
4.64,14,86
4.645,12,88
4.65,12,88
4.655,12,88
4.66,12,88
4.665,12,88
4.67,13,87
4.675,13,87
4.68,13,87
4.685,13,87
4.69,13,87
4.695,13,87
4.7,11,89
4.705,11,89
4.71,12,88
4.715,12,88
4.72,12,88
4.725,12,88
4.73,13,87
4.735,12,88
4.74,12,88
4.745,13,87
4.75,14,86
4.755,12,88
4.76,11,89
4.765,11,89
4.77,12,88
4.775,10,90
4.78,10,90
4.785,9,91
4.79,9,91
4.795,9,91
4.8,9,91
4.805,8,92
4.81,9,91
4.815,10,90
4.82,9,91
4.825,9,91
4.83,9,91
4.835,9,91
4.84,9,91
4.845,8,92
4.85,7,93
4.855,8,92
4.86,8,92
4.865,8,92
4.87,9,91
4.875,10,90
4.88,10,90
4.885,8,92
4.89,8,92
4.895,9,91
4.9,9,91
4.905,9,91
4.91,11,89
4.915,12,88
4.92,14,86
4.925,14,86
4.93,15,85
4.935,14,86
4.94,12,88
4.945,11,89
4.95,11,89
4.955,11,89
4.96,10,90
4.965,11,89
4.97,13,87
4.975,13,87
4.98,13,87
4.985,14,86
4.99,15,85
4.995,15,85
5,15,85
5.005,16,84
