time,infected lower
0.0,3.0
0.005,2.7495165060747997
0.01,2.6222500640697115
0.015,2.570446606658489
0.02,2.5777238428870195
0.025,2.536675438657239
0.03,2.526088691029127
0.035,2.496674041334032
0.04,2.4544093023779876
0.045,2.484775479287155
0.05,2.4709555691642864
0.055,2.474631221856458
0.06,2.5015229997435973
0.065,2.5200000000000005
0.07,2.5057441725818683
0.075,2.4906020196424308
0.08,2.4620017421615996
0.085,2.444710336439904
0.09,2.4498760394075334
0.095,2.46774798016121
0.1,2.486468484391258
0.105,2.4821277666894037
0.11,2.490039683164585
0.115,2.5105119141953325
0.12,2.4657786103421495
0.125,2.4367663512533166
0.13,2.391404785418518
0.135,2.408402228868228
0.14,2.373566247752625
0.145,2.4049429978010584
0.15,2.392311817880352
0.155,2.416751702893892
0.16,2.4135625564141776
0.165,2.3834097875415052
0.17,2.3644919398713
0.175,2.4345137634043903
0.18,2.3738810327313007
0.185,2.3825150603016905
0.19,2.387488441250624
0.195,2.3581415712957905
0.2,2.3893350842642698
0.205,2.3800952402549314
0.21,2.3722675564982403
0.215,2.3188690676488664
0.22,2.306527367528315
0.225,2.2511376167750923
0.23,2.2272723833110004
0.235,2.2133288470206645
0.24,2.2285804030510996
0.245,2.290019920397773
0.25,2.3574116930941527
0.255,2.4156263311203756
0.26,2.4661339179742527
0.265,2.5385263290251276
0.27,2.5661942351262264
0.275,2.6360110497478484
0.28,2.6377656847381736
0.285,2.5813517040741125
0.29,2.591522992388311
0.295,2.6774550694965424
0.3,2.6892910004873296
0.305,2.6435003980187792
0.31,2.624239231090319
0.315,2.6707706496405597
0.32,2.674252232334441
0.325,2.699527064808733
0.33,2.730830625413318
0.335,2.765456483815322
0.34,2.7844587261119678
0.345,2.831398347923836
0.35,2.8518409428453677
0.355,2.86431607484058
0.36,2.8980517245650437
0.365,2.9826462907830495
0.37,3.0230561640093985
0.375,3.0594603636837077
0.38,3.0393789418809294
0.385,3.0394769651639137
0.39,3.02433212916816
0.395,3.0028583586628343
0.4,3.0254562347664464
0.405,3.072172699799478
0.41,3.0834499859774778
0.415,3.116975381601795
0.42,3.1200000000000006
0.425,3.1783892492386134
0.43,3.185675645610012
0.435,3.1967044769036064
0.44,3.27921841116996
0.445,3.23229342743645
0.45,3.212519592524623
0.455,3.300773141863883
0.46,3.2944482496212677
0.465,3.289188941624176
0.47,3.329483205177511
0.475,3.2209814209330663
0.48,3.154031535762626
0.485,3.133512765854994
0.49,3.1931870926938597
0.495,3.2058967378926093
0.5,3.2196070037604843
0.505,3.206316692038863
0.51,3.329533646148147
0.515,3.3131380993219883
0.52,3.3008176801468387
0.525,3.3005372198972323
0.53,3.306881069890758
0.535,3.3904620342377463
0.54,3.4327625905448187
0.545,3.4847177090221955
0.55,3.476586549963531
0.555,3.4971637871331422
0.56,3.483689705515464
0.565,3.5101269546989746
0.57,3.5944990562385897
0.575,3.561679658516484
0.58,3.61137850763149
0.585,3.6156466310113613
0.59,3.6661373296296436
0.595,3.617970859539759
0.6,3.6733863731672693
0.605,3.7021523175832725
0.61,3.732016493391182
0.615,3.756359968901103
0.62,3.7077482669827466
0.625,3.7487394158724134
0.63,3.7947561543223642
0.635,3.8325972055022186
0.64,3.8394719701992965
0.645,3.900819727209237
0.65,3.939836603488434
0.655,4.012916680696795
0.66,4.072014891568611
0.665,4.059346126598916
0.67,4.158722175146675
0.675,4.1978484674914665
0.68,4.243900567171718
0.685,4.360359947540081
0.69,4.391345397363459
0.695,4.557000702795603
0.7,4.541073708040565
0.705,4.606506313812841
0.71,4.599036214524282
0.715,4.634417123593257
0.72,4.6848622350462295
0.725,4.57952519607473
0.73,4.604823845624938
0.735,4.709578584113668
0.74,4.777819033754517
0.745,4.837510984191258
0.75,4.789312532820217
0.755,4.833898301147387
0.76,4.846176265010141
0.765,4.8792809034667455
0.77,5.025602657879573
0.775,5.170033967469686
0.78,5.101240206999565
0.785,5.115040769840979
0.79,5.17492355275499
0.795,5.274727663024619
0.8,5.292206193560743
0.805,5.176183639837604
0.81,5.232860281747335
0.815,5.270299516485949
0.82,5.338038973706059
0.825,5.338681159432879
0.83,5.421990645243914
0.835,5.49806745106515
0.84,5.648013605453421
0.845,5.625809261899025
0.85,5.751869981889621
0.855,5.839049934835144
0.86,5.873570501083117
0.865,5.8865573988138244
0.87,5.876195735059845
0.875,5.958604495238383
0.88,6.008862931024334
0.885,6.011495611560607
0.89,6.102004704302315
0.895,6.0864182075989355
0.9,6.0727818436423
0.905,6.086448623225433
0.91,6.139978632503022
0.915,6.30620785302461
0.92,6.3899197005593145
0.925,6.439234073757607
0.93,6.502679703629301
0.935,6.5564495577260455
0.94,6.5789706438851905
0.945,6.551432426644595
0.95,6.6343549877057715
0.955,6.6800000000000015
0.96,6.75841679721516
0.965,6.889860538194711
0.97,6.924099221496768
0.975,6.945052004196066
0.98,6.955382596406427
0.985,7.029645714846204
0.99,7.147672254157561
0.995,7.209032784499298
1.0,7.379358361880527
1.005,7.495001234567976
1.01,7.612387091447125
1.015,7.71422560626832
1.02,7.720263933023489
1.025,7.873672229670138
1.03,7.844264446972286
1.035,7.947716596823565
1.04,8.040757457993415
1.045,8.113818616865338
1.05,8.201315124387518
1.055,8.277853324303983
1.06,8.314611014923797
1.065,8.377368740698317
1.07,8.50160825260982
1.075,8.583811502642442
1.08,8.693136897441644
1.085,8.753614998551255
1.09,8.715995321217468
1.095,8.795536603656558
1.1,8.801099344350973
1.105,8.835062803170748
1.11,8.823240389672733
1.115,8.85737421281558
1.12,8.928731797434985
1.125,8.945396309267359
1.13,8.984435905449288
1.135,9.116728793136856
1.14,9.252328822049003
1.145,9.35923590464459
1.15,9.436205214537818
1.155,9.6054797866362
1.16,9.772664495054753
1.165,9.741125663422437
1.17,9.811155771930608
1.175,9.934802393151537
1.18,10.012342963285365
1.185,9.978839125205377
1.19,10.020753392846975
1.195,10.132802682016857
1.2,10.357901995313684
1.205,10.478305603459809
1.21,10.50410993236516
1.215,10.499049524878359
1.22,10.576109516016796
1.225,10.623638316430961
1.23,10.608121706979793
1.235,10.74432463453081
1.24,10.795915046180845
1.245,10.79919755570667
1.25,10.840833360126894
1.255,10.936877785205294
1.26,10.839697431601646
1.265,10.955344214201558
1.27,10.971988870511497
1.275,11.030334590674844
1.28,11.123498585771628
1.285,11.26391817798197
1.29,11.340852045066544
1.295,11.452816515355607
1.3,11.620668664454385
1.305,11.771671734724382
1.31,11.964614452106831
1.315,12.163922148689682
1.32,12.405995257764362
1.325,12.529634339249723
1.33,12.566678638623607
1.335,12.5923784496584
1.34,12.662553116253873
1.345,12.758636091192441
1.35,12.866725700637586
1.355,12.865768751061433
1.36,12.947971220917823
1.365,13.070507793100585
1.37,13.21029801651265
1.375,13.365264170741725
1.38,13.443538469326214
1.385,13.446935940248272
1.39,13.477236455031612
1.395,13.688868580463726
1.4,13.826704281763643
1.405,13.909932143021587
1.41,14.067273317898328
1.415,14.164024882047018
1.42,14.278140323976931
1.425,14.525748313329961
1.43,14.547924343261764
1.435,14.583555852428908
1.44,14.577613107428538
1.445,14.741131851041786
1.45,14.850703086878342
1.455,15.055825589157314
1.46,15.069250730163542
1.465,15.111435225367538
1.47,15.182161181875252
1.475,15.337258789567993
1.48,15.439111612979088
1.485,15.485323470564804
1.49,15.519576277526156
1.495,15.528693722055003
1.5,15.704870462346843
1.505,15.862373793360076
1.51,16.02029577772832
1.515,16.076606294433294
1.52,16.20939152886777
1.525,16.420626754624703
1.53,16.54194709669175
1.535,16.552062039360443
1.54,16.672090683170563
1.545,16.79305837434878
1.55,16.83772620445706
1.555,16.982202628302716
1.56,17.124850937724688
1.565,17.221784849648785
1.57,17.375757569525334
1.575,17.380549607978175
1.58,17.535054148714828
1.585,17.780473025441474
1.59,17.8580319374841
1.595,18.07012300582215
1.6,18.25307340351525
1.605,18.192042900442182
1.61,18.29010869604133
1.615,18.37452385582206
1.62,18.462466040382406
1.625,18.629705885148795
1.63,18.68237251547607
1.635,18.923990152892493
1.64,19.043264459983746
1.645,19.060799241026196
1.65,19.165623179809486
1.655,19.177385630565766
1.66,19.241777736274926
1.665,19.337277658423993
1.67,19.548185148087928
1.675,19.630479107059276
1.68,19.748695003336014
1.685,19.797896583312678
1.69,19.842331782293027
1.695,20.038846948844526
1.7,20.057480825137016
1.705,20.23789930229253
1.71,20.301132727607502
1.715,20.49913773305998
1.72,20.684216509606472
1.725,20.750400646170426
1.73,20.916568312185486
1.735,21.019787509502635
1.74,21.24257421578465
1.745,21.296868872550228
1.75,21.487684759078384
1.755,21.51844768465986
1.76,21.725951986615286
1.765,21.867060046379414
1.77,22.03060772891751
1.775,22.11806713066958
1.78,22.245579406483824
1.785,22.396624160652458
1.79,22.55674856960077
1.795,22.746777326016314
1.8,22.75260098416886
1.805,22.87355489221983
1.81,22.954123628964155
1.815,23.083738582447776
1.82,23.17789919285144
1.825,23.2950195986323
1.83,23.40047022636718
1.835,23.628711650778804
1.84,23.70794075751499
1.845,23.77339735573031
1.85,23.852747730263836
1.855,23.86646601528275
1.86,23.87709299657484
1.865,23.848824494727666
1.87,23.8064410208229
1.875,23.94781556158394
1.88,24.06234245743619
1.885,24.146630449964498
1.89,24.251015657236238
1.895,24.354675885818494
1.9,24.456613258995493
1.905,24.536151448370962
1.91,24.797886065366388
1.915,24.908103133809416
1.92,24.937779292378604
1.925,25.06096344293361
1.93,24.94288078529181
1.935,25.013835605592163
1.94,24.98861335114184
1.945,25.06920497678542
1.95,24.957963871474902
1.955,25.18280023761608
1.96,25.347500189825364
1.965,25.37165059734923
1.97,25.45799769445472
1.975,25.49374966948705
1.98,25.75250778993953
1.985,25.895247187742672
1.99,25.94946809370591
1.995,25.990924828845
2.0,25.95287592851433
2.005,26.150978944528084
2.01,26.37351510390726
2.015,26.396731090317623
2.02,26.59315677353775
2.025,26.556119495783122
2.03,26.631850308574357
2.035,26.680189126352506
2.04,26.638969586116882
2.045,26.786078595106243
2.05,26.927304948618403
2.055,27.08718644419848
2.06,27.175237922594647
2.065,27.302072725298306
2.07,27.462542561794873
2.075,27.674580297113874
2.08,27.801467041268552
2.085,28.00974442025033
2.09,28.124906809764727
2.095,28.13203694182151
2.1,28.155613163486997
2.105,28.36175653060304
2.11,28.437415002415175
2.115,28.538258153490595
2.12,28.597203519985325
2.125,28.59103038708983
2.13,28.67761420152147
2.135,28.803809669794735
2.14,28.827507504760764
2.145,28.897507513562715
2.15,29.021065607011668
2.155,29.123917068215604
2.16,29.225921308965415
2.165,29.25545197101245
2.17,29.316772049610734
2.175,29.44599172204934
2.18,29.431424054395197
2.185,29.53386792063076
2.19,29.58650006589158
2.195,29.629839463682774
2.2,29.570724695145024
2.205,29.678021068573038
2.21,29.764699300275694
2.215,29.818723701081353
2.22,29.894345198383526
2.225,29.996168653014593
2.23,30.2921070847401
2.235,30.377014312480387
2.24,30.35712304903062
2.245,30.447996009858464
2.25,30.479806452711458
2.255,30.677259132447542
2.26,30.792431579468147
2.265,31.104421070060006
2.27,31.188791539323734
2.275,31.281021629997884
2.28,31.48450993982352
2.285,31.467285929043186
2.29,31.469758582265346
2.295,31.576076250606683
2.3,31.534225010224823
2.305,31.5913146177661
2.31,31.758945868118637
2.315,31.858808873294095
2.32,32.02944638569532
2.325,32.072222686136804
2.33,32.14911119831987
2.335,32.148074587390695
2.34,32.26040276646205
2.345,32.410360026774754
2.35,32.46947232636792
2.355,32.50615980285139
2.36,32.647383348149646
2.365,32.97326331356114
2.37,33.0202026647676
2.375,33.10202323969649
2.38,33.18504714250717
2.385,33.314626056922265
2.39,33.41151990402882
2.395,33.51906762439756
2.4,33.68943050012646
2.405,33.664171068861435
2.41,33.73903455038305
2.415,33.86948590670657
2.42,33.98402507912307
2.425,34.173707905878246
2.43,34.24494216700863
2.435,34.309077893743556
2.44,34.30351768567565
2.445,34.36180126446064
2.45,34.28334535647398
2.455,34.30157473793724
2.46,34.358035097983674
2.465,34.4531924705569
2.47,34.61007327096626
2.475,34.6270806491376
2.48,34.69402436467107
2.485,34.70159124657566
2.49,34.762760244594716
2.495,34.86105844766661
2.5,35.04458200566209
2.505,35.15108244839509
2.51,35.21059559426881
2.515,35.38262563868082
2.52,35.416298874803985
2.525,35.58746626607102
2.53,35.595768850550414
2.535,35.608114036507025
2.54,35.75164217855986
2.545,35.790358841303885
2.55,35.886620352055395
2.555,35.93297715827818
2.56,35.92662838288182
2.565,36.13317372087319
2.57,36.14874186742705
2.575,36.270026817661474
2.58,36.51734183143458
2.585,36.55985233378043
2.59,36.65852774344934
2.595,36.815440141366096
2.6,36.9331642903367
2.605,36.953832681963576
2.61,37.05690052276601
2.615,37.16758464238151
2.62,37.30460003443077
2.625,37.309717432476035
2.63,37.37267144540263
2.635,37.45660344268777
2.64,37.65605890078304
2.645,37.75769890301994
2.65,37.861305440244735
2.655,37.92260968237679
2.66,37.97044664866591
2.665,37.89263884804767
2.67,38.02075270509454
2.675,38.21613122277856
2.68,38.12306982685362
2.685,38.112405579183516
2.69,38.19264585587247
2.695,38.26606804606047
2.7,38.46021071777248
2.705,38.500877426979514
2.71,38.680641883983654
2.715,38.686641995083946
2.72,38.78820668311334
2.725,38.744524280081194
2.73,38.973346650691155
2.735,39.13377384416616
2.74,39.25278637843087
2.745,39.30210856765233
2.75,39.478190689795035
2.755,39.638063067545616
2.76,39.754651748748984
2.765,39.78707527386639
2.77,39.836001693480185
2.775,39.83902604200224
2.78,39.93953192155311
2.785,39.95515572847922
2.79,40.001198087879416
2.795,40.06767252645312
2.8,40.21408445719334
2.805,40.1457827541461
2.81,40.23203976099467
2.815,40.125058315764946
2.82,40.19921867384829
2.825,40.331714288191264
2.83,40.331110134805336
2.835,40.50060256734898
2.84,40.69787338581621
2.845,40.56038298318164
2.85,40.75157725710006
2.855,40.85495783507445
2.86,40.89598815107814
2.865,40.84899511400725
2.87,40.942726382558824
2.875,41.11789095682578
2.88,41.22100624262498
2.885,41.27273402353132
2.89,41.429154204599556
2.895,41.452864091287296
2.9,41.509076997870245
2.905,41.54298842578568
2.91,41.43789520394024
2.915,41.61263919317116
2.92,41.72857640884267
2.925,41.77306491197257
2.93,41.83246581500761
2.935,41.930713411493954
2.94,42.08099505566342
2.945,42.15443986643034
2.95,42.15553333181074
2.955,42.207458092991004
2.96,42.24899128724239
2.965,42.240050125391996
2.97,42.378659204189645
2.975,42.40640929534001
2.98,42.37956085924858
2.985,42.309890006665576
2.99,42.363921188663326
2.995,42.41959145716239
3.0,42.36872795511673
3.005,42.43102916590192
3.01,42.44281294960906
3.015,42.440635336837765
3.02,42.47509282794722
3.025,42.44030573546096
3.03,42.56218625811742
3.035,42.47676877992313
3.04,42.561792375320124
3.045,42.57191346177533
3.05,42.694621168728666
3.055,42.7416699297989
3.06,42.697069567305654
3.065,42.78172203333543
3.07,42.857913071551536
3.075,42.923299515913044
3.08,43.13439534188765
3.085,43.261478219316594
3.09,43.1948182847589
3.095,43.38193601756936
3.1,43.49058013899235
3.105,43.45159405198851
3.11,43.50192047810649
3.115,43.41277624221826
3.12,43.453706397738124
3.125,43.59899874847576
3.13,43.59983922912692
3.135,43.594191315578875
3.14,43.5836655926493
3.145,43.67443105612486
3.15,43.78385660639705
3.155,43.82001291990203
3.16,43.91646035300713
3.165,44.01592455277753
3.17,43.91592979313774
3.175,43.87034936288636
3.18,44.02827873110575
3.185,43.978632044678925
3.19,44.07991650632534
3.195,43.980737669793356
3.2,44.00747290899771
3.205,44.105484841402756
3.21,44.106080879726804
3.215,44.138187766201526
3.22,44.12629947568747
3.225,44.244073656019026
3.23,44.323427666524594
3.235,44.45445966352749
3.24,44.32234522364453
3.245,44.252627608418024
3.25,44.17510579100196
3.255,44.197951633561104
3.26,44.25182727483843
3.265,44.215324626655416
3.27,44.08120107394279
3.275,44.12744365012685
3.28,44.28729622119235
3.285,44.255820397572144
3.29,44.35043098463214
3.295,44.400621774177566
3.3,44.32307076372301
3.305,44.44652142719964
3.31,44.693218093199086
3.315,44.75362111621609
3.32,44.85724926879147
3.325,44.89967320610439
3.33,44.97510855409024
3.335,45.13815697374986
3.34,45.144693530366894
3.345,45.326561663043066
3.35,45.357283627969935
3.355,45.46632835977084
3.36,45.412552227368806
3.365,45.444256599045985
3.37,45.5557093111187
3.375,45.52226075280141
3.38,45.487013998570646
3.385,45.47527144028953
3.39,45.40394306618051
3.395,45.2902128371087
3.4,45.35918356193897
3.405,45.247704287077
3.41,45.42695072726889
3.415,45.48314993182646
3.42,45.5914497732361
3.425,45.58136459664219
3.43,45.626260383093076
3.435,45.689646402016905
3.44,45.71125334114684
3.445,45.609213318593405
3.45,45.78418095722196
3.455,45.73904545461345
3.46,45.6267447633563
3.465,45.77833560846
3.47,45.90139148037119
3.475,46.017365222578135
3.48,46.0508349804156
3.485,46.00735926680077
3.49,45.94997722838382
3.495,45.92075621159895
3.5,45.89842799971249
3.505,45.84744306133035
3.51,45.78978076073514
3.515,45.725013803189036
3.52,45.73479308804974
3.525,45.766190483541365
3.53,45.87800012985326
3.535,45.80242737515049
3.54,45.70978345335787
3.545,45.78452385519542
3.55,45.78929583587934
3.555,45.8322699662829
3.56,45.825077949407785
3.565,45.99008043778862
3.57,45.88346636764136
3.575,45.94060937688711
3.58,46.05554327720859
3.585,46.15244055307219
3.59,46.053296169283996
3.595,46.02751630698231
3.6,46.07978668537502
3.605,45.99973599709264
3.61,46.09233587165903
3.615,46.25799754553695
3.62,46.08529806425985
3.625,46.23235179132007
3.63,46.27758594911461
3.635,46.29236775213987
3.64,46.3094884254089
3.645,46.452346456500266
3.65,46.41114095998028
3.655,46.55737206054724
3.66,46.5813690311032
3.665,46.52812592933966
3.67,46.55356764778429
3.675,46.582976090814796
3.68,46.61875496559996
3.685,46.6011327276075
3.69,46.54966580505146
3.695,46.72573023553383
3.7,46.827879625276516
3.705,46.89771258928914
3.71,46.95855839050583
3.715,46.93171690476659
3.72,46.89060301054829
3.725,46.816348603818525
3.73,46.82624306753917
3.735,46.72031023419951
3.74,46.67249197531076
3.745,46.741783460394025
3.75,46.84906232204241
3.755,46.88404422090413
3.76,46.94700824885934
3.765,46.95912585311699
3.77,47.01798160403449
3.775,47.13553994314604
3.78,47.09300163257156
3.785,46.99798406108539
3.79,47.01652389541286
3.795,47.07753371590339
3.8,47.121345955975684
3.805,47.15932706772672
3.81,47.18651321285999
3.815,47.21781455199002
3.82,47.16881036914282
3.825,47.205156092621166
3.83,47.180713341482374
3.835,47.15840764290152
3.84,47.16631464803443
3.845,47.25026084241323
3.85,47.11656332242059
3.855,47.05650480785559
3.86,47.21468612854536
3.865,47.22163743847106
3.87,47.32601478568294
3.875,47.41081476213108
3.88,47.393262699297054
3.885,47.32347778848795
3.89,47.34906782606605
3.895,47.25086885581171
3.9,47.29358247245473
3.905,47.38142478156659
3.91,47.57484243427121
3.915,47.604733324453626
3.92,47.68851193946861
3.925,47.74692680206077
3.93,47.799719756614365
3.935,47.781283515697076
3.94,47.88990708907889
3.945,47.929879227556455
3.95,47.81491123777589
3.955,47.95211103500236
3.96,48.10784106959299
3.965,48.1812044546012
3.97,48.34836778914475
3.975,48.42870962371201
3.98,48.36412146244686
3.985,48.396511726115655
3.99,48.37238881790442
3.995,48.3140643525021
4.0,48.38746244640035
4.005,48.24778137593596
4.01,48.11679047671604
4.015,48.07681323356684
4.02,48.175679652448665
4.025,48.1190048383784
4.03,48.18897254486818
4.035,48.186775769081905
4.04,48.178538165304076
4.045,48.152858894072594
4.05,47.991989861628404
4.055,48.058518846205345
4.06,48.10107946928899
4.065,48.16680156818067
4.07,48.12695935991441
4.075,48.11478235054187
4.08,48.19639219987016
4.085,48.30068136490909
4.09,48.390292702674756
4.095,48.255585264439134
4.1,48.299719756614365
4.105,48.38241680874624
4.11,48.279557528787635
4.115,48.341923987142295
4.12,48.34793972317517
4.125,48.479149105650826
4.13,48.581021833928624
4.135,48.493804322381024
4.14,48.603952426861795
4.145,48.67111996052073
4.15,48.760055020736836
4.155,48.84065563940176
4.16,48.92062803293393
4.165,48.94935607488428
4.17,48.86659021426837
4.175,48.905799365329585
4.18,49.08577091898425
4.185,48.981573902408385
4.19,48.98674706268619
4.195,49.00848545591378
4.2,48.991088358293595
4.205,49.09084836287118
4.21,49.05982675086678
4.215,48.91709572734439
4.22,49.019771628102205
4.225,49.000686086996375
4.23,49.062047334891744
4.235,48.99583393597533
4.24,48.96581029597301
4.245,48.922717421277916
4.25,48.927939897646176
4.255,48.84234946361675
4.26,48.790906278518776
4.265,48.86651536284559
4.27,48.87730073858474
4.275,48.82369053579063
4.28,48.83852785302837
4.285,48.78241495588072
4.29,48.80493491857811
4.295,48.781819559402656
4.3,48.73026717804942
4.305,48.81175601820584
4.31,48.874854884291224
4.315,48.842433773540336
4.32,48.81539290004797
4.325,48.85088588182026
4.33,48.93115039592345
4.335,48.97184976998773
4.34,48.98658893055965
4.345,49.05584032414297
4.35,49.02762206318187
4.355,49.04557359698069
4.36,49.06621230370289
4.365,49.05399570220499
4.37,49.15630602935483
4.375,49.37281909223976
4.38,49.289458809109206
4.385,49.12597609062401
4.39,49.13515531850207
4.395,48.99071830819784
4.4,48.80769871032797
4.405,48.85244410847357
4.41,48.81945455585697
4.415,48.84866463679201
4.42,48.90121956401869
4.425,48.90477795365045
4.43,49.092659226816465
4.435,49.16548040709804
4.44,49.110282429559504
4.445,49.2054017135369
4.45,49.21356441950927
4.455,49.3264712257388
4.46,49.18718450547834
4.465,49.113769672609195
4.47,49.03737306274562
4.475,49.19049129760883
4.48,49.254662543211616
4.485,49.25033892784319
4.49,49.32666821705435
4.495,49.42136656858828
4.5,49.415271340836874
4.505,49.41934738336521
4.51,49.4492857322371
4.515,49.55435937294336
4.52,49.55892507621857
4.525,49.545134541614544
4.53,49.55717940605607
4.535,49.52439161778707
4.54,49.54125711795005
4.545,49.52643305303848
4.55,49.4784144649021
4.555,49.45161038031448
4.56,49.494170811994096
4.565,49.394159059780925
4.57,49.36382715458464
4.575,49.35454394404172
4.58,49.3453390318754
4.585,49.46996126765846
4.59,49.45677978751827
4.595,49.46996126765846
4.6,49.40664699867627
4.605,49.41874653419635
4.61,49.521235057352385
4.615,49.58245807732248
4.62,49.5392642095791
4.625,49.55258438566091
4.63,49.49364032349494
4.635,49.42453982576879
4.64,49.450478694239976
4.645,49.51074373439737
4.65,49.37359190265468
4.655,49.36157533339224
4.66,49.37283279467719
4.665,49.34611086174969
4.67,49.29701711826272
4.675,49.34049158151869
4.68,49.28205359413674
4.685,49.32773768888289
4.69,49.34659067783772
4.695,49.381313620254176
4.7,49.50406418790189
4.705,49.443729304650894
4.71,49.331372684695246
4.715,49.29896310636181
4.72,49.22192348118453
4.725,49.163168671869926
4.73,49.118070802890514
4.735,49.03221177961674
4.74,49.14077905831911
4.745,49.23659630520659
4.75,49.32591903029481
4.755,49.35219433908691
4.76,49.45700813614959
4.765,49.47597220649363
4.77,49.41623094615103
4.775,49.40552815386343
4.78,49.45468003930035
4.785,49.43544233519617
4.79,49.498958669200064
4.795,49.53753064057752
4.8,49.609547082922035
4.805,49.697817573572934
4.81,49.79484080488592
4.815,49.71236506378118
4.82,49.85759134387507
4.825,49.92923106549572
4.83,49.88638063836586
4.835,49.98767584817891
4.84,50.01058387618229
4.845,49.97165968699791
4.85,50.01113512335591
4.855,49.91778815873646
4.86,50.02697616004292
4.865,49.94012802334246
4.87,50.04495837767384
4.875,50.07342929087176
4.88,50.13710072156349
4.885,49.98654105880828
4.89,50.04878718072597
4.895,49.97256025970796
4.9,50.0125497348355
4.905,49.87815353016516
4.91,49.87280212542283
4.915,49.87540500404212
4.92,49.76002120142931
4.925,49.65217423281495
4.93,49.53815504943108
4.935,49.44856495272781
4.94,49.56202831387525
4.945,49.48758629044251
4.95,49.46756332178824
4.955,49.43221813788773
4.96,49.49817876192979
4.965,49.44941934412938
4.97,49.5471306915248
4.975,49.41400125821339
4.98,49.29451265323172
4.985,49.267837717140196
4.99,49.28538347304499
4.995,49.26040845657876
5.0,49.24109236057969
5.005,49.35646480231555
5.01,49.2979832181738
5.015,49.49260755803515
5.02,49.53458612201388
5.025,49.571858870534065
5.03,49.5578029868615
5.035,49.68332433278833
5.04,49.67662961234245
5.045,49.639459659367304
5.05,49.65490604175723
5.055,49.72018974125094
5.06,49.66773450079234
5.065,49.551451233523494
5.07,49.62903376435739
5.075,49.52725482244038
5.08,49.497750702849956
5.085,49.49039845411727
5.09,49.49871909556675
5.095,49.35379739632763
5.1,49.279092227803204
5.105,49.363667611120285
5.11,49.34601259375119
5.115,49.35600198103877
5.12,49.37024416346836
5.125,49.37122892641761
5.13,49.449031723153524
5.135,49.49316175426983
5.14,49.52827729711247
5.145,49.54731174160441
5.15,49.59336076497678
5.155,49.54973498481389
5.16,49.44726174904659
5.165,49.43192185097007
5.17,49.50456933800742
5.175,49.45487000413509
5.18,49.5432020540603
5.185,49.50733429046637
5.19,49.614139630788394
5.195,49.50815838862785
5.2,49.506505389953944
5.205,49.493059029620305
5.21,49.548787180725974
5.215,49.54390744951205
5.22,49.56367279270503
5.225,49.5020823065156
5.23,49.45330187198721
5.235,49.416086882961245
5.24,49.38994677085994
5.245,49.32949327628522
5.25,49.33371142665794
5.255,49.25412097515798
5.26,49.28655423639653
5.265,49.357318373435135
5.27,49.273645565083385
5.275,49.32733145419817
5.28,49.4184517896646
5.285,49.44138402823045
5.29,49.41338704591613
5.295,49.31738136470017
5.3,49.303357288741616
5.305,49.33196002257876
5.31,49.321774758794675
5.315,49.29528619520633
5.32,49.284881620975575
5.325,49.30892435728827
5.33,49.389863637013804
5.335,49.21316397509615
5.34,49.34886192019822
5.345,49.335196886201054
5.35,49.43720697629125
5.355,49.44864502226767
5.36,49.56228749067691
5.365,49.50728597093915
5.37,49.488413616339365
5.375,49.6067960343583
5.38,49.53546794070996
5.385,49.59700241039634
5.39,49.72414626020566
5.395,49.71205133969125
5.4,49.68064699080861
5.405,49.732617949882695
5.41,49.70854495501949
5.415,49.708471621080186
5.42,49.657988890455755
5.425,49.73495515307813
5.43,49.71971870882998
5.435,49.69401247722402
5.44,49.78312797279853
5.445,49.77167495805775
5.45,49.716558950663625
5.455,49.56059072956967
5.46,49.54242423593357
5.465,49.587814434205434
5.47,49.55748436675161
5.475,49.445848665497465
5.48,49.44678860881845
5.485,49.41851675656533
5.49,49.36
5.495,49.337328388997356
5.5,49.351526880513546
5.505,49.33003164560483
5.51,49.371858870534076
5.515,49.3724561674686
5.52,49.3257275318978
5.525,49.369322711302125
5.53,49.35538971904846
5.535,49.35580204336311
5.54,49.39037129200346
5.545,49.40523097533981
5.55,49.4538709271982
5.555,49.51951705373712
5.56,49.54109379248516
5.565,49.49170577693883
5.57,49.55079789491618
5.575,49.56059491338251
5.58,49.580389248107366
5.585,49.56907004472478
5.59,49.61254973483549
5.595,49.60328650145509
5.6,49.593890994340526
5.605,49.63422732592812
5.61,49.7490283019151
5.615,49.91962491651407
5.62,50.02795969350073
5.625,50.07201359004051
5.63,50.1152446153245
5.635,50.16144081177923
5.64,50.11001771794167
5.645,50.01691147880688
5.65,49.965498596844284
5.655,50.06872098787428
5.66,49.964181921590594
5.665,50.006217955800786
5.67,49.9538604821718
5.675,49.879521134834924
5.68,49.81649339071509
5.685,49.847867341821186
5.69,49.904035659177026
5.695,49.84833343078782
5.7,49.91364287160649
5.705,49.889302261109385
5.71,49.89561470985157
5.715,49.945214989337316
5.72,49.880646990808614
5.725,49.87210375002693
5.73,49.88546848102992
5.735,49.75039986411505
5.74,49.720678941335265
5.745,49.77990812750673
5.75,49.65655849305843
5.755,49.62504703593228
5.76,49.59683796290878
5.765,49.62504703593228
5.77,49.59738507575581
5.775,49.60173306120387
5.78,49.51828826426673
5.785,49.44687534869449
5.79,49.378587802935115
5.795,49.357886279993316
5.8,49.50772616264542
5.805,49.480476876420326
5.81,49.294692706143444
5.815,49.24729266606306
5.82,49.254313203533826
5.825,49.314372559574494
5.83,49.42630141813824
5.835,49.477756452813765
5.84,49.56400629650972
5.845,49.495357912463454
5.85,49.60694121638736
5.855,49.685699162409264
5.86,49.6784862221579
5.865,49.675420375994165
5.87,49.753958741021634
5.875,49.752562069406345
5.88,49.770723888559836
5.885,49.786976985099685
5.89,49.78800084614302
5.895,49.81933523486255
5.9,49.70106386992266
5.905,49.72303947467638
5.91,49.82980482746956
5.915,49.74805766238194
5.92,49.7555459671564
5.925,49.78905187851329
5.93,49.70905120469838
5.935,49.746637475375415
5.94,49.700078069769155
5.945,49.833720348971504
5.95,49.818453985466704
5.955,49.83573105941615
5.96,49.91891723893742
5.965,49.997570829832895
5.97,50.047082163506346
5.975,50.03747725668671
5.98,49.96362467059243
5.985,50.0056349208568
5.99,49.92236434686437
5.995,49.891852626401715
6.0,50.023765453154034
6.005,49.971284364869575
6.01,50.0216129944513
6.015,50.01266108676163
6.02,49.961960918949686
6.025,49.89590038132933
6.03,49.78029536171725
6.035,49.72754957703006
6.04,49.71979563219754
6.045,49.65182568266657
6.05,49.595304881334485
6.055,49.65956951959468
6.06,49.812972043570426
6.065,49.77581572011991
6.07,49.814796441361864
6.075,49.803037675386605
6.08,49.752523225996796
6.085,49.70230244707848
6.09,49.656064151622004
6.095,49.79248786836588
6.1,49.724316594957415
6.105,49.6838995514201
6.11,49.67598514782894
6.115,49.70097684308582
6.12,49.64156499821823
6.125,49.64533807918151
6.13,49.56692151573066
6.135,49.62917719457313
6.14,49.583884362780765
6.145,49.64938812497871
6.15,49.672417748965266
6.155,49.687681399574515
6.16,49.720105116014345
6.165,49.87892635623547
6.17,49.92028129673445
6.175,50.00908805745208
6.18,50.09140610017944
6.185,49.89296730354249
6.19,49.863778591213176
6.195,49.83742799912574
6.2,49.92905048709092
6.205,49.85642901792412
6.21,49.910857868905424
6.215,49.97462504884398
6.22,49.97640384105638
6.225,49.92082039155029
6.23,49.88259387732154
6.235,49.72282514058684
6.24,49.67440477440189
6.245,49.6599858557355
6.25,49.6303851642527
6.255,49.571550830556255
6.26,49.58824354453995
6.265,49.605913542078504
6.27,49.68801786981702
6.275,49.63159795563922
6.28,49.62190319394681
6.285,49.579301015997814
6.29,49.59956522412794
6.295,49.61322560244159
6.3,49.47753417013284
6.305,49.52896075285838
6.31,49.516814965799675
6.315,49.48039314347969
6.32,49.37919575255566
6.325,49.42764244516589
6.33,49.47680492897571
6.335,49.438290702339685
6.34,49.51584283162932
6.345,49.65935990077265
6.35,49.677943008257685
6.355,49.67056112633533
6.36,49.63159051214184
6.365,49.66831211261421
6.37,49.547638299491126
6.375,49.553360764976766
6.38,49.60535739949645
6.385,49.64735693509526
6.39,49.61736420308924
6.395,49.623601584616345
6.4,49.56523704815621
6.405,49.486883686275874
6.41,49.612681719225435
6.415,49.71926968164905
6.42,49.809806747622865
6.425,50.02865242139225
6.43,49.93940099925306
6.435,49.93631403906454
6.44,49.96042313748397
6.445,49.886207282452595
6.45,49.84468628838512
6.455,49.92888223028421
6.46,49.9626939323835
6.465,49.89839866776744
6.47,49.81664804691832
6.475,49.855830982918874
6.48,49.862550089136555
6.485,49.76789395707116
6.49,49.735859484813474
6.495,49.712858955029255
6.5,49.66974822919818
6.505,49.57122606621316
6.51,49.603153762294625
6.515,49.55886206596351
6.52,49.47159228848874
6.525,49.475029286505425
6.53,49.506302977508014
6.535,49.53646307864102
6.54,49.480392022583096
6.545,49.45827645906672
6.55,49.45471609400508
6.555,49.37065791012965
6.56,49.401586491393594
6.565,49.39178582705723
6.57,49.32605504468056
6.575,49.34867027546693
6.58,49.31598493677089
6.585,49.17794922933735
6.59,49.10194359638046
6.595,49.17765644503728
6.6,49.122207412089004
6.605,49.15282452083338
6.61,49.19443446098448
6.615,49.366428516933446
6.62,49.4240873029867
6.625,49.39982206518366
6.63,49.41407242477395
6.635,49.48071024518637
6.64,49.471297145792015
6.645,49.40054055093155
6.65,49.45117839308599
6.655,49.4357068286487
6.66,49.50177316113832
6.665,49.55925162366597
6.67,49.541242070359786
6.675,49.4778416368907
6.68,49.50862966989393
6.685,49.536619823727555
6.69,49.45032932395376
6.695,49.43580204336312
6.7,49.50972065339585
6.705,49.52446938689018
6.71,49.48757778092896
6.715,49.48757778092896
6.72,49.56253374805501
6.725,49.60166912255906
6.73,49.55020155730641
6.735,49.64482767867425
6.74,49.689932909763456
6.745,49.723917266936496
6.75,49.72784420068704
6.755,49.738547324057386
6.76,49.80852948839137
6.765,49.710570933544865
6.77,49.75843536444113
6.775,49.60111115508069
6.78,49.501639556002274
6.785,49.49518128874657
6.79,49.535357651992754
6.795,49.574979674811345
6.8,49.65897385183935
6.805,49.621517371292015
6.81,49.60818161393107
6.815,49.46946756993942
6.82,49.53913844428949
6.825,49.50642146706269
6.83,49.43381287905997
6.835,49.388326384812814
6.84,49.37034179410935
6.845,49.28915550223238
6.85,49.200880709362536
6.855,49.34455526551831
6.86,49.35511845436521
6.865,49.348204968670146
6.87,49.479678345370324
6.875,49.45471609400508
6.88,49.48488357673495
6.885,49.65221648626991
6.89,49.74725204082552
6.895,49.707868489086785
6.9,49.64726683785372
6.905,49.49964539452997
6.91,49.60031250346798
6.915,49.61865868698086
6.92,49.66168804430828
6.925,49.585822730318284
6.93,49.60638442414439
6.935,49.50461068292188
6.94,49.539985815609974
6.945,49.54363490517063
6.95,49.58418914064137
6.955,49.47752679364811
6.96,49.496975414523746
6.965,49.41051675933856
6.97,49.435431962472094
6.975,49.404965413309554
6.98,49.45812202433709
6.985,49.478549260603145
6.99,49.4534551604715
6.995,49.59720760921884
7.0,49.7063637815209
7.005,49.6593193145029
7.01,49.6593193145029
7.015,49.59049648755281
7.02,49.49232765556269
7.025,49.505282672768715
7.03,49.628674036710706
7.035,49.53541267910202
7.04,49.55869078959773
7.045,49.480848681763106
7.05,49.492514327286386
7.055,49.407961413937784
7.06,49.4954232727617
7.065,49.46007052203714
7.07,49.30926960245167
7.075,49.32545495272728
7.08,49.29612728865821
7.085,49.349422407286085
7.09,49.27990812750673
7.095,49.341528156903465
7.1,49.30987526783885
7.105,49.391373105756756
7.11,49.35962857635555
7.115,49.335956204448195
7.12,49.21906879896617
7.125,49.153995547896734
7.13,49.254652856853546
7.135,49.29597330273836
7.14,49.39927182877554
7.145,49.48920940884601
7.15,49.548045493883876
7.155,49.522680374078
7.16,49.565094458759354
7.165,49.47979856261068
7.17,49.282667401690574
7.175,49.20937097036945
7.18,49.18777515995375
7.185,49.16840541910325
7.19,49.126495028333075
7.195,49.137099870517716
7.2,49.03984924704689
7.205,49.03225466249114
7.21,49.051208804204
7.215,49.07761310742853
7.22,49.10700963260377
7.225,49.207708222820756
7.23,49.27066214883469
7.235,49.241877356333575
7.24,49.08295825913389
7.245,49.02468940553057
7.25,48.90196008018292
7.255,48.85927144752817
7.26,48.94977596195565
7.265,48.93030163559205
7.27,48.83375939306672
7.275,48.832336609521484
7.28,48.74890595855049
7.285,48.69585948481347
7.29,48.78654191553463
7.295,48.8983871900056
7.3,48.849017891590606
7.305,48.917265223611174
7.31,48.8016810123149
7.315,48.9859871323588
7.32,49.066145401340314
7.325,49.08796690712399
7.33,49.136454797185536
7.335,49.14969323321953
7.34,49.257901215720686
7.345,49.27837713088958
7.35,49.26424177278852
7.355,49.26421749777773
7.36,49.12235815201992
7.365,49.139362620618
7.37,49.147154787216
7.375,49.12732863185448
7.38,49.05401260981011
7.385,49.0886740367107
7.39,48.95648768896349
7.395,48.997703366591
7.4,49.01873764516098
7.405,49.04183887487485
7.41,49.09770336659099
7.415,49.10980537996734
7.42,49.11035689496021
7.425,49.18216671470193
7.43,49.15827596665344
7.435,49.304478628525345
7.44,49.23732280981543
7.445,49.28287255651309
7.45,49.23695807230014
7.455,49.27080466083904
7.46,49.2464596530962
7.465,49.193248263736564
7.47,49.2244965062524
7.475,49.224537239696076
7.48,49.0989510874202
7.485,49.108691615906096
7.49,49.08618251649862
7.495,49.063031047040724
7.5,49.01134527637207
7.505,48.93115281461043
7.51,48.97878771792669
7.515,49.03076088986513
7.52,49.136181309824615
7.525,48.92353846897288
7.53,49.0904230831818
7.535,48.88497293051809
7.54,48.880329828378486
7.545,48.929538739885956
7.55,48.892907274568195
7.555,48.90316936777789
7.56,48.83886863246635
7.565,48.934734119715415
7.57,48.98371196704129
7.575,48.88649762505716
7.58,48.93192644600681
7.585,48.924170195884145
7.59,48.83290499085396
7.595,48.79842114009819
7.6,48.8792928041063
7.605,48.87575735502251
7.61,48.75288926265342
7.615,48.68322070525927
7.62,48.81714213716938
7.625,48.957903838310685
7.63,48.902957259893654
7.635,48.926611945070945
7.64,48.922050888165685
7.645,48.92742628957695
7.65,48.83929280410629
7.655,48.93709661578045
7.66,49.081926477029526
7.665,48.99606287184766
7.67,48.997122036688
7.675,48.98245250935697
7.68,49.013113416726625
7.685,49.05453231163409
7.69,49.07386223109322
7.695,49.137328388997354
7.7,49.13520279989826
7.705,49.20915250773912
7.71,49.2536803955043
7.715,49.319517053737115
7.72,49.30409312290588
7.725,49.299652239919695
7.73,49.18234604904132
7.735,49.15104052140215
7.74,49.213076438992786
7.745,49.15636926178227
7.75,49.283338453057006
7.755,49.36648625341897
7.76,49.335202799898255
7.765,49.433077530849715
7.77,49.36575616572094
7.775,49.426172174225435
7.78,49.44048572271166
7.785,49.443305172168564
7.79,49.47112896276912
7.795,49.39199658314392
7.8,49.35161449061226
7.805,49.283343277648726
7.81,49.27792821195344
7.815,49.28355346085545
7.82,49.35584589028036
7.825,49.321087309808384
7.83,49.2879722500633
7.835,49.20240708431428
7.84,49.23409573587455
7.845,49.257493061774326
7.85,49.27807484576935
7.855,49.348178998421226
7.86,49.313229764565556
7.865,49.41500804433553
7.87,49.49265426379356
7.875,49.507413909635375
7.88,49.539302677435614
7.885,49.47620195773831
7.89,49.57197070652133
7.895,49.50563959128371
7.9,49.42764915744654
7.905,49.22879414881486
7.91,49.20699099907054
7.915,49.324842343238046
7.92,49.244662652529804
7.925,49.21766374759437
7.93,49.28183597447092
7.935,49.3607086793925
7.94,49.44901789159061
7.945,49.47982930402337
7.95,49.357886279993316
7.955,49.392909584184274
7.96,49.46024805320802
7.965,49.47076734755383
7.97,49.3516738429494
7.975,49.211853934924946
7.98,49.21585151933515
7.985,49.24412401849679
7.99,49.21152258503042
7.995,49.325547295955616
8.0,49.3606889517973
8.005,49.4459065072015
