Time,Susceptible,Infected
0,97,3
0.005,97,3
0.01,97,3
0.015,97,3
0.02,97,3
0.025,97,3
0.03,96,4
0.035,96,4
0.04,96,4
0.045,96,4
0.05,95,5
0.055,95,5
0.06,95,5
0.065,95,5
0.07,95,5
0.075,95,5
0.08,95,5
0.085,95,5
0.09,95,5
0.095,95,5
0.1,95,5
0.105,95,5
0.11,95,5
0.115,95,5
0.12,95,5
0.125,95,5
0.13,94,6
0.135,94,6
0.14,94,6
0.145,94,6
0.15,94,6
0.155,94,6
0.16,94,6
0.165,93,7
0.17,93,7
0.175,93,7
0.18,93,7
0.185,93,7
0.19,93,7
0.195,93,7
0.2,93,7
0.205,93,7
0.21,93,7
0.215,93,7
0.22,93,7
0.225,93,7
0.23,93,7
0.235,93,7
0.24,93,7
0.245,93,7
0.25,93,7
0.255,93,7
0.26,93,7
0.265,93,7
0.27,92,8
0.275,92,8
0.28,92,8
0.285,92,8
0.29,92,8
0.295,92,8
0.3,92,8
0.305,92,8
0.31,92,8
0.315,92,8
0.32,92,8
0.325,92,8
0.33,92,8
0.335,92,8
0.34,92,8
0.345,92,8
0.35,92,8
0.355,92,8
0.36,92,8
0.365,92,8
0.37,92,8
0.375,92,8
0.38,92,8
0.385,92,8
0.39,92,8
0.395,92,8
0.4,92,8
0.405,92,8
0.41,92,8
0.415,92,8
0.42,92,8
0.425,91,9
0.43,91,9
0.435,91,9
0.44,91,9
0.445,91,9
0.45,90,10
0.455,89,11
0.46,88,12
0.465,88,12
0.47,88,12
0.475,88,12
0.48,88,12
0.485,88,12
0.49,88,12
0.495,88,12
0.5,88,12
0.505,88,12
0.51,88,12
0.515,88,12
0.52,88,12
0.525,87,13
0.53,86,14
0.535,86,14
0.54,86,14
0.545,85,15
0.55,85,15
0.555,85,15
0.56,85,15
0.565,85,15
0.57,85,15
0.575,85,15
0.58,85,15
0.585,85,15
0.59,85,15
0.595,85,15
0.6,85,15
0.605,85,15
0.61,85,15
0.615,85,15
0.62,85,15
0.625,85,15
0.63,86,14
0.635,86,14
0.64,86,14
0.645,86,14
0.65,88,12
0.655,88,12
0.66,88,12
0.665,88,12
0.67,88,12
0.675,88,12
0.68,88,12
0.685,88,12
0.69,88,12
0.695,88,12
0.7,88,12
0.705,88,12
0.71,88,12
0.715,88,12
0.72,88,12
0.725,88,12
0.73,88,12
0.735,88,12
0.74,88,12
0.745,86,14
0.75,87,13
0.755,87,13
0.76,87,13
0.765,88,12
0.77,88,12
0.775,88,12
0.78,88,12
0.785,87,13
0.79,87,13
0.795,87,13
0.8,87,13
0.805,87,13
0.81,87,13
0.815,87,13
0.82,87,13
0.825,87,13
0.83,87,13
0.835,87,13
0.84,87,13
0.845,88,12
0.85,88,12
0.855,88,12
0.86,88,12
0.865,88,12
0.87,87,13
0.875,87,13
0.88,86,14
0.885,86,14
0.89,86,14
0.895,86,14
0.9,86,14
0.905,86,14
0.91,86,14
0.915,86,14
0.92,86,14
0.925,86,14
0.93,86,14
0.935,85,15
0.94,85,15
0.945,85,15
0.95,86,14
0.955,86,14
0.96,85,15
0.965,85,15
0.97,85,15
0.975,85,15
0.98,85,15
0.985,85,15
0.99,85,15
0.995,85,15
1,85,15
1.005,84,16
1.01,84,16
1.015,84,16
1.02,84,16
1.025,84,16
1.03,85,15
1.035,84,16
1.04,84,16
1.045,84,16
1.05,84,16
1.055,84,16
1.06,84,16
1.065,84,16
1.07,84,16
1.075,84,16
1.08,84,16
1.085,84,16
1.09,84,16
1.095,84,16
1.1,84,16
1.105,84,16
1.11,84,16
1.115,84,16
1.12,84,16
1.125,84,16
1.13,84,16
1.135,83,17
1.14,83,17
1.145,82,18
1.15,82,18
1.155,82,18
1.16,81,19
1.165,81,19
1.17,80,20
1.175,80,20
1.18,80,20
1.185,80,20
1.19,80,20
1.195,79,21
1.2,78,22
1.205,77,23
1.21,76,24
1.215,76,24
1.22,76,24
1.225,76,24
1.23,76,24
1.235,74,26
1.24,74,26
1.245,74,26
1.25,75,25
1.255,75,25
1.26,75,25
1.265,75,25
1.27,75,25
1.275,75,25
1.28,75,25
1.285,75,25
1.29,76,24
1.295,77,23
1.3,76,24
1.305,76,24
1.31,76,24
1.315,76,24
1.32,75,25
1.325,75,25
1.33,75,25
1.335,74,26
1.34,74,26
1.345,74,26
1.35,73,27
1.355,72,28
1.36,71,29
1.365,71,29
1.37,71,29
1.375,71,29
1.38,70,30
1.385,70,30
1.39,70,30
1.395,69,31
1.4,68,32
1.405,67,33
1.41,67,33
1.415,67,33
1.42,67,33
1.425,68,32
1.43,67,33
1.435,67,33
1.44,67,33
1.445,67,33
1.45,67,33
1.455,66,34
1.46,66,34
1.465,66,34
1.47,64,36
1.475,64,36
1.48,64,36
1.485,64,36
1.49,64,36
1.495,64,36
1.5,64,36
1.505,64,36
1.51,64,36
1.515,64,36
1.52,64,36
1.525,65,35
1.53,65,35
1.535,65,35
1.54,65,35
1.545,66,34
1.55,66,34
1.555,66,34
1.56,66,34
1.565,66,34
1.57,65,35
1.575,64,36
1.58,64,36
1.585,64,36
1.59,64,36
1.595,64,36
1.6,64,36
1.605,64,36
1.61,64,36
1.615,63,37
1.62,62,38
1.625,62,38
1.63,61,39
1.635,61,39
1.64,60,40
1.645,60,40
1.65,60,40
1.655,60,40
1.66,59,41
1.665,60,40
1.67,60,40
1.675,60,40
1.68,60,40
1.685,60,40
1.69,61,39
1.695,60,40
1.7,60,40
1.705,60,40
1.71,63,37
1.715,63,37
1.72,63,37
1.725,63,37
1.73,60,40
1.735,60,40
1.74,58,42
1.745,58,42
1.75,58,42
1.755,61,39
1.76,61,39
1.765,61,39
1.77,61,39
1.775,61,39
1.78,60,40
1.785,60,40
1.79,60,40
1.795,58,42
1.8,58,42
1.805,58,42
1.81,58,42
1.815,58,42
1.82,57,43
1.825,57,43
1.83,58,42
1.835,58,42
1.84,57,43
1.845,56,44
1.85,56,44
1.855,56,44
1.86,56,44
1.865,56,44
1.87,56,44
1.875,55,45
1.88,55,45
1.885,55,45
1.89,56,44
1.895,56,44
1.9,56,44
1.905,56,44
1.91,55,45
1.915,55,45
1.92,55,45
1.925,55,45
1.93,55,45
1.935,55,45
1.94,53,47
1.945,52,48
1.95,52,48
1.955,51,49
1.96,52,48
1.965,52,48
1.97,52,48
1.975,52,48
1.98,51,49
1.985,51,49
1.99,50,50
1.995,50,50
2,49,51
2.005,49,51
2.01,48,52
2.015,49,51
2.02,50,50
2.025,50,50
2.03,50,50
2.035,49,51
2.04,48,52
2.045,47,53
2.05,46,54
2.055,46,54
2.06,46,54
2.065,47,53
2.07,47,53
2.075,47,53
2.08,48,52
2.085,49,51
2.09,49,51
2.095,49,51
2.1,50,50
2.105,51,49
2.11,51,49
2.115,51,49
2.12,52,48
2.125,53,47
2.13,53,47
2.135,55,45
2.14,55,45
2.145,54,46
2.15,54,46
2.155,53,47
2.16,53,47
2.165,53,47
2.17,54,46
2.175,54,46
2.18,54,46
2.185,54,46
2.19,54,46
2.195,54,46
2.2,53,47
2.205,53,47
2.21,53,47
2.215,53,47
2.22,53,47
2.225,53,47
2.23,53,47
2.235,53,47
2.24,53,47
2.245,53,47
2.25,51,49
2.255,51,49
2.26,51,49
2.265,51,49
2.27,52,48
2.275,51,49
2.28,51,49
2.285,51,49
2.29,52,48
2.295,52,48
2.3,53,47
2.305,54,46
2.31,54,46
2.315,54,46
2.32,54,46
2.325,54,46
2.33,54,46
2.335,54,46
2.34,54,46
2.345,54,46
2.35,54,46
2.355,53,47
2.36,53,47
2.365,52,48
2.37,52,48
2.375,51,49
2.38,51,49
2.385,51,49
2.39,51,49
2.395,51,49
2.4,51,49
2.405,50,50
2.41,50,50
2.415,50,50
2.42,51,49
2.425,50,50
2.43,50,50
2.435,50,50
2.44,50,50
2.445,50,50
2.45,50,50
2.455,49,51
2.46,49,51
2.465,48,52
2.47,47,53
2.475,47,53
2.48,47,53
2.485,46,54
2.49,46,54
2.495,46,54
2.5,47,53
2.505,47,53
2.51,47,53
2.515,47,53
2.52,47,53
2.525,47,53
2.53,48,52
2.535,47,53
2.54,48,52
2.545,49,51
2.55,49,51
2.555,47,53
2.56,47,53
2.565,47,53
2.57,47,53
2.575,46,54
2.58,46,54
2.585,46,54
2.59,47,53
2.595,46,54
2.6,47,53
2.605,47,53
2.61,46,54
2.615,46,54
2.62,46,54
2.625,46,54
2.63,47,53
2.635,47,53
2.64,47,53
2.645,47,53
2.65,47,53
2.655,47,53
2.66,47,53
2.665,47,53
2.67,47,53
2.675,47,53
2.68,48,52
2.685,47,53
2.69,47,53
2.695,46,54
2.7,45,55
2.705,46,54
2.71,46,54
2.715,47,53
2.72,47,53
2.725,48,52
2.73,47,53
2.735,48,52
2.74,48,52
2.745,47,53
2.75,47,53
2.755,47,53
2.76,47,53
2.765,48,52
2.77,48,52
2.775,48,52
2.78,49,51
2.785,49,51
2.79,49,51
2.795,49,51
2.8,49,51
2.805,50,50
2.81,51,49
2.815,51,49
2.82,50,50
2.825,50,50
2.83,50,50
2.835,50,50
2.84,50,50
2.845,51,49
2.85,51,49
2.855,51,49
2.86,51,49
2.865,51,49
2.87,51,49
2.875,51,49
2.88,51,49
2.885,52,48
2.89,53,47
2.895,52,48
2.9,52,48
2.905,52,48
2.91,52,48
2.915,51,49
2.92,52,48
2.925,51,49
2.93,51,49
2.935,51,49
2.94,51,49
2.945,51,49
2.95,51,49
2.955,50,50
2.96,50,50
2.965,50,50
2.97,50,50
2.975,50,50
2.98,49,51
2.985,49,51
2.99,49,51
2.995,51,49
3,50,50
3.005,48,52
3.01,48,52
3.015,48,52
3.02,48,52
3.025,48,52
3.03,48,52
3.035,48,52
3.04,50,50
3.045,49,51
3.05,48,52
3.055,49,51
3.06,49,51
3.065,50,50
3.07,50,50
3.075,50,50
3.08,50,50
3.085,48,52
3.09,49,51
3.095,48,52
3.1,48,52
3.105,47,53
3.11,47,53
3.115,48,52
3.12,49,51
3.125,49,51
3.13,48,52
3.135,49,51
3.14,48,52
3.145,48,52
3.15,47,53
3.155,47,53
3.16,47,53
3.165,47,53
3.17,48,52
3.175,48,52
3.18,46,54
3.185,46,54
3.19,45,55
3.195,45,55
3.2,45,55
3.205,45,55
3.21,45,55
3.215,45,55
3.22,45,55
3.225,45,55
3.23,45,55
3.235,45,55
3.24,46,54
3.245,47,53
3.25,47,53
3.255,48,52
3.26,50,50
3.265,50,50
3.27,49,51
3.275,49,51
3.28,48,52
3.285,48,52
3.29,48,52
3.295,48,52
3.3,48,52
3.305,48,52
3.31,47,53
3.315,47,53
3.32,46,54
3.325,45,55
3.33,45,55
3.335,45,55
3.34,45,55
3.345,46,54
3.35,46,54
3.355,46,54
3.36,46,54
3.365,46,54
3.37,46,54
3.375,46,54
3.38,46,54
3.385,46,54
3.39,47,53
3.395,46,54
3.4,47,53
3.405,47,53
3.41,47,53
3.415,48,52
3.42,48,52
3.425,49,51
3.43,48,52
3.435,47,53
3.44,47,53
3.445,47,53
3.45,47,53
3.455,46,54
3.46,45,55
3.465,45,55
3.47,46,54
3.475,46,54
3.48,45,55
3.485,46,54
3.49,46,54
3.495,46,54
3.5,46,54
3.505,45,55
3.51,45,55
3.515,45,55
3.52,45,55
3.525,44,56
3.53,44,56
3.535,44,56
3.54,46,54
3.545,46,54
3.55,46,54
3.555,46,54
3.56,45,55
3.565,46,54
3.57,46,54
3.575,45,55
3.58,44,56
3.585,45,55
3.59,46,54
3.595,45,55
3.6,45,55
3.605,44,56
3.61,43,57
3.615,41,59
3.62,42,58
3.625,42,58
3.63,41,59
3.635,41,59
3.64,42,58
3.645,42,58
3.65,42,58
3.655,42,58
3.66,41,59
3.665,41,59
3.67,41,59
3.675,40,60
3.68,40,60
3.685,39,61
3.69,40,60
3.695,39,61
3.7,39,61
3.705,39,61
3.71,39,61
3.715,39,61
3.72,38,62
3.725,38,62
3.73,37,63
3.735,37,63
3.74,37,63
3.745,37,63
3.75,37,63
3.755,36,64
3.76,36,64
3.765,36,64
3.77,36,64
3.775,38,62
3.78,38,62
3.785,38,62
3.79,38,62
3.795,38,62
3.8,38,62
3.805,38,62
3.81,38,62
3.815,38,62
3.82,38,62
3.825,38,62
3.83,37,63
3.835,36,64
3.84,35,65
3.845,37,63
3.85,38,62
3.855,39,61
3.86,39,61
3.865,39,61
3.87,39,61
3.875,38,62
3.88,39,61
3.885,38,62
3.89,38,62
3.895,39,61
3.9,38,62
3.905,39,61
3.91,39,61
3.915,39,61
3.92,39,61
3.925,39,61
3.93,39,61
3.935,39,61
3.94,39,61
3.945,41,59
3.95,41,59
3.955,41,59
3.96,40,60
3.965,40,60
3.97,39,61
3.975,39,61
3.98,39,61
3.985,38,62
3.99,37,63
3.995,37,63
4,37,63
4.005,37,63
4.01,36,64
4.015,36,64
4.02,36,64
4.025,36,64
4.03,36,64
4.035,37,63
4.04,37,63
4.045,36,64
4.05,35,65
4.055,35,65
4.06,35,65
4.065,34,66
4.07,36,64
4.075,35,65
4.08,35,65
4.085,35,65
4.09,34,66
4.095,34,66
4.1,34,66
4.105,33,67
4.11,33,67
4.115,34,66
4.12,34,66
4.125,34,66
4.13,34,66
4.135,34,66
4.14,33,67
4.145,31,69
4.15,31,69
4.155,31,69
4.16,31,69
4.165,31,69
4.17,32,68
4.175,32,68
4.18,32,68
4.185,32,68
4.19,33,67
4.195,32,68
4.2,32,68
4.205,32,68
4.21,32,68
4.215,31,69
4.22,31,69
4.225,32,68
4.23,32,68
4.235,32,68
4.24,31,69
4.245,30,70
4.25,29,71
4.255,30,70
4.26,30,70
4.265,30,70
4.27,30,70
4.275,30,70
4.28,30,70
4.285,30,70
4.29,30,70
4.295,29,71
4.3,30,70
4.305,30,70
4.31,31,69
4.315,31,69
4.32,31,69
4.325,30,70
4.33,31,69
4.335,29,71
4.34,29,71
4.345,30,70
4.35,31,69
4.355,31,69
4.36,29,71
4.365,27,73
4.37,27,73
4.375,27,73
4.38,27,73
4.385,28,72
4.39,29,71
4.395,30,70
4.4,30,70
4.405,29,71
4.41,29,71
4.415,27,73
4.42,26,74
4.425,26,74
4.43,26,74
4.435,26,74
4.44,26,74
4.445,26,74
4.45,25,75
4.455,25,75
4.46,24,76
4.465,24,76
4.47,23,77
4.475,23,77
4.48,23,77
4.485,23,77
4.49,23,77
4.495,24,76
4.5,25,75
4.505,27,73
4.51,27,73
4.515,28,72
4.52,29,71
4.525,28,72
4.53,28,72
4.535,28,72
4.54,26,74
4.545,25,75
4.55,24,76
4.555,25,75
4.56,25,75
4.565,26,74
4.57,27,73
4.575,26,74
4.58,28,72
4.585,27,73
4.59,27,73
4.595,23,77
4.6,23,77
4.605,23,77
4.61,23,77
4.615,23,77
4.62,23,77
4.625,23,77
4.63,24,76
4.635,24,76
4.64,25,75
4.645,26,74
4.65,28,72
4.655,30,70
4.66,30,70
4.665,30,70
4.67,28,72
4.675,28,72
4.68,27,73
4.685,28,72
4.69,28,72
4.695,27,73
4.7,27,73
4.705,27,73
4.71,27,73
4.715,27,73
4.72,26,74
4.725,26,74
4.73,26,74
4.735,26,74
4.74,26,74
4.745,25,75
4.75,25,75
4.755,27,73
4.76,28,72
4.765,29,71
4.77,29,71
4.775,29,71
4.78,29,71
4.785,29,71
4.79,29,71
4.795,29,71
4.8,27,73
4.805,28,72
4.81,28,72
4.815,28,72
4.82,28,72
4.825,27,73
4.83,27,73
4.835,27,73
4.84,27,73
4.845,29,71
4.85,29,71
4.855,29,71
4.86,30,70
4.865,30,70
4.87,31,69
4.875,31,69
4.88,32,68
4.885,32,68
4.89,31,69
4.895,33,67
4.9,34,66
4.905,33,67
4.91,33,67
4.915,33,67
4.92,33,67
4.925,35,65
4.93,36,64
4.935,36,64
4.94,36,64
4.945,35,65
4.95,35,65
4.955,35,65
4.96,35,65
4.965,36,64
4.97,37,63
4.975,37,63
4.98,37,63
4.985,37,63
4.99,39,61
4.995,40,60
5,41,59
5.005,38,62
5.01,37,63
5.015,35,65
5.02,35,65
5.025,35,65
5.03,35,65
5.035,35,65
5.04,35,65
5.045,33,67
5.05,34,66
5.055,35,65
5.06,35,65
5.065,35,65
5.07,35,65
5.075,37,63
5.08,35,65
5.085,36,64
5.09,36,64
5.095,36,64
5.1,35,65
5.105,36,64
5.11,36,64
5.115,36,64
5.12,37,63
5.125,37,63
5.13,38,62
5.135,38,62
5.14,38,62
5.145,38,62
5.15,38,62
5.155,39,61
5.16,40,60
5.165,39,61
5.17,39,61
5.175,40,60
5.18,41,59
5.185,42,58
5.19,42,58
5.195,41,59
5.2,43,57
5.205,42,58
5.21,42,58
5.215,42,58
5.22,41,59
5.225,40,60
5.23,40,60
5.235,40,60
5.24,40,60
5.245,40,60
5.25,39,61
5.255,39,61
5.26,39,61
5.265,39,61
5.27,38,62
5.275,38,62
5.28,38,62
5.285,37,63
5.29,37,63
5.295,37,63
5.3,36,64
5.305,36,64
5.31,36,64
5.315,37,63
5.32,37,63
5.325,37,63
5.33,37,63
5.335,37,63
5.34,37,63
5.345,37,63
5.35,38,62
5.355,38,62
5.36,36,64
5.365,37,63
5.37,37,63
5.375,39,61
5.38,39,61
5.385,38,62
5.39,38,62
5.395,38,62
5.4,38,62
5.405,38,62
5.41,39,61
5.415,39,61
5.42,37,63
5.425,37,63
5.43,39,61
5.435,40,60
5.44,40,60
5.445,41,59
5.45,40,60
5.455,40,60
5.46,39,61
5.465,40,60
5.47,41,59
5.475,42,58
5.48,40,60
5.485,40,60
5.49,40,60
5.495,40,60
5.5,40,60
5.505,41,59
5.51,41,59
5.515,41,59
5.52,41,59
5.525,39,61
5.53,39,61
5.535,38,62
5.54,40,60
5.545,39,61
5.55,37,63
5.555,37,63
5.56,36,64
5.565,36,64
5.57,36,64
5.575,36,64
5.58,36,64
5.585,36,64
5.59,36,64
5.595,36,64
5.6,36,64
5.605,36,64
5.61,35,65
5.615,35,65
5.62,35,65
5.625,36,64
5.63,35,65
5.635,36,64
5.64,35,65
5.645,34,66
5.65,34,66
5.655,34,66
5.66,34,66
5.665,35,65
5.67,37,63
5.675,35,65
5.68,35,65
5.685,35,65
5.69,35,65
5.695,35,65
5.7,35,65
5.705,35,65
5.71,35,65
5.715,35,65
5.72,35,65
5.725,35,65
5.73,35,65
5.735,35,65
5.74,35,65
5.745,35,65
5.75,35,65
5.755,35,65
5.76,36,64
5.765,34,66
5.77,35,65
5.775,35,65
5.78,35,65
5.785,35,65
5.79,35,65
5.795,35,65
5.8,34,66
5.805,34,66
5.81,35,65
5.815,35,65
5.82,35,65
5.825,34,66
5.83,33,67
5.835,33,67
5.84,31,69
5.845,33,67
5.85,32,68
5.855,32,68
5.86,32,68
5.865,32,68
5.87,32,68
5.875,32,68
5.88,32,68
5.885,32,68
5.89,33,67
5.895,31,69
5.9,32,68
5.905,32,68
5.91,32,68
5.915,32,68
5.92,32,68
5.925,32,68
5.93,31,69
5.935,31,69
5.94,31,69
5.945,30,70
5.95,30,70
5.955,31,69
5.96,31,69
5.965,32,68
5.97,32,68
5.975,32,68
5.98,33,67
5.985,33,67
5.99,33,67
5.995,33,67
6,33,67
6.005,34,66
6.01,34,66
6.015,34,66
6.02,34,66
6.025,34,66
6.03,34,66
6.035,33,67
6.04,32,68
6.045,32,68
6.05,33,67
6.055,34,66
6.06,34,66
6.065,34,66
6.07,34,66
6.075,34,66
6.08,34,66
6.085,33,67
6.09,32,68
6.095,32,68
6.1,32,68
6.105,30,70
6.11,30,70
6.115,30,70
6.12,29,71
6.125,29,71
6.13,29,71
6.135,29,71
6.14,29,71
6.145,28,72
6.15,28,72
6.155,28,72
6.16,26,74
6.165,26,74
6.17,27,73
6.175,28,72
6.18,29,71
6.185,29,71
6.19,29,71
6.195,31,69
6.2,30,70
6.205,29,71
6.21,29,71
6.215,29,71
6.22,29,71
6.225,29,71
6.23,29,71
6.235,29,71
6.24,28,72
6.245,28,72
6.25,27,73
6.255,27,73
6.26,27,73
6.265,26,74
6.27,27,73
6.275,28,72
6.28,27,73
6.285,27,73
6.29,27,73
6.295,27,73
6.3,25,75
6.305,25,75
6.31,24,76
6.315,24,76
6.32,25,75
6.325,25,75
6.33,26,74
6.335,25,75
6.34,25,75
6.345,26,74
6.35,26,74
6.355,25,75
6.36,25,75
6.365,26,74
6.37,26,74
6.375,26,74
6.38,26,74
6.385,26,74
6.39,26,74
6.395,24,76
6.4,24,76
6.405,24,76
6.41,24,76
6.415,24,76
6.42,24,76
6.425,23,77
6.43,23,77
6.435,23,77
6.44,23,77
6.445,24,76
6.45,24,76
6.455,26,74
6.46,26,74
6.465,26,74
6.47,25,75
6.475,27,73
6.48,27,73
6.485,27,73
6.49,29,71
6.495,29,71
6.5,30,70
6.505,30,70
6.51,30,70
6.515,32,68
6.52,34,66
6.525,34,66
6.53,34,66
6.535,36,64
6.54,37,63
6.545,38,62
6.55,38,62
6.555,39,61
6.56,39,61
6.565,39,61
6.57,39,61
6.575,40,60
6.58,40,60
6.585,39,61
6.59,39,61
6.595,39,61
6.6,38,62
6.605,39,61
6.61,39,61
6.615,38,62
6.62,38,62
6.625,37,63
6.63,37,63
6.635,37,63
6.64,37,63
6.645,37,63
6.65,36,64
6.655,36,64
6.66,35,65
6.665,34,66
6.67,33,67
6.675,32,68
6.68,32,68
6.685,33,67
6.69,33,67
6.695,33,67
6.7,34,66
6.705,35,65
6.71,35,65
6.715,35,65
6.72,34,66
6.725,34,66
6.73,35,65
6.735,35,65
6.74,35,65
6.745,34,66
6.75,33,67
6.755,33,67
6.76,32,68
6.765,30,70
6.77,31,69
6.775,31,69
6.78,31,69
6.785,30,70
6.79,28,72
6.795,28,72
6.8,27,73
6.805,28,72
6.81,28,72
6.815,28,72
6.82,27,73
6.825,28,72
6.83,26,74
6.835,26,74
6.84,27,73
6.845,27,73
6.85,27,73
6.855,26,74
6.86,25,75
6.865,25,75
6.87,25,75
6.875,25,75
6.88,25,75
6.885,26,74
6.89,26,74
6.895,26,74
6.9,25,75
6.905,24,76
6.91,25,75
6.915,25,75
6.92,24,76
6.925,24,76
6.93,24,76
6.935,25,75
6.94,25,75
6.945,24,76
6.95,25,75
6.955,25,75
6.96,25,75
6.965,25,75
6.97,25,75
6.975,24,76
6.98,24,76
6.985,24,76
6.99,24,76
6.995,25,75
7,25,75
7.005,25,75
7.01,25,75
7.015,24,76
7.02,24,76
7.025,24,76
7.03,24,76
7.035,25,75
7.04,25,75
7.045,24,76
7.05,24,76
7.055,23,77
7.06,23,77
7.065,23,77
7.07,22,78
7.075,22,78
7.08,21,79
7.085,22,78
7.09,22,78
7.095,22,78
7.1,23,77
7.105,24,76
7.11,24,76
7.115,24,76
7.12,22,78
7.125,22,78
7.13,23,77
7.135,23,77
7.14,23,77
7.145,23,77
7.15,24,76
7.155,24,76
7.16,25,75
7.165,25,75
7.17,26,74
7.175,25,75
7.18,25,75
7.185,24,76
7.19,24,76
7.195,25,75
7.2,26,74
7.205,26,74
7.21,26,74
7.215,26,74
7.22,26,74
7.225,26,74
7.23,26,74
7.235,26,74
7.24,26,74
7.245,24,76
7.25,24,76
7.255,25,75
7.26,25,75
7.265,24,76
7.27,24,76
7.275,24,76
7.28,23,77
7.285,22,78
7.29,23,77
7.295,23,77
7.3,23,77
7.305,24,76
7.31,25,75
7.315,25,75
7.32,25,75
7.325,25,75
7.33,27,73
7.335,28,72
7.34,28,72
7.345,29,71
7.35,29,71
7.355,30,70
7.36,30,70
7.365,30,70
7.37,30,70
7.375,31,69
7.38,33,67
7.385,33,67
7.39,34,66
7.395,33,67
7.4,34,66
7.405,33,67
7.41,32,68
7.415,32,68
7.42,32,68
7.425,32,68
7.43,32,68
7.435,32,68
7.44,32,68
7.445,33,67
7.45,33,67
7.455,34,66
7.46,34,66
7.465,34,66
7.47,34,66
7.475,35,65
7.48,35,65
7.485,34,66
7.49,34,66
7.495,34,66
7.5,34,66
7.505,34,66
7.51,34,66
7.515,34,66
7.52,35,65
7.525,35,65
7.53,35,65
7.535,36,64
7.54,37,63
7.545,37,63
7.55,38,62
7.555,36,64
7.56,37,63
7.565,38,62
7.57,37,63
7.575,38,62
7.58,38,62
7.585,39,61
7.59,38,62
7.595,38,62
7.6,39,61
7.605,40,60
7.61,39,61
7.615,38,62
7.62,38,62
7.625,38,62
7.63,37,63
7.635,37,63
7.64,37,63
7.645,36,64
7.65,36,64
7.655,34,66
7.66,34,66
7.665,34,66
7.67,32,68
7.675,32,68
7.68,32,68
7.685,33,67
7.69,32,68
7.695,32,68
7.7,33,67
7.705,32,68
7.71,33,67
7.715,32,68
7.72,33,67
7.725,33,67
7.73,33,67
7.735,33,67
7.74,33,67
7.745,33,67
7.75,33,67
7.755,33,67
7.76,33,67
7.765,33,67
7.77,35,65
7.775,34,66
7.78,35,65
7.785,36,64
7.79,37,63
7.795,36,64
7.8,37,63
7.805,38,62
7.81,38,62
7.815,36,64
7.82,36,64
7.825,36,64
7.83,36,64
7.835,36,64
7.84,36,64
7.845,38,62
7.85,37,63
7.855,37,63
7.86,37,63
7.865,37,63
7.87,36,64
7.875,36,64
7.88,37,63
7.885,37,63
7.89,38,62
7.895,37,63
7.9,36,64
7.905,36,64
7.91,37,63
7.915,37,63
7.92,38,62
7.925,40,60
7.93,40,60
7.935,40,60
7.94,40,60
7.945,40,60
7.95,40,60
7.955,40,60
7.96,39,61
7.965,39,61
7.97,38,62
7.975,38,62
7.98,38,62
7.985,38,62
7.99,38,62
7.995,38,62
8,39,61
8.005,39,61
