Time,Susceptible,Infected
0,97,3
0.005,97,3
0.01,97,3
0.015,97,3
0.02,97,3
0.025,97,3
0.03,97,3
0.035,97,3
0.04,97,3
0.045,97,3
0.05,97,3
0.055,97,3
0.06,97,3
0.065,97,3
0.07,97,3
0.075,97,3
0.08,97,3
0.085,97,3
0.09,97,3
0.095,97,3
0.1,97,3
0.105,97,3
0.11,97,3
0.115,97,3
0.12,97,3
0.125,97,3
0.13,97,3
0.135,97,3
0.14,97,3
0.145,97,3
0.15,97,3
0.155,97,3
0.16,97,3
0.165,97,3
0.17,97,3
0.175,97,3
0.18,97,3
0.185,97,3
0.19,97,3
0.195,97,3
0.2,97,3
0.205,97,3
0.21,97,3
0.215,97,3
0.22,97,3
0.225,97,3
0.23,97,3
0.235,97,3
0.24,97,3
0.245,96,4
0.25,96,4
0.255,96,4
0.26,96,4
0.265,96,4
0.27,95,5
0.275,95,5
0.28,95,5
0.285,95,5
0.29,95,5
0.295,95,5
0.3,95,5
0.305,95,5
0.31,95,5
0.315,95,5
0.32,95,5
0.325,95,5
0.33,95,5
0.335,95,5
0.34,95,5
0.345,95,5
0.35,95,5
0.355,95,5
0.36,95,5
0.365,95,5
0.37,95,5
0.375,94,6
0.38,94,6
0.385,94,6
0.39,94,6
0.395,94,6
0.4,94,6
0.405,94,6
0.41,94,6
0.415,94,6
0.42,94,6
0.425,94,6
0.43,94,6
0.435,94,6
0.44,93,7
0.445,93,7
0.45,93,7
0.455,92,8
0.46,92,8
0.465,92,8
0.47,92,8
0.475,91,9
0.48,91,9
0.485,91,9
0.49,91,9
0.495,91,9
0.5,91,9
0.505,91,9
0.51,91,9
0.515,92,8
0.52,92,8
0.525,92,8
0.53,92,8
0.535,92,8
0.54,91,9
0.545,91,9
0.55,91,9
0.555,91,9
0.56,91,9
0.565,91,9
0.57,91,9
0.575,91,9
0.58,91,9
0.585,91,9
0.59,90,10
0.595,90,10
0.6,90,10
0.605,90,10
0.61,90,10
0.615,90,10
0.62,90,10
0.625,90,10
0.63,90,10
0.635,91,9
0.64,91,9
0.645,91,9
0.65,91,9
0.655,91,9
0.66,91,9
0.665,91,9
0.67,91,9
0.675,91,9
0.68,91,9
0.685,91,9
0.69,91,9
0.695,91,9
0.7,92,8
0.705,92,8
0.71,92,8
0.715,92,8
0.72,92,8
0.725,92,8
0.73,92,8
0.735,92,8
0.74,92,8
0.745,92,8
0.75,92,8
0.755,92,8
0.76,92,8
0.765,92,8
0.77,92,8
0.775,92,8
0.78,92,8
0.785,93,7
0.79,93,7
0.795,92,8
0.8,92,8
0.805,92,8
0.81,92,8
0.815,92,8
0.82,92,8
0.825,92,8
0.83,92,8
0.835,92,8
0.84,92,8
0.845,92,8
0.85,92,8
0.855,92,8
0.86,92,8
0.865,92,8
0.87,92,8
0.875,92,8
0.88,92,8
0.885,92,8
0.89,92,8
0.895,92,8
0.9,92,8
0.905,92,8
0.91,92,8
0.915,92,8
0.92,92,8
0.925,92,8
0.93,92,8
0.935,92,8
0.94,93,7
0.945,92,8
0.95,92,8
0.955,91,9
0.96,91,9
0.965,91,9
0.97,91,9
0.975,91,9
0.98,91,9
0.985,91,9
0.99,90,10
0.995,90,10
1,90,10
1.005,90,10
1.01,90,10
1.015,90,10
1.02,90,10
1.025,90,10
1.03,90,10
1.035,90,10
1.04,90,10
1.045,89,11
1.05,89,11
1.055,90,10
1.06,88,12
1.065,88,12
1.07,88,12
1.075,88,12
1.08,88,12
1.085,88,12
1.09,88,12
1.095,89,11
1.1,89,11
1.105,89,11
1.11,89,11
1.115,89,11
1.12,89,11
1.125,89,11
1.13,89,11
1.135,89,11
1.14,88,12
1.145,88,12
1.15,88,12
1.155,87,13
1.16,87,13
1.165,87,13
1.17,87,13
1.175,87,13
1.18,87,13
1.185,86,14
1.19,86,14
1.195,85,15
1.2,85,15
1.205,85,15
1.21,85,15
1.215,86,14
1.22,86,14
1.225,86,14
1.23,86,14
1.235,86,14
1.24,86,14
1.245,86,14
1.25,85,15
1.255,85,15
1.26,85,15
1.265,85,15
1.27,85,15
1.275,86,14
1.28,86,14
1.285,86,14
1.29,86,14
1.295,86,14
1.3,86,14
1.305,87,13
1.31,87,13
1.315,86,14
1.32,85,15
1.325,85,15
1.33,85,15
1.335,85,15
1.34,85,15
1.345,85,15
1.35,85,15
1.355,85,15
1.36,85,15
1.365,85,15
1.37,85,15
1.375,85,15
1.38,85,15
1.385,85,15
1.39,85,15
1.395,85,15
1.4,85,15
1.405,85,15
1.41,85,15
1.415,86,14
1.42,87,13
1.425,87,13
1.43,87,13
1.435,87,13
1.44,87,13
1.445,87,13
1.45,87,13
1.455,87,13
1.46,85,15
1.465,86,14
1.47,87,13
1.475,87,13
1.48,86,14
1.485,86,14
1.49,86,14
1.495,86,14
1.5,85,15
1.505,85,15
1.51,85,15
1.515,84,16
1.52,84,16
1.525,83,17
1.53,82,18
1.535,83,17
1.54,84,16
1.545,84,16
1.55,84,16
1.555,84,16
1.56,84,16
1.565,84,16
1.57,84,16
1.575,84,16
1.58,84,16
1.585,83,17
1.59,84,16
1.595,84,16
1.6,84,16
1.605,84,16
1.61,84,16
1.615,84,16
1.62,84,16
1.625,84,16
1.63,84,16
1.635,83,17
1.64,83,17
1.645,83,17
1.65,83,17
1.655,83,17
1.66,83,17
1.665,83,17
1.67,83,17
1.675,82,18
1.68,82,18
1.685,82,18
1.69,82,18
1.695,81,19
1.7,81,19
1.705,81,19
1.71,80,20
1.715,80,20
1.72,79,21
1.725,79,21
1.73,79,21
1.735,77,23
1.74,76,24
1.745,76,24
1.75,77,23
1.755,77,23
1.76,75,25
1.765,75,25
1.77,71,29
1.775,71,29
1.78,71,29
1.785,71,29
1.79,70,30
1.795,69,31
1.8,69,31
1.805,68,32
1.81,68,32
1.815,68,32
1.82,68,32
1.825,67,33
1.83,66,34
1.835,65,35
1.84,66,34
1.845,67,33
1.85,68,32
1.855,68,32
1.86,68,32
1.865,67,33
1.87,67,33
1.875,67,33
1.88,67,33
1.885,67,33
1.89,65,35
1.895,65,35
1.9,65,35
1.905,65,35
1.91,64,36
1.915,64,36
1.92,64,36
1.925,65,35
1.93,65,35
1.935,64,36
1.94,65,35
1.945,65,35
1.95,64,36
1.955,64,36
1.96,63,37
1.965,64,36
1.97,64,36
1.975,64,36
1.98,64,36
1.985,64,36
1.99,64,36
1.995,65,35
2,65,35
2.005,65,35
2.01,66,34
2.015,67,33
2.02,66,34
2.025,66,34
2.03,66,34
2.035,66,34
2.04,65,35
2.045,65,35
2.05,65,35
2.055,65,35
2.06,64,36
2.065,64,36
2.07,63,37
2.075,63,37
2.08,63,37
2.085,63,37
2.09,64,36
2.095,64,36
2.1,64,36
2.105,64,36
2.11,64,36
2.115,64,36
2.12,64,36
2.125,64,36
2.13,63,37
2.135,61,39
2.14,62,38
2.145,62,38
2.15,62,38
2.155,61,39
2.16,62,38
2.165,62,38
2.17,62,38
2.175,62,38
2.18,62,38
2.185,62,38
2.19,63,37
2.195,64,36
2.2,64,36
2.205,64,36
2.21,64,36
2.215,62,38
2.22,62,38
2.225,63,37
2.23,62,38
2.235,63,37
2.24,62,38
2.245,62,38
2.25,62,38
2.255,63,37
2.26,63,37
2.265,63,37
2.27,63,37
2.275,63,37
2.28,63,37
2.285,64,36
2.29,63,37
2.295,62,38
2.3,62,38
2.305,62,38
2.31,62,38
2.315,63,37
2.32,61,39
2.325,61,39
2.33,61,39
2.335,61,39
2.34,61,39
2.345,60,40
2.35,59,41
2.355,59,41
2.36,59,41
2.365,59,41
2.37,59,41
2.375,59,41
2.38,58,42
2.385,56,44
2.39,56,44
2.395,56,44
2.4,56,44
2.405,56,44
2.41,53,47
2.415,51,49
2.42,51,49
2.425,50,50
2.43,50,50
2.435,50,50
2.44,50,50
2.445,49,51
2.45,48,52
2.455,47,53
2.46,47,53
2.465,46,54
2.47,46,54
2.475,47,53
2.48,46,54
2.485,46,54
2.49,47,53
2.495,45,55
2.5,45,55
2.505,45,55
2.51,47,53
2.515,45,55
2.52,46,54
2.525,46,54
2.53,46,54
2.535,46,54
2.54,44,56
2.545,44,56
2.55,44,56
2.555,44,56
2.56,44,56
2.565,45,55
2.57,44,56
2.575,43,57
2.58,44,56
2.585,44,56
2.59,43,57
2.595,43,57
2.6,39,61
2.605,39,61
2.61,38,62
2.615,39,61
2.62,39,61
2.625,38,62
2.63,38,62
2.635,37,63
2.64,36,64
2.645,36,64
2.65,36,64
2.655,37,63
2.66,37,63
2.665,36,64
2.67,35,65
2.675,36,64
2.68,35,65
2.685,36,64
2.69,36,64
2.695,35,65
2.7,37,63
2.705,37,63
2.71,37,63
2.715,37,63
2.72,36,64
2.725,36,64
2.73,35,65
2.735,35,65
2.74,35,65
2.745,35,65
2.75,34,66
2.755,35,65
2.76,35,65
2.765,34,66
2.77,33,67
2.775,33,67
2.78,34,66
2.785,35,65
2.79,35,65
2.795,35,65
2.8,34,66
2.805,34,66
2.81,35,65
2.815,35,65
2.82,36,64
2.825,38,62
2.83,38,62
2.835,39,61
2.84,40,60
2.845,40,60
2.85,39,61
2.855,40,60
2.86,40,60
2.865,40,60
2.87,39,61
2.875,37,63
2.88,37,63
2.885,38,62
2.89,38,62
2.895,39,61
2.9,39,61
2.905,39,61
2.91,40,60
2.915,40,60
2.92,40,60
2.925,40,60
2.93,40,60
2.935,40,60
2.94,39,61
2.945,39,61
2.95,39,61
2.955,39,61
2.96,39,61
2.965,39,61
2.97,39,61
2.975,40,60
2.98,40,60
2.985,39,61
2.99,39,61
2.995,38,62
3,38,62
3.005,38,62
3.01,36,64
3.015,37,63
3.02,37,63
3.025,37,63
3.03,37,63
3.035,37,63
3.04,34,66
3.045,34,66
3.05,34,66
3.055,34,66
3.06,34,66
3.065,34,66
3.07,34,66
3.075,34,66
3.08,34,66
3.085,33,67
3.09,34,66
3.095,34,66
3.1,34,66
3.105,34,66
3.11,34,66
3.115,34,66
3.12,34,66
3.125,33,67
3.13,34,66
3.135,34,66
3.14,34,66
3.145,33,67
3.15,33,67
3.155,33,67
3.16,33,67
3.165,33,67
3.17,32,68
3.175,32,68
3.18,34,66
3.185,33,67
3.19,33,67
3.195,33,67
3.2,33,67
3.205,32,68
3.21,32,68
3.215,32,68
3.22,32,68
3.225,31,69
3.23,30,70
3.235,30,70
3.24,30,70
3.245,32,68
3.25,32,68
3.255,32,68
3.26,32,68
3.265,32,68
3.27,31,69
3.275,31,69
3.28,31,69
3.285,31,69
3.29,30,70
3.295,31,69
3.3,30,70
3.305,30,70
3.31,30,70
3.315,30,70
3.32,30,70
3.325,30,70
3.33,29,71
3.335,30,70
3.34,30,70
3.345,30,70
3.35,30,70
3.355,31,69
3.36,31,69
3.365,29,71
3.37,29,71
3.375,29,71
3.38,29,71
3.385,30,70
3.39,31,69
3.395,32,68
3.4,31,69
3.405,29,71
3.41,29,71
3.415,28,72
3.42,27,73
3.425,28,72
3.43,29,71
3.435,27,73
3.44,26,74
3.445,26,74
3.45,26,74
3.455,25,75
3.46,26,74
3.465,26,74
3.47,27,73
3.475,26,74
3.48,26,74
3.485,25,75
3.49,27,73
3.495,27,73
3.5,27,73
3.505,28,72
3.51,28,72
3.515,27,73
3.52,27,73
3.525,27,73
3.53,27,73
3.535,27,73
3.54,27,73
3.545,27,73
3.55,26,74
3.555,26,74
3.56,27,73
3.565,26,74
3.57,26,74
3.575,27,73
3.58,27,73
3.585,27,73
3.59,27,73
3.595,27,73
3.6,28,72
3.605,28,72
3.61,28,72
3.615,28,72
3.62,28,72
3.625,28,72
3.63,28,72
3.635,27,73
3.64,28,72
3.645,29,71
3.65,28,72
3.655,29,71
3.66,29,71
3.665,30,70
3.67,30,70
3.675,31,69
3.68,31,69
3.685,31,69
3.69,32,68
3.695,31,69
3.7,31,69
3.705,31,69
3.71,32,68
3.715,32,68
3.72,32,68
3.725,32,68
3.73,32,68
3.735,32,68
3.74,33,67
3.745,33,67
3.75,33,67
3.755,33,67
3.76,33,67
3.765,33,67
3.77,34,66
3.775,34,66
3.78,34,66
3.785,35,65
3.79,35,65
3.795,36,64
3.8,35,65
3.805,34,66
3.81,34,66
3.815,34,66
3.82,34,66
3.825,33,67
3.83,34,66
3.835,33,67
3.84,33,67
3.845,32,68
3.85,32,68
3.855,32,68
3.86,32,68
3.865,32,68
3.87,32,68
3.875,32,68
3.88,32,68
3.885,32,68
3.89,33,67
3.895,33,67
3.9,33,67
3.905,34,66
3.91,34,66
3.915,34,66
3.92,34,66
3.925,34,66
3.93,35,65
3.935,35,65
3.94,35,65
3.945,34,66
3.95,34,66
3.955,34,66
3.96,33,67
3.965,33,67
3.97,33,67
3.975,33,67
3.98,33,67
3.985,32,68
3.99,33,67
3.995,33,67
4,32,68
4.005,32,68
4.01,33,67
4.015,33,67
4.02,32,68
4.025,31,69
4.03,32,68
4.035,32,68
4.04,31,69
4.045,31,69
4.05,31,69
4.055,31,69
4.06,31,69
4.065,31,69
4.07,31,69
4.075,31,69
4.08,31,69
4.085,31,69
4.09,31,69
4.095,30,70
4.1,30,70
4.105,30,70
4.11,31,69
4.115,30,70
4.12,30,70
4.125,29,71
4.13,29,71
4.135,29,71
4.14,29,71
4.145,28,72
4.15,27,73
4.155,27,73
4.16,27,73
4.165,28,72
4.17,26,74
4.175,26,74
4.18,26,74
4.185,26,74
4.19,25,75
4.195,25,75
4.2,26,74
4.205,29,71
4.21,29,71
4.215,29,71
4.22,29,71
4.225,31,69
4.23,31,69
4.235,31,69
4.24,31,69
4.245,31,69
4.25,30,70
4.255,31,69
4.26,31,69
4.265,31,69
4.27,31,69
4.275,31,69
4.28,29,71
4.285,28,72
4.29,28,72
4.295,30,70
4.3,30,70
4.305,31,69
4.31,30,70
4.315,31,69
4.32,30,70
4.325,30,70
4.33,30,70
4.335,29,71
4.34,29,71
4.345,29,71
4.35,30,70
4.355,30,70
4.36,31,69
4.365,31,69
4.37,31,69
4.375,31,69
4.38,31,69
4.385,32,68
4.39,31,69
4.395,30,70
4.4,30,70
4.405,30,70
4.41,29,71
4.415,28,72
4.42,29,71
4.425,29,71
4.43,30,70
4.435,30,70
4.44,30,70
4.445,29,71
4.45,31,69
4.455,31,69
4.46,32,68
4.465,32,68
4.47,32,68
4.475,34,66
4.48,34,66
4.485,35,65
4.49,36,64
4.495,35,65
4.5,34,66
4.505,34,66
4.51,33,67
4.515,34,66
4.52,34,66
4.525,33,67
4.53,33,67
4.535,33,67
4.54,33,67
4.545,33,67
4.55,31,69
4.555,31,69
4.56,31,69
4.565,31,69
4.57,31,69
4.575,30,70
4.58,30,70
4.585,31,69
4.59,31,69
4.595,31,69
4.6,31,69
4.605,30,70
4.61,30,70
4.615,30,70
4.62,30,70
4.625,30,70
4.63,29,71
4.635,29,71
4.64,29,71
4.645,28,72
4.65,29,71
4.655,29,71
4.66,29,71
4.665,29,71
4.67,28,72
4.675,28,72
4.68,28,72
4.685,28,72
4.69,29,71
4.695,29,71
4.7,30,70
4.705,29,71
4.71,29,71
4.715,29,71
4.72,29,71
4.725,30,70
4.73,31,69
4.735,31,69
4.74,31,69
4.745,31,69
4.75,31,69
4.755,31,69
4.76,31,69
4.765,30,70
4.77,30,70
4.775,32,68
4.78,32,68
4.785,33,67
4.79,33,67
4.795,33,67
4.8,33,67
4.805,33,67
4.81,32,68
4.815,32,68
4.82,33,67
4.825,32,68
4.83,32,68
4.835,32,68
4.84,32,68
4.845,32,68
4.85,32,68
4.855,32,68
4.86,32,68
4.865,32,68
4.87,32,68
4.875,32,68
4.88,33,67
4.885,35,65
4.89,35,65
4.895,37,63
4.9,37,63
4.905,37,63
4.91,36,64
4.915,36,64
4.92,35,65
4.925,35,65
4.93,34,66
4.935,33,67
4.94,33,67
4.945,33,67
4.95,32,68
4.955,33,67
4.96,33,67
4.965,33,67
4.97,33,67
4.975,33,67
4.98,34,66
4.985,34,66
4.99,33,67
4.995,33,67
5,34,66
5.005,34,66
5.01,34,66
5.015,34,66
5.02,34,66
5.025,34,66
5.03,35,65
5.035,35,65
5.04,37,63
5.045,36,64
5.05,36,64
5.055,36,64
5.06,35,65
5.065,36,64
5.07,36,64
5.075,37,63
5.08,37,63
5.085,37,63
5.09,36,64
5.095,35,65
5.1,34,66
5.105,34,66
5.11,34,66
5.115,36,64
5.12,35,65
5.125,35,65
5.13,35,65
5.135,35,65
5.14,36,64
5.145,36,64
5.15,35,65
5.155,35,65
5.16,35,65
5.165,37,63
5.17,36,64
5.175,37,63
5.18,37,63
5.185,36,64
5.19,36,64
5.195,36,64
5.2,36,64
5.205,36,64
5.21,36,64
5.215,36,64
5.22,36,64
5.225,36,64
5.23,35,65
5.235,32,68
5.24,33,67
5.245,33,67
5.25,32,68
5.255,32,68
5.26,32,68
5.265,32,68
5.27,34,66
5.275,34,66
5.28,34,66
5.285,33,67
5.29,33,67
5.295,34,66
5.3,35,65
5.305,35,65
5.31,36,64
5.315,35,65
5.32,36,64
5.325,36,64
5.33,35,65
5.335,35,65
5.34,35,65
5.345,34,66
5.35,34,66
5.355,33,67
5.36,32,68
5.365,31,69
5.37,31,69
5.375,32,68
5.38,33,67
5.385,33,67
5.39,33,67
5.395,33,67
5.4,33,67
5.405,33,67
5.41,33,67
5.415,34,66
5.42,34,66
5.425,34,66
5.43,34,66
5.435,34,66
5.44,34,66
5.445,34,66
5.45,35,65
5.455,35,65
5.46,35,65
5.465,35,65
5.47,36,64
5.475,36,64
5.48,35,65
5.485,35,65
5.49,36,64
5.495,36,64
5.5,37,63
5.505,36,64
5.51,35,65
5.515,35,65
5.52,35,65
5.525,36,64
5.53,37,63
5.535,37,63
5.54,37,63
5.545,37,63
5.55,37,63
5.555,38,62
5.56,39,61
5.565,39,61
5.57,38,62
5.575,39,61
5.58,36,64
5.585,35,65
5.59,34,66
5.595,35,65
5.6,34,66
5.605,34,66
5.61,34,66
5.615,34,66
5.62,34,66
5.625,34,66
5.63,35,65
5.635,34,66
5.64,34,66
5.645,34,66
5.65,34,66
5.655,35,65
5.66,36,64
5.665,36,64
5.67,36,64
5.675,36,64
5.68,36,64
5.685,36,64
5.69,35,65
5.695,35,65
5.7,34,66
5.705,34,66
5.71,35,65
5.715,33,67
5.72,34,66
5.725,35,65
5.73,37,63
5.735,38,62
5.74,38,62
5.745,37,63
5.75,37,63
5.755,35,65
5.76,35,65
5.765,34,66
5.77,34,66
5.775,34,66
5.78,34,66
5.785,34,66
5.79,34,66
5.795,34,66
5.8,34,66
5.805,35,65
5.81,34,66
5.815,34,66
5.82,34,66
5.825,35,65
5.83,33,67
5.835,33,67
5.84,34,66
5.845,35,65
5.85,35,65
5.855,37,63
5.86,37,63
5.865,35,65
5.87,35,65
5.875,35,65
5.88,35,65
5.885,35,65
5.89,35,65
5.895,35,65
5.9,35,65
5.905,35,65
5.91,35,65
5.915,34,66
5.92,34,66
5.925,34,66
5.93,35,65
5.935,35,65
5.94,35,65
5.945,35,65
5.95,35,65
5.955,35,65
5.96,37,63
5.965,37,63
5.97,37,63
5.975,37,63
5.98,37,63
5.985,37,63
5.99,37,63
5.995,36,64
6,36,64
6.005,36,64
6.01,36,64
6.015,36,64
6.02,36,64
6.025,36,64
6.03,36,64
6.035,36,64
6.04,36,64
6.045,36,64
6.05,37,63
6.055,37,63
6.06,36,64
6.065,36,64
6.07,37,63
6.075,38,62
6.08,38,62
6.085,37,63
6.09,37,63
6.095,36,64
6.1,37,63
6.105,36,64
6.11,35,65
6.115,35,65
6.12,35,65
6.125,34,66
6.13,34,66
6.135,34,66
6.14,33,67
6.145,32,68
6.15,32,68
6.155,32,68
6.16,31,69
6.165,31,69
6.17,31,69
6.175,31,69
6.18,31,69
6.185,31,69
6.19,31,69
6.195,32,68
6.2,33,67
6.205,33,67
6.21,33,67
6.215,34,66
6.22,35,65
6.225,35,65
6.23,35,65
6.235,35,65
6.24,36,64
6.245,36,64
6.25,37,63
6.255,38,62
6.26,37,63
6.265,36,64
6.27,36,64
6.275,35,65
6.28,35,65
6.285,34,66
6.29,33,67
6.295,33,67
6.3,35,65
6.305,34,66
6.31,32,68
6.315,32,68
6.32,32,68
6.325,34,66
6.33,34,66
6.335,32,68
6.34,31,69
6.345,31,69
6.35,32,68
6.355,32,68
6.36,32,68
6.365,32,68
6.37,33,67
6.375,35,65
6.38,35,65
6.385,35,65
6.39,35,65
6.395,34,66
6.4,34,66
6.405,34,66
6.41,34,66
6.415,34,66
6.42,34,66
6.425,34,66
6.43,34,66
6.435,33,67
6.44,33,67
6.445,34,66
6.45,34,66
6.455,35,65
6.46,35,65
6.465,34,66
6.47,32,68
6.475,32,68
6.48,32,68
6.485,32,68
6.49,32,68
6.495,33,67
6.5,33,67
6.505,33,67
6.51,34,66
6.515,34,66
6.52,33,67
6.525,32,68
6.53,33,67
6.535,33,67
6.54,33,67
6.545,33,67
6.55,32,68
6.555,32,68
6.56,32,68
6.565,32,68
6.57,31,69
6.575,30,70
6.58,31,69
6.585,31,69
6.59,32,68
6.595,34,66
6.6,34,66
6.605,35,65
6.61,33,67
6.615,33,67
6.62,33,67
6.625,32,68
6.63,30,70
6.635,30,70
6.64,30,70
6.645,30,70
6.65,30,70
6.655,29,71
6.66,29,71
6.665,29,71
6.67,29,71
6.675,28,72
6.68,31,69
6.685,31,69
6.69,31,69
6.695,31,69
6.7,33,67
6.705,32,68
6.71,34,66
6.715,34,66
6.72,34,66
6.725,35,65
6.73,35,65
6.735,35,65
6.74,34,66
6.745,34,66
6.75,34,66
6.755,35,65
6.76,35,65
6.765,35,65
6.77,38,62
6.775,38,62
6.78,38,62
6.785,37,63
6.79,36,64
6.795,37,63
6.8,37,63
6.805,37,63
6.81,37,63
6.815,36,64
6.82,35,65
6.825,35,65
6.83,35,65
6.835,35,65
6.84,36,64
6.845,36,64
6.85,37,63
6.855,37,63
6.86,37,63
6.865,37,63
6.87,35,65
6.875,35,65
6.88,35,65
6.885,34,66
6.89,34,66
6.895,32,68
6.9,33,67
6.905,33,67
6.91,32,68
6.915,32,68
6.92,32,68
6.925,32,68
6.93,33,67
6.935,33,67
6.94,33,67
6.945,34,66
6.95,35,65
6.955,34,66
6.96,34,66
6.965,35,65
6.97,35,65
6.975,35,65
6.98,33,67
6.985,33,67
6.99,33,67
6.995,33,67
7,33,67
7.005,32,68
7.01,32,68
7.015,32,68
7.02,32,68
7.025,32,68
7.03,33,67
7.035,33,67
7.04,33,67
7.045,33,67
7.05,33,67
7.055,33,67
7.06,32,68
7.065,32,68
7.07,32,68
7.075,32,68
7.08,32,68
7.085,32,68
7.09,31,69
7.095,31,69
7.1,31,69
7.105,31,69
7.11,31,69
7.115,31,69
7.12,29,71
7.125,29,71
7.13,29,71
7.135,29,71
7.14,29,71
7.145,29,71
7.15,28,72
7.155,28,72
7.16,27,73
7.165,27,73
7.17,30,70
7.175,32,68
7.18,32,68
7.185,32,68
7.19,32,68
7.195,31,69
7.2,33,67
7.205,32,68
7.21,32,68
7.215,31,69
7.22,31,69
7.225,31,69
7.23,31,69
7.235,32,68
7.24,33,67
7.245,33,67
7.25,33,67
7.255,34,66
7.26,34,66
7.265,34,66
7.27,34,66
7.275,34,66
7.28,35,65
7.285,36,64
7.29,35,65
7.295,35,65
7.3,35,65
7.305,35,65
7.31,35,65
7.315,34,66
7.32,34,66
7.325,34,66
7.33,35,65
7.335,34,66
7.34,34,66
7.345,33,67
7.35,33,67
7.355,33,67
7.36,33,67
7.365,33,67
7.37,35,65
7.375,36,64
7.38,37,63
7.385,37,63
7.39,37,63
7.395,37,63
7.4,38,62
7.405,38,62
7.41,39,61
7.415,40,60
7.42,41,59
7.425,40,60
7.43,38,62
7.435,36,64
7.44,36,64
7.445,37,63
7.45,37,63
7.455,36,64
7.46,36,64
7.465,36,64
7.47,36,64
7.475,35,65
7.48,35,65
7.485,35,65
7.49,35,65
7.495,36,64
7.5,36,64
7.505,36,64
7.51,35,65
7.515,36,64
7.52,36,64
7.525,36,64
7.53,36,64
7.535,36,64
7.54,36,64
7.545,37,63
7.55,38,62
7.555,38,62
7.56,38,62
7.565,38,62
7.57,38,62
7.575,38,62
7.58,39,61
7.585,38,62
7.59,38,62
7.595,38,62
7.6,39,61
7.605,39,61
7.61,38,62
7.615,38,62
7.62,37,63
7.625,37,63
7.63,37,63
7.635,37,63
7.64,37,63
7.645,36,64
7.65,37,63
7.655,37,63
7.66,36,64
7.665,36,64
7.67,36,64
7.675,36,64
7.68,36,64
7.685,36,64
7.69,35,65
7.695,35,65
7.7,34,66
7.705,34,66
7.71,34,66
7.715,34,66
7.72,34,66
7.725,34,66
7.73,34,66
7.735,33,67
7.74,33,67
7.745,33,67
7.75,33,67
7.755,33,67
7.76,33,67
7.765,33,67
7.77,33,67
7.775,33,67
7.78,32,68
7.785,33,67
7.79,33,67
7.795,33,67
7.8,31,69
7.805,31,69
7.81,32,68
7.815,32,68
7.82,30,70
7.825,31,69
7.83,30,70
7.835,30,70
7.84,29,71
7.845,29,71
7.85,30,70
7.855,30,70
7.86,31,69
7.865,30,70
7.87,31,69
7.875,31,69
7.88,31,69
7.885,31,69
7.89,31,69
7.895,30,70
7.9,29,71
7.905,29,71
7.91,28,72
7.915,29,71
7.92,30,70
7.925,30,70
7.93,30,70
7.935,30,70
7.94,29,71
7.945,29,71
7.95,29,71
7.955,30,70
7.96,29,71
7.965,31,69
7.97,31,69
7.975,30,70
7.98,31,69
7.985,31,69
7.99,32,68
7.995,32,68
8,32,68
8.005,33,67
