Time,Susceptible,Infected
0,97,3
0.005,97,3
0.01,97,3
0.015,97,3
0.02,97,3
0.025,97,3
0.03,97,3
0.035,97,3
0.04,97,3
0.045,97,3
0.05,97,3
0.055,97,3
0.06,97,3
0.065,97,3
0.07,97,3
0.075,97,3
0.08,97,3
0.085,97,3
0.09,97,3
0.095,97,3
0.1,97,3
0.105,97,3
0.11,97,3
0.115,97,3
0.12,97,3
0.125,97,3
0.13,97,3
0.135,97,3
0.14,97,3
0.145,97,3
0.15,97,3
0.155,97,3
0.16,97,3
0.165,97,3
0.17,97,3
0.175,97,3
0.18,98,2
0.185,98,2
0.19,98,2
0.195,98,2
0.2,98,2
0.205,98,2
0.21,98,2
0.215,98,2
0.22,98,2
0.225,98,2
0.23,98,2
0.235,98,2
0.24,98,2
0.245,98,2
0.25,98,2
0.255,98,2
0.26,98,2
0.265,98,2
0.27,98,2
0.275,98,2
0.28,98,2
0.285,98,2
0.29,98,2
0.295,98,2
0.3,97,3
0.305,97,3
0.31,97,3
0.315,97,3
0.32,97,3
0.325,97,3
0.33,97,3
0.335,97,3
0.34,97,3
0.345,97,3
0.35,97,3
0.355,97,3
0.36,97,3
0.365,97,3
0.37,97,3
0.375,97,3
0.38,97,3
0.385,97,3
0.39,97,3
0.395,97,3
0.4,97,3
0.405,97,3
0.41,97,3
0.415,97,3
0.42,97,3
0.425,97,3
0.43,97,3
0.435,97,3
0.44,97,3
0.445,97,3
0.45,97,3
0.455,97,3
0.46,97,3
0.465,97,3
0.47,97,3
0.475,97,3
0.48,97,3
0.485,97,3
0.49,97,3
0.495,97,3
0.5,97,3
0.505,97,3
0.51,97,3
0.515,97,3
0.52,97,3
0.525,97,3
0.53,97,3
0.535,97,3
0.54,97,3
0.545,97,3
0.55,97,3
0.555,97,3
0.56,97,3
0.565,97,3
0.57,97,3
0.575,97,3
0.58,97,3
0.585,97,3
0.59,97,3
0.595,97,3
0.6,97,3
0.605,97,3
0.61,97,3
0.615,97,3
0.62,97,3
0.625,97,3
0.63,97,3
0.635,97,3
0.64,97,3
0.645,96,4
0.65,96,4
0.655,96,4
0.66,96,4
0.665,96,4
0.67,96,4
0.675,96,4
0.68,96,4
0.685,96,4
0.69,96,4
0.695,96,4
0.7,96,4
0.705,95,5
0.71,95,5
0.715,95,5
0.72,95,5
0.725,95,5
0.73,95,5
0.735,95,5
0.74,95,5
0.745,95,5
0.75,95,5
0.755,95,5
0.76,95,5
0.765,95,5
0.77,95,5
0.775,95,5
0.78,95,5
0.785,95,5
0.79,95,5
0.795,95,5
0.8,95,5
0.805,96,4
0.81,96,4
0.815,96,4
0.82,96,4
0.825,96,4
0.83,96,4
0.835,95,5
0.84,95,5
0.845,95,5
0.85,95,5
0.855,95,5
0.86,95,5
0.865,95,5
0.87,95,5
0.875,95,5
0.88,95,5
0.885,95,5
0.89,95,5
0.895,95,5
0.9,95,5
0.905,95,5
0.91,95,5
0.915,95,5
0.92,95,5
0.925,94,6
0.93,94,6
0.935,94,6
0.94,94,6
0.945,94,6
0.95,94,6
0.955,94,6
0.96,94,6
0.965,94,6
0.97,95,5
0.975,95,5
0.98,95,5
0.985,95,5
0.99,95,5
0.995,95,5
1,95,5
1.005,95,5
1.01,95,5
1.015,95,5
1.02,95,5
1.025,95,5
1.03,95,5
1.035,95,5
1.04,94,6
1.045,94,6
1.05,93,7
1.055,93,7
1.06,92,8
1.065,92,8
1.07,92,8
1.075,92,8
1.08,92,8
1.085,92,8
1.09,92,8
1.095,92,8
1.1,92,8
1.105,92,8
1.11,92,8
1.115,92,8
1.12,92,8
1.125,92,8
1.13,91,9
1.135,91,9
1.14,90,10
1.145,89,11
1.15,89,11
1.155,89,11
1.16,89,11
1.165,89,11
1.17,89,11
1.175,89,11
1.18,89,11
1.185,89,11
1.19,89,11
1.195,89,11
1.2,89,11
1.205,90,10
1.21,91,9
1.215,91,9
1.22,91,9
1.225,91,9
1.23,91,9
1.235,91,9
1.24,91,9
1.245,91,9
1.25,90,10
1.255,90,10
1.26,90,10
1.265,90,10
1.27,90,10
1.275,90,10
1.28,90,10
1.285,90,10
1.29,90,10
1.295,90,10
1.3,90,10
1.305,90,10
1.31,90,10
1.315,90,10
1.32,89,11
1.325,89,11
1.33,89,11
1.335,89,11
1.34,89,11
1.345,89,11
1.35,89,11
1.355,89,11
1.36,89,11
1.365,88,12
1.37,88,12
1.375,88,12
1.38,88,12
1.385,88,12
1.39,88,12
1.395,88,12
1.4,88,12
1.405,88,12
1.41,88,12
1.415,88,12
1.42,88,12
1.425,87,13
1.43,87,13
1.435,87,13
1.44,87,13
1.445,87,13
1.45,87,13
1.455,87,13
1.46,87,13
1.465,86,14
1.47,85,15
1.475,85,15
1.48,85,15
1.485,85,15
1.49,85,15
1.495,84,16
1.5,84,16
1.505,83,17
1.51,83,17
1.515,84,16
1.52,84,16
1.525,84,16
1.53,84,16
1.535,84,16
1.54,83,17
1.545,83,17
1.55,84,16
1.555,84,16
1.56,83,17
1.565,82,18
1.57,82,18
1.575,82,18
1.58,80,20
1.585,80,20
1.59,80,20
1.595,80,20
1.6,80,20
1.605,80,20
1.61,79,21
1.615,79,21
1.62,80,20
1.625,80,20
1.63,80,20
1.635,80,20
1.64,79,21
1.645,79,21
1.65,79,21
1.655,79,21
1.66,79,21
1.665,79,21
1.67,78,22
1.675,78,22
1.68,77,23
1.685,78,22
1.69,78,22
1.695,77,23
1.7,76,24
1.705,75,25
1.71,75,25
1.715,75,25
1.72,75,25
1.725,74,26
1.73,73,27
1.735,72,28
1.74,73,27
1.745,72,28
1.75,73,27
1.755,73,27
1.76,73,27
1.765,73,27
1.77,74,26
1.775,74,26
1.78,73,27
1.785,73,27
1.79,73,27
1.795,74,26
1.8,75,25
1.805,75,25
1.81,75,25
1.815,75,25
1.82,75,25
1.825,73,27
1.83,73,27
1.835,71,29
1.84,71,29
1.845,69,31
1.85,70,30
1.855,70,30
1.86,71,29
1.865,70,30
1.87,70,30
1.875,70,30
1.88,69,31
1.885,69,31
1.89,68,32
1.895,68,32
1.9,68,32
1.905,68,32
1.91,66,34
1.915,65,35
1.92,65,35
1.925,64,36
1.93,64,36
1.935,65,35
1.94,65,35
1.945,65,35
1.95,65,35
1.955,65,35
1.96,65,35
1.965,65,35
1.97,64,36
1.975,64,36
1.98,63,37
1.985,63,37
1.99,63,37
1.995,64,36
2,64,36
2.005,64,36
2.01,62,38
2.015,63,37
2.02,64,36
2.025,64,36
2.03,64,36
2.035,64,36
2.04,64,36
2.045,64,36
2.05,64,36
2.055,64,36
2.06,65,35
2.065,63,37
2.07,62,38
2.075,62,38
2.08,64,36
2.085,64,36
2.09,62,38
2.095,62,38
2.1,62,38
2.105,62,38
2.11,62,38
2.115,62,38
2.12,62,38
2.125,62,38
2.13,62,38
2.135,62,38
2.14,62,38
2.145,62,38
2.15,62,38
2.155,62,38
2.16,62,38
2.165,62,38
2.17,61,39
2.175,61,39
2.18,61,39
2.185,61,39
2.19,61,39
2.195,62,38
2.2,64,36
2.205,65,35
2.21,65,35
2.215,65,35
2.22,65,35
2.225,65,35
2.23,64,36
2.235,64,36
2.24,64,36
2.245,63,37
2.25,63,37
2.255,63,37
2.26,63,37
2.265,63,37
2.27,63,37
2.275,62,38
2.28,62,38
2.285,62,38
2.29,62,38
2.295,62,38
2.3,61,39
2.305,61,39
2.31,61,39
2.315,61,39
2.32,61,39
2.325,59,41
2.33,59,41
2.335,59,41
2.34,58,42
2.345,57,43
2.35,56,44
2.355,56,44
2.36,56,44
2.365,55,45
2.37,55,45
2.375,55,45
2.38,54,46
2.385,53,47
2.39,53,47
2.395,53,47
2.4,52,48
2.405,51,49
2.41,50,50
2.415,50,50
2.42,50,50
2.425,50,50
2.43,50,50
2.435,50,50
2.44,51,49
2.445,51,49
2.45,51,49
2.455,48,52
2.46,48,52
2.465,49,51
2.47,49,51
2.475,49,51
2.48,49,51
2.485,49,51
2.49,49,51
2.495,48,52
2.5,48,52
2.505,49,51
2.51,48,52
2.515,48,52
2.52,49,51
2.525,49,51
2.53,49,51
2.535,49,51
2.54,49,51
2.545,51,49
2.55,52,48
2.555,52,48
2.56,52,48
2.565,52,48
2.57,52,48
2.575,52,48
2.58,51,49
2.585,50,50
2.59,49,51
2.595,48,52
2.6,49,51
2.605,50,50
2.61,49,51
2.615,49,51
2.62,49,51
2.625,49,51
2.63,49,51
2.635,49,51
2.64,49,51
2.645,50,50
2.65,49,51
2.655,49,51
2.66,49,51
2.665,50,50
2.67,50,50
2.675,50,50
2.68,49,51
2.685,48,52
2.69,46,54
2.695,47,53
2.7,46,54
2.705,45,55
2.71,45,55
2.715,45,55
2.72,45,55
2.725,46,54
2.73,44,56
2.735,44,56
2.74,44,56
2.745,43,57
2.75,43,57
2.755,43,57
2.76,43,57
2.765,43,57
2.77,42,58
2.775,42,58
2.78,41,59
2.785,42,58
2.79,42,58
2.795,42,58
2.8,41,59
2.805,42,58
2.81,42,58
2.815,41,59
2.82,41,59
2.825,41,59
2.83,41,59
2.835,41,59
2.84,41,59
2.845,41,59
2.85,41,59
2.855,41,59
2.86,41,59
2.865,41,59
2.87,41,59
2.875,41,59
2.88,40,60
2.885,40,60
2.89,39,61
2.895,39,61
2.9,38,62
2.905,39,61
2.91,39,61
2.915,39,61
2.92,39,61
2.925,40,60
2.93,40,60
2.935,39,61
2.94,40,60
2.945,40,60
2.95,41,59
2.955,42,58
2.96,42,58
2.965,43,57
2.97,43,57
2.975,43,57
2.98,42,58
2.985,43,57
2.99,43,57
2.995,42,58
3,42,58
3.005,42,58
3.01,42,58
3.015,42,58
3.02,42,58
3.025,42,58
3.03,42,58
3.035,42,58
3.04,42,58
3.045,42,58
3.05,40,60
3.055,40,60
3.06,40,60
3.065,39,61
3.07,39,61
3.075,39,61
3.08,39,61
3.085,39,61
3.09,39,61
3.095,38,62
3.1,38,62
3.105,38,62
3.11,37,63
3.115,37,63
3.12,37,63
3.125,37,63
3.13,37,63
3.135,37,63
3.14,37,63
3.145,37,63
3.15,37,63
3.155,37,63
3.16,37,63
3.165,38,62
3.17,38,62
3.175,38,62
3.18,37,63
3.185,37,63
3.19,37,63
3.195,37,63
3.2,37,63
3.205,38,62
3.21,38,62
3.215,38,62
3.22,38,62
3.225,38,62
3.23,38,62
3.235,39,61
3.24,39,61
3.245,39,61
3.25,39,61
3.255,38,62
3.26,38,62
3.265,38,62
3.27,38,62
3.275,37,63
3.28,36,64
3.285,36,64
3.29,36,64
3.295,37,63
3.3,37,63
3.305,38,62
3.31,38,62
3.315,39,61
3.32,39,61
3.325,37,63
3.33,37,63
3.335,37,63
3.34,37,63
3.345,37,63
3.35,35,65
3.355,35,65
3.36,34,66
3.365,34,66
3.37,34,66
3.375,34,66
3.38,33,67
3.385,33,67
3.39,33,67
3.395,32,68
3.4,30,70
3.405,30,70
3.41,30,70
3.415,29,71
3.42,29,71
3.425,29,71
3.43,29,71
3.435,30,70
3.44,30,70
3.445,32,68
3.45,32,68
3.455,32,68
3.46,33,67
3.465,33,67
3.47,33,67
3.475,33,67
3.48,33,67
3.485,34,66
3.49,35,65
3.495,34,66
3.5,33,67
3.505,33,67
3.51,33,67
3.515,32,68
3.52,33,67
3.525,34,66
3.53,35,65
3.535,36,64
3.54,36,64
3.545,37,63
3.55,37,63
3.555,37,63
3.56,38,62
3.565,38,62
3.57,37,63
3.575,36,64
3.58,36,64
3.585,37,63
3.59,37,63
3.595,37,63
3.6,37,63
3.605,38,62
3.61,38,62
3.615,38,62
3.62,38,62
3.625,38,62
3.63,38,62
3.635,38,62
3.64,38,62
3.645,38,62
3.65,38,62
3.655,38,62
3.66,38,62
3.665,39,61
3.67,40,60
3.675,39,61
3.68,39,61
3.685,39,61
3.69,39,61
3.695,37,63
3.7,38,62
3.705,39,61
3.71,38,62
3.715,37,63
3.72,37,63
3.725,36,64
3.73,37,63
3.735,37,63
3.74,37,63
3.745,37,63
3.75,37,63
3.755,37,63
3.76,37,63
3.765,38,62
3.77,38,62
3.775,39,61
3.78,39,61
3.785,39,61
3.79,39,61
3.795,39,61
3.8,39,61
3.805,39,61
3.81,38,62
3.815,38,62
3.82,38,62
3.825,39,61
3.83,38,62
3.835,39,61
3.84,39,61
3.845,40,60
3.85,41,59
3.855,41,59
3.86,41,59
3.865,40,60
3.87,39,61
3.875,39,61
3.88,38,62
3.885,38,62
3.89,39,61
3.895,38,62
3.9,38,62
3.905,38,62
3.91,38,62
3.915,38,62
3.92,38,62
3.925,37,63
3.93,37,63
3.935,36,64
3.94,35,65
3.945,35,65
3.95,35,65
3.955,37,63
3.96,37,63
3.965,37,63
3.97,39,61
3.975,40,60
3.98,41,59
3.985,42,58
3.99,41,59
3.995,40,60
4,39,61
4.005,40,60
4.01,40,60
4.015,40,60
4.02,40,60
4.025,39,61
4.03,39,61
4.035,39,61
4.04,39,61
4.045,39,61
4.05,39,61
4.055,39,61
4.06,41,59
4.065,41,59
4.07,41,59
4.075,41,59
4.08,40,60
4.085,40,60
4.09,40,60
4.095,40,60
4.1,41,59
4.105,40,60
4.11,39,61
4.115,39,61
4.12,39,61
4.125,39,61
4.13,38,62
4.135,39,61
4.14,39,61
4.145,39,61
4.15,39,61
4.155,38,62
4.16,37,63
4.165,38,62
4.17,38,62
4.175,38,62
4.18,37,63
4.185,36,64
4.19,36,64
4.195,35,65
4.2,34,66
4.205,34,66
4.21,34,66
4.215,36,64
4.22,35,65
4.225,35,65
4.23,35,65
4.235,36,64
4.24,36,64
4.245,36,64
4.25,35,65
4.255,35,65
4.26,35,65
4.265,35,65
4.27,35,65
4.275,36,64
4.28,36,64
4.285,35,65
4.29,34,66
4.295,34,66
4.3,34,66
4.305,35,65
4.31,36,64
4.315,36,64
4.32,37,63
4.325,36,64
4.33,35,65
4.335,37,63
4.34,38,62
4.345,39,61
4.35,39,61
4.355,40,60
4.36,39,61
4.365,40,60
4.37,40,60
4.375,38,62
4.38,39,61
4.385,39,61
4.39,40,60
4.395,41,59
4.4,42,58
4.405,42,58
4.41,41,59
4.415,41,59
4.42,42,58
4.425,43,57
4.43,43,57
4.435,43,57
4.44,43,57
4.445,43,57
4.45,42,58
4.455,42,58
4.46,42,58
4.465,43,57
4.47,43,57
4.475,43,57
4.48,42,58
4.485,43,57
4.49,42,58
4.495,40,60
4.5,40,60
4.505,40,60
4.51,40,60
4.515,40,60
4.52,43,57
4.525,43,57
4.53,43,57
4.535,42,58
4.54,42,58
4.545,42,58
4.55,42,58
4.555,42,58
4.56,40,60
4.565,42,58
4.57,42,58
4.575,42,58
4.58,42,58
4.585,42,58
4.59,42,58
4.595,43,57
4.6,42,58
4.605,43,57
4.61,42,58
4.615,43,57
4.62,43,57
4.625,42,58
4.63,41,59
4.635,41,59
4.64,41,59
4.645,42,58
4.65,42,58
4.655,42,58
4.66,40,60
4.665,41,59
4.67,41,59
4.675,41,59
4.68,40,60
4.685,41,59
4.69,41,59
4.695,41,59
4.7,40,60
4.705,39,61
4.71,39,61
4.715,40,60
4.72,41,59
4.725,42,58
4.73,41,59
4.735,40,60
4.74,40,60
4.745,40,60
4.75,40,60
4.755,40,60
4.76,38,62
4.765,40,60
4.77,39,61
4.775,38,62
4.78,38,62
4.785,38,62
4.79,38,62
4.795,38,62
4.8,38,62
4.805,38,62
4.81,37,63
4.815,37,63
4.82,36,64
4.825,37,63
4.83,38,62
4.835,36,64
4.84,36,64
4.845,36,64
4.85,36,64
4.855,37,63
4.86,37,63
4.865,38,62
4.87,38,62
4.875,38,62
4.88,37,63
4.885,36,64
4.89,35,65
4.895,35,65
4.9,35,65
4.905,35,65
4.91,35,65
4.915,36,64
4.92,36,64
4.925,36,64
4.93,36,64
4.935,35,65
4.94,34,66
4.945,33,67
4.95,34,66
4.955,35,65
4.96,36,64
4.965,36,64
4.97,36,64
4.975,36,64
4.98,36,64
4.985,36,64
4.99,37,63
4.995,37,63
5,37,63
5.005,36,64
5.01,36,64
5.015,37,63
5.02,37,63
5.025,36,64
5.03,36,64
5.035,36,64
5.04,37,63
5.045,37,63
5.05,35,65
5.055,35,65
5.06,34,66
5.065,35,65
5.07,34,66
5.075,36,64
5.08,35,65
5.085,35,65
5.09,35,65
5.095,34,66
5.1,34,66
5.105,34,66
5.11,35,65
5.115,36,64
5.12,36,64
5.125,35,65
5.13,34,66
5.135,34,66
5.14,34,66
5.145,34,66
5.15,34,66
5.155,34,66
5.16,34,66
5.165,33,67
5.17,33,67
5.175,34,66
5.18,34,66
5.185,36,64
5.19,35,65
5.195,34,66
5.2,34,66
5.205,34,66
5.21,34,66
5.215,33,67
5.22,33,67
5.225,33,67
5.23,32,68
5.235,32,68
5.24,33,67
5.245,33,67
5.25,33,67
5.255,35,65
5.26,35,65
5.265,35,65
5.27,34,66
5.275,33,67
5.28,33,67
5.285,33,67
5.29,32,68
5.295,32,68
5.3,32,68
5.305,35,65
5.31,35,65
5.315,35,65
5.32,35,65
5.325,35,65
5.33,35,65
5.335,35,65
5.34,34,66
5.345,34,66
5.35,34,66
5.355,32,68
5.36,29,71
5.365,29,71
5.37,29,71
5.375,29,71
5.38,28,72
5.385,29,71
5.39,29,71
5.395,29,71
5.4,29,71
5.405,29,71
5.41,29,71
5.415,30,70
5.42,31,69
5.425,31,69
5.43,31,69
5.435,31,69
5.44,30,70
5.445,30,70
5.45,30,70
5.455,30,70
5.46,30,70
5.465,31,69
5.47,31,69
5.475,32,68
5.48,31,69
5.485,29,71
5.49,29,71
5.495,28,72
5.5,26,74
5.505,26,74
5.51,26,74
5.515,26,74
5.52,25,75
5.525,25,75
5.53,24,76
5.535,24,76
5.54,23,77
5.545,24,76
5.55,24,76
5.555,24,76
5.56,24,76
5.565,24,76
5.57,24,76
5.575,24,76
5.58,25,75
5.585,23,77
5.59,23,77
5.595,23,77
5.6,23,77
5.605,23,77
5.61,24,76
5.615,24,76
5.62,26,74
5.625,27,73
5.63,27,73
5.635,26,74
5.64,26,74
5.645,25,75
5.65,25,75
5.655,25,75
5.66,25,75
5.665,25,75
5.67,25,75
5.675,26,74
5.68,26,74
5.685,26,74
5.69,26,74
5.695,26,74
5.7,26,74
5.705,25,75
5.71,25,75
5.715,26,74
5.72,26,74
5.725,27,73
5.73,29,71
5.735,29,71
5.74,29,71
5.745,29,71
5.75,29,71
5.755,29,71
5.76,29,71
5.765,29,71
5.77,29,71
5.775,29,71
5.78,29,71
5.785,29,71
5.79,29,71
5.795,28,72
5.8,28,72
5.805,26,74
5.81,26,74
5.815,26,74
5.82,26,74
5.825,27,73
5.83,27,73
5.835,27,73
5.84,27,73
5.845,27,73
5.85,27,73
5.855,26,74
5.86,26,74
5.865,27,73
5.87,27,73
5.875,27,73
5.88,26,74
5.885,26,74
5.89,25,75
5.895,25,75
5.9,25,75
5.905,25,75
5.91,25,75
5.915,25,75
5.92,25,75
5.925,24,76
5.93,24,76
5.935,24,76
5.94,24,76
5.945,24,76
5.95,24,76
5.955,23,77
5.96,23,77
5.965,23,77
5.97,23,77
5.975,23,77
5.98,22,78
5.985,22,78
5.99,22,78
5.995,21,79
6,22,78
6.005,21,79
6.01,21,79
6.015,21,79
6.02,21,79
6.025,21,79
6.03,21,79
6.035,21,79
6.04,21,79
6.045,21,79
6.05,21,79
6.055,21,79
6.06,21,79
6.065,21,79
6.07,22,78
6.075,23,77
6.08,24,76
6.085,24,76
6.09,24,76
6.095,26,74
6.1,26,74
6.105,27,73
6.11,27,73
6.115,27,73
6.12,27,73
6.125,28,72
6.13,27,73
6.135,27,73
6.14,27,73
6.145,27,73
6.15,27,73
6.155,28,72
6.16,30,70
6.165,30,70
6.17,32,68
6.175,34,66
6.18,34,66
6.185,35,65
6.19,35,65
6.195,35,65
6.2,35,65
6.205,35,65
6.21,34,66
6.215,32,68
6.22,33,67
6.225,33,67
6.23,33,67
6.235,33,67
6.24,32,68
6.245,32,68
6.25,33,67
6.255,33,67
6.26,34,66
6.265,36,64
6.27,36,64
6.275,36,64
6.28,36,64
6.285,37,63
6.29,37,63
6.295,36,64
6.3,36,64
6.305,36,64
6.31,35,65
6.315,35,65
6.32,35,65
6.325,35,65
6.33,35,65
6.335,36,64
6.34,36,64
6.345,36,64
6.35,37,63
6.355,37,63
6.36,37,63
6.365,38,62
6.37,39,61
6.375,38,62
6.38,38,62
6.385,37,63
6.39,37,63
6.395,37,63
6.4,38,62
6.405,38,62
6.41,36,64
6.415,37,63
6.42,38,62
6.425,38,62
6.43,38,62
6.435,37,63
6.44,37,63
6.445,37,63
6.45,37,63
6.455,37,63
6.46,37,63
6.465,37,63
6.47,37,63
6.475,37,63
6.48,38,62
6.485,39,61
6.49,40,60
6.495,41,59
6.5,41,59
6.505,41,59
6.51,40,60
6.515,40,60
6.52,39,61
6.525,39,61
6.53,39,61
6.535,40,60
6.54,40,60
6.545,43,57
6.55,44,56
6.555,44,56
6.56,43,57
6.565,44,56
6.57,45,55
6.575,45,55
6.58,43,57
6.585,44,56
6.59,45,55
6.595,45,55
6.6,44,56
6.605,44,56
6.61,44,56
6.615,43,57
6.62,43,57
6.625,44,56
6.63,45,55
6.635,45,55
6.64,45,55
6.645,45,55
6.65,44,56
6.655,42,58
6.66,42,58
6.665,41,59
6.67,41,59
6.675,40,60
6.68,38,62
6.685,38,62
6.69,39,61
6.695,39,61
6.7,39,61
6.705,39,61
6.71,39,61
6.715,40,60
6.72,40,60
6.725,40,60
6.73,39,61
6.735,39,61
6.74,38,62
6.745,37,63
6.75,37,63
6.755,37,63
6.76,36,64
6.765,36,64
6.77,35,65
6.775,37,63
6.78,37,63
6.785,36,64
6.79,35,65
6.795,34,66
6.8,34,66
6.805,34,66
6.81,34,66
6.815,34,66
6.82,33,67
6.825,33,67
6.83,33,67
6.835,33,67
6.84,34,66
6.845,34,66
6.85,35,65
6.855,35,65
6.86,37,63
6.865,37,63
6.87,36,64
6.875,34,66
6.88,34,66
6.885,34,66
6.89,35,65
6.895,34,66
6.9,33,67
6.905,33,67
6.91,33,67
6.915,33,67
6.92,33,67
6.925,33,67
6.93,33,67
6.935,34,66
6.94,35,65
6.945,33,67
6.95,32,68
6.955,32,68
6.96,33,67
6.965,32,68
6.97,32,68
6.975,31,69
6.98,31,69
6.985,31,69
6.99,31,69
6.995,31,69
7,31,69
7.005,32,68
7.01,32,68
7.015,32,68
7.02,32,68
7.025,32,68
7.03,32,68
7.035,33,67
7.04,33,67
7.045,34,66
7.05,35,65
7.055,36,64
7.06,36,64
7.065,36,64
7.07,36,64
7.075,34,66
7.08,34,66
7.085,36,64
7.09,37,63
7.095,36,64
7.1,38,62
7.105,37,63
7.11,36,64
7.115,36,64
7.12,36,64
7.125,36,64
7.13,36,64
7.135,36,64
7.14,36,64
7.145,37,63
7.15,37,63
7.155,38,62
7.16,37,63
7.165,37,63
7.17,37,63
7.175,37,63
7.18,37,63
7.185,36,64
7.19,36,64
7.195,36,64
7.2,35,65
7.205,36,64
7.21,36,64
7.215,36,64
7.22,36,64
7.225,36,64
7.23,37,63
7.235,37,63
7.24,40,60
7.245,40,60
7.25,40,60
7.255,39,61
7.26,39,61
7.265,38,62
7.27,38,62
7.275,38,62
7.28,37,63
7.285,37,63
7.29,37,63
7.295,37,63
7.3,37,63
7.305,36,64
7.31,36,64
7.315,36,64
7.32,36,64
7.325,37,63
7.33,36,64
7.335,35,65
7.34,35,65
7.345,36,64
7.35,36,64
7.355,36,64
7.36,36,64
7.365,36,64
7.37,36,64
7.375,38,62
7.38,38,62
7.385,38,62
7.39,38,62
7.395,37,63
7.4,37,63
7.405,37,63
7.41,37,63
7.415,37,63
7.42,37,63
7.425,36,64
7.43,37,63
7.435,37,63
7.44,37,63
7.445,37,63
7.45,38,62
7.455,38,62
7.46,38,62
7.465,38,62
7.47,38,62
7.475,37,63
7.48,37,63
7.485,36,64
7.49,36,64
7.495,36,64
7.5,36,64
7.505,36,64
7.51,34,66
7.515,35,65
7.52,35,65
7.525,35,65
7.53,34,66
7.535,32,68
7.54,33,67
7.545,33,67
7.55,33,67
7.555,32,68
7.56,33,67
7.565,33,67
7.57,33,67
7.575,33,67
7.58,34,66
7.585,34,66
7.59,34,66
7.595,34,66
7.6,32,68
7.605,32,68
7.61,32,68
7.615,32,68
7.62,33,67
7.625,32,68
7.63,32,68
7.635,33,67
7.64,34,66
7.645,34,66
7.65,35,65
7.655,35,65
7.66,36,64
7.665,37,63
7.67,37,63
7.675,35,65
7.68,35,65
7.685,36,64
7.69,36,64
7.695,37,63
7.7,36,64
7.705,36,64
7.71,36,64
7.715,36,64
7.72,35,65
7.725,37,63
7.73,37,63
7.735,38,62
7.74,38,62
7.745,39,61
7.75,39,61
7.755,39,61
7.76,39,61
7.765,39,61
7.77,39,61
7.775,38,62
7.78,40,60
7.785,41,59
7.79,39,61
7.795,39,61
7.8,39,61
7.805,40,60
7.81,40,60
7.815,38,62
7.82,36,64
7.825,36,64
7.83,35,65
7.835,36,64
7.84,36,64
7.845,35,65
7.85,35,65
7.855,35,65
7.86,35,65
7.865,34,66
7.87,34,66
7.875,33,67
7.88,33,67
7.885,33,67
7.89,33,67
7.895,35,65
7.9,36,64
7.905,35,65
7.91,34,66
7.915,34,66
7.92,33,67
7.925,33,67
7.93,33,67
7.935,32,68
7.94,32,68
7.945,32,68
7.95,33,67
7.955,34,66
7.96,34,66
7.965,34,66
7.97,33,67
7.975,34,66
7.98,34,66
7.985,33,67
7.99,34,66
7.995,34,66
8,34,66
8.005,35,65
