Time,Healthy,Undetectable,Detectable
0,97,3,0
1,97,3,0
2,97,3,0
3,97,3,0
4,97,3,0
5,97,3,0
6,97,3,0
7,97,3,0
8,97,3,0
9,97,3,0
10,97,3,0
11,97,3,0
12,97,3,0
13,97,3,0
14,97,3,0
15,97,3,0
16,97,3,0
17,97,3,0
18,97,3,0
19,97,3,0
20,97,3,0
21,97,3,0
22,97,3,0
23,97,3,0
24,97,3,0
25,97,3,0
26,97,3,0
27,97,3,0
28,97,3,0
29,97,3,0
30,97,3,0
31,97,3,0
32,97,3,0
33,97,3,0
34,97,3,0
35,97,3,0
36,97,3,0
37,97,3,0
38,97,3,0
39,97,3,0
40,97,3,0
41,97,3,0
42,97,3,0
43,97,3,0
44,97,3,0
45,97,3,0
46,97,3,0
47,97,3,0
48,97,3,0
49,97,3,0
50,97,3,0
51,97,3,0
52,97,3,0
53,97,3,0
54,97,3,0
55,97,3,0
56,97,3,0
57,97,3,0
58,97,3,0
59,97,3,0
60,97,3,0
61,97,3,0
62,97,3,0
63,97,3,0
64,97,3,0
65,97,3,0
66,97,3,0
67,97,3,0
68,97,3,0
69,97,3,0
70,97,3,0
71,97,3,0
72,97,3,0
73,97,3,0
74,97,3,0
75,97,3,0
76,97,3,0
77,97,3,0
78,97,3,0
79,97,3,0
80,97,3,0
81,97,3,0
82,97,3,0
83,97,3,0
84,97,3,0
85,97,3,0
86,97,3,0
87,97,3,0
88,97,3,0
89,97,3,0
90,97,3,0
91,97,3,0
92,97,3,0
93,97,3,0
94,97,3,0
95,97,3,0
96,97,3,0
97,97,3,0
98,97,3,0
99,97,3,0
100,97,2,1
101,97,2,1
102,97,2,1
103,97,2,1
104,97,2,1
105,97,2,1
106,97,2,1
107,97,2,1
108,97,2,1
109,97,2,1
110,97,2,1
111,97,2,1
112,97,2,1
113,97,2,1
114,97,2,1
115,97,2,1
116,97,2,1
117,97,2,1
118,97,2,1
119,97,2,1
120,97,2,1
121,97,2,1
122,97,2,1
123,97,2,1
124,97,2,1
125,97,2,1
126,97,2,1
127,97,2,1
128,97,2,1
129,97,2,1
130,97,2,1
131,97,2,1
132,97,2,1
133,97,2,1
134,97,1,2
135,97,1,2
136,97,1,2
137,97,1,2
138,97,1,2
139,97,1,2
140,97,1,2
141,97,1,2
142,97,1,2
143,97,1,2
144,97,1,2
145,97,1,2
146,97,1,2
147,97,1,2
148,97,1,2
149,97,1,2
150,97,1,2
151,97,1,2
152,97,1,2
153,97,1,2
154,97,1,2
155,97,1,2
156,97,1,2
157,97,1,2
158,97,1,2
159,97,1,2
160,97,1,2
161,97,1,2
162,97,1,2
163,97,1,2
164,97,1,2
165,97,1,2
166,97,1,2
167,97,1,2
168,97,1,2
169,97,1,2
170,97,1,2
171,97,1,2
172,97,1,2
173,97,1,2
174,97,1,2
175,97,1,2
176,97,1,2
177,97,1,2
178,97,1,2
179,97,1,2
180,97,1,2
181,97,1,2
182,97,0,3
183,97,0,3
184,97,0,3
185,97,0,3
186,97,0,3
187,97,0,3
188,97,0,3
189,97,0,3
190,97,0,3
191,97,0,3
192,97,0,3
193,97,0,3
194,97,0,3
195,97,0,3
196,97,0,3
197,97,0,3
198,97,0,3
199,96,1,3
200,96,1,3
201,96,1,3
202,96,1,3
203,96,1,3
204,96,1,3
205,96,1,3
206,96,1,3
207,96,1,3
208,96,1,3
209,96,1,3
210,96,1,3
211,96,1,3
212,96,1,3
213,96,1,3
214,96,1,3
215,96,1,3
216,96,1,3
217,96,1,3
218,96,1,3
219,96,1,3
220,96,1,3
221,96,1,3
222,96,1,3
223,96,1,3
224,96,1,3
225,96,1,3
226,95,2,3
227,95,2,3
228,95,2,3
229,95,2,3
230,95,2,3
231,95,2,3
232,95,2,3
233,95,2,3
234,95,2,3
235,95,2,3
236,95,2,3
237,95,2,3
238,95,2,3
239,95,2,3
240,95,2,3
241,95,2,3
242,95,2,3
243,95,2,3
244,95,2,3
245,95,2,3
246,95,2,3
247,95,2,3
248,95,2,3
249,95,2,3
250,95,2,3
251,95,2,3
252,95,2,3
253,95,2,3
254,95,2,3
255,95,2,3
256,95,2,3
257,95,2,3
258,95,2,3
259,95,2,3
260,95,2,3
261,95,2,3
262,95,2,3
263,95,2,3
264,95,2,3
265,95,2,3
266,95,2,3
267,95,2,3
268,95,2,3
269,95,2,3
270,95,2,3
271,95,2,3
272,95,2,3
273,95,2,3
274,95,2,3
275,95,2,3
276,95,2,3
277,95,2,3
278,95,2,3
279,95,2,3
280,95,2,3
281,95,2,3
282,95,2,3
283,95,2,3
284,95,2,3
285,95,2,3
286,95,2,3
287,95,2,3
288,95,2,3
289,95,2,3
290,95,2,3
291,95,2,3
292,95,2,3
293,95,2,3
294,95,2,3
295,95,2,3
296,95,2,3
297,95,2,3
298,95,2,3
299,95,2,3
300,95,2,3
301,95,2,3
302,95,2,3
303,95,2,3
304,95,2,3
305,95,2,3
306,95,2,3
307,95,2,3
308,95,2,3
309,95,2,3
310,95,2,3
311,95,2,3
312,95,2,3
313,95,2,3
314,95,2,3
315,95,2,3
316,95,2,3
317,95,2,3
318,95,2,3
319,95,2,3
320,95,2,3
321,95,2,3
322,95,2,3
323,95,2,3
324,95,2,3
325,94,3,3
326,94,3,3
327,94,3,3
328,94,3,3
329,94,3,3
330,94,3,3
331,94,3,3
332,94,3,3
333,94,3,3
334,94,3,3
335,94,3,3
336,94,3,3
337,94,3,3
338,94,3,3
339,94,3,3
340,94,3,3
341,94,3,3
342,94,3,3
343,94,3,3
344,94,3,3
345,94,3,3
346,94,3,3
347,94,3,3
348,94,3,3
349,94,3,3
350,94,3,3
351,94,3,3
352,94,3,3
353,94,3,3
354,94,3,3
355,94,3,3
356,94,3,3
357,94,3,3
358,94,3,3
359,94,3,3
360,94,3,3
361,94,3,3
362,94,3,3
363,94,3,3
364,94,3,3
365,94,3,3
366,94,3,3
367,94,3,3
368,94,3,3
369,94,3,3
370,94,3,3
371,94,3,3
372,94,3,3
373,94,3,3
374,93,4,3
375,93,4,3
376,93,4,3
377,93,4,3
378,93,4,3
379,93,4,3
380,93,4,3
381,93,4,3
382,93,4,3
383,93,4,3
384,93,4,3
385,93,4,3
386,93,4,3
387,93,4,3
388,93,4,3
389,93,4,3
390,93,4,3
391,93,4,3
392,93,4,3
393,93,4,3
394,93,4,3
395,93,4,3
396,93,4,3
397,93,4,3
398,93,4,3
399,93,4,3
400,93,4,3
401,93,4,3
402,93,4,3
403,93,4,3
404,93,4,3
405,93,4,3
406,93,4,3
407,93,4,3
408,93,4,3
409,93,4,3
410,93,4,3
411,93,4,3
412,93,4,3
413,93,4,3
414,93,4,3
415,93,4,3
416,93,4,3
417,93,4,3
418,93,4,3
419,93,4,3
420,93,4,3
421,93,4,3
422,93,4,3
423,93,4,3
424,93,4,3
425,93,4,3
426,93,4,3
427,93,4,3
428,93,4,3
429,93,4,3
430,93,4,3
431,93,4,3
432,93,4,3
433,93,4,3
434,93,4,3
435,93,4,3
436,93,4,3
437,93,3,4
438,93,3,4
439,93,3,4
440,93,3,4
441,93,3,4
442,93,3,4
443,93,3,4
444,93,3,4
445,93,3,4
446,93,3,4
447,93,3,4
448,93,3,4
449,93,3,4
450,93,3,4
451,93,3,4
452,93,3,4
453,93,3,4
454,93,3,4
455,93,3,4
456,93,3,4
457,93,3,4
458,93,3,4
459,93,3,4
460,93,3,4
461,93,3,4
462,93,3,4
463,93,3,4
464,93,3,4
465,93,3,4
466,93,3,4
467,93,3,4
468,93,3,4
469,93,3,4
470,93,3,4
471,93,3,4
472,93,3,4
473,93,3,4
474,93,3,4
475,93,3,4
476,93,3,4
477,93,3,4
478,93,3,4
479,93,3,4
480,93,3,4
481,93,3,4
482,93,3,4
483,93,3,4
484,93,3,4
485,93,3,4
486,93,3,4
487,93,3,4
488,93,3,4
489,93,3,4
490,93,3,4
491,93,3,4
492,93,3,4
493,93,3,4
494,93,3,4
495,93,3,4
496,93,3,4
497,93,3,4
498,93,3,4
499,93,3,4
500,93,3,4
501,93,3,4
502,93,3,4
503,92,4,4
504,92,4,4
505,92,4,4
506,92,4,4
507,92,4,4
508,91,5,4
509,91,5,4
510,91,5,4
511,91,5,4
512,91,5,4
513,91,5,4
514,91,5,4
515,91,5,4
516,91,5,4
517,91,5,4
518,91,5,4
519,91,5,4
520,91,5,4
521,91,5,4
522,91,5,4
523,91,5,4
524,91,5,4
525,91,5,4
526,91,5,4
527,91,5,4
528,91,5,4
529,91,5,4
530,91,5,4
531,91,5,4
532,90,6,4
533,90,6,4
534,90,6,4
535,90,6,4
536,90,6,4
537,90,6,4
538,90,6,4
539,90,6,4
540,90,6,4
541,89,7,4
542,89,7,4
543,89,7,4
544,89,7,4
545,89,7,4
546,89,7,4
547,89,7,4
548,89,7,4
549,89,7,4
550,89,7,4
551,89,7,4
552,89,7,4
553,89,7,4
554,89,7,4
555,89,7,4
556,89,7,4
557,89,7,4
558,89,7,4
559,89,7,4
560,89,7,4
561,89,7,4
562,89,7,4
563,89,7,4
564,89,7,4
565,89,7,4
566,89,7,4
567,89,7,4
568,89,7,4
569,89,7,4
570,89,7,4
571,89,7,4
572,89,7,4
573,89,7,4
574,89,7,4
575,89,7,4
576,88,8,4
577,88,8,4
578,88,8,4
579,88,8,4
580,88,7,5
581,88,7,5
582,88,7,5
583,88,7,5
584,88,7,5
585,88,7,5
586,88,7,5
587,88,7,5
588,88,7,5
589,88,7,5
590,87,8,5
591,87,8,5
592,87,8,5
593,86,9,5
594,86,9,5
595,86,9,5
596,86,9,5
597,86,9,5
598,86,9,5
599,86,9,5
600,86,9,5
601,86,9,5
602,86,9,5
603,86,9,5
604,86,9,5
605,86,9,5
606,86,9,5
607,86,9,5
608,86,9,5
609,86,9,5
610,86,9,5
611,86,9,5
612,86,9,5
613,86,9,5
614,86,9,5
615,86,9,5
616,86,9,5
617,86,9,5
618,86,9,5
619,86,9,5
620,86,9,5
621,84,11,5
622,84,10,6
623,84,10,6
624,84,10,6
625,84,10,6
626,84,10,6
627,84,10,6
628,84,10,6
629,84,10,6
630,84,10,6
631,84,10,6
632,84,10,6
633,84,10,6
634,84,10,6
635,84,10,6
636,84,10,6
637,84,10,6
638,84,10,6
639,84,10,6
640,84,10,6
641,84,10,6
642,84,10,6
643,84,10,6
644,84,10,6
645,84,10,6
646,84,10,6
647,84,10,6
648,84,10,6
649,84,10,6
650,84,10,6
651,84,10,6
652,84,10,6
653,82,12,6
654,82,12,6
655,82,12,6
656,82,12,6
657,82,12,6
658,82,12,6
659,82,12,6
660,82,12,6
661,82,12,6
662,82,12,6
663,82,12,6
664,82,12,6
665,82,12,6
666,81,13,6
667,81,13,6
668,81,13,6
669,81,13,6
670,81,13,6
671,81,13,6
672,81,13,6
673,81,12,7
674,81,12,7
675,81,12,7
676,81,12,7
677,81,12,7
678,81,12,7
679,81,12,7
680,81,12,7
681,81,12,7
682,81,12,7
683,81,12,7
684,81,12,7
685,81,12,7
686,81,12,7
687,81,12,7
688,81,12,7
689,81,12,7
690,81,12,7
691,81,12,7
692,81,12,7
693,81,12,7
694,81,12,7
695,80,11,9
696,78,13,9
697,76,15,9
698,76,15,9
699,76,15,9
700,76,15,9
701,76,15,9
702,76,15,9
703,76,15,9
704,76,15,9
705,76,15,9
706,75,16,9
707,75,16,9
708,74,17,9
709,74,17,9
710,74,17,9
711,74,17,9
712,74,17,9
713,74,17,9
714,74,17,9
715,73,18,9
716,72,19,9
717,72,19,9
718,72,19,9
719,72,19,9
720,72,19,9
721,72,19,9
722,72,19,9
723,72,19,9
724,72,19,9
725,72,19,9
726,72,19,9
727,72,19,9
728,72,19,9
729,72,19,9
730,72,19,9
731,72,19,9
732,72,19,9
733,72,19,9
734,72,19,9
735,72,19,9
736,72,19,9
737,72,19,9
738,72,19,9
739,72,19,9
740,72,19,9
741,72,19,9
742,72,19,9
743,71,20,9
744,71,20,9
745,71,20,9
746,70,21,9
747,70,21,9
748,70,21,9
749,69,21,10
750,68,22,10
751,68,22,10
752,67,23,10
753,67,23,10
754,67,23,10
755,67,23,10
756,67,23,10
757,67,23,10
758,67,23,10
759,67,23,10
760,66,24,10
761,64,26,10
762,64,26,10
763,64,25,11
764,64,25,11
765,64,25,11
766,64,25,11
767,64,25,11
768,64,25,11
769,64,25,11
770,64,25,11
771,64,25,11
772,64,25,11
773,64,25,11
774,64,25,11
775,64,25,11
776,64,25,11
777,64,24,12
778,64,24,12
779,64,24,12
780,64,24,12
781,64,24,12
782,64,24,12
783,64,24,12
784,64,24,12
785,64,24,12
786,64,24,12
787,64,24,12
788,64,24,12
789,64,24,12
790,64,24,12
791,63,25,12
792,63,25,12
793,63,25,12
794,63,25,12
795,63,25,12
796,63,25,12
797,63,25,12
798,62,26,12
799,62,26,12
800,62,26,12
801,62,26,12
802,62,26,12
803,62,26,12
804,62,26,12
805,62,26,12
806,62,26,12
807,62,26,12
808,62,26,12
809,62,26,12
810,62,26,12
811,62,26,12
812,62,25,13
813,62,25,13
814,62,25,13
815,62,25,13
816,62,25,13
817,62,25,13
818,62,25,13
819,61,26,13
820,61,26,13
821,61,26,13
822,61,26,13
823,61,26,13
824,61,26,13
825,61,26,13
826,61,26,13
827,61,26,13
828,61,26,13
829,61,26,13
830,61,26,13
831,61,26,13
832,61,26,13
833,61,26,13
834,61,26,13
835,61,26,13
836,61,26,13
837,60,27,13
838,60,27,13
839,60,27,13
840,60,27,13
841,60,27,13
842,60,27,13
843,60,27,13
844,60,27,13
845,60,27,13
846,60,27,13
847,60,27,13
848,60,27,13
849,60,27,13
850,59,28,13
851,59,28,13
852,59,27,14
853,59,27,14
854,59,26,15
855,59,26,15
856,58,27,15
857,57,28,15
858,57,28,15
859,56,29,15
860,55,30,15
861,55,30,15
862,55,30,15
863,55,30,15
864,55,30,15
865,54,31,15
866,54,31,15
867,54,31,15
868,54,31,15
869,54,30,16
870,54,30,16
871,53,31,16
872,53,31,16
873,53,30,17
874,53,30,17
875,53,30,17
876,52,31,17
877,52,31,17
878,52,30,18
879,52,30,18
880,52,30,18
881,52,30,18
882,52,30,18
883,51,31,18
884,51,31,18
885,51,31,18
886,50,32,18
887,50,32,18
888,50,32,18
889,49,33,18
890,48,34,18
891,48,34,18
892,48,34,18
893,48,34,18
894,48,34,18
895,47,35,18
896,47,35,18
897,47,35,18
898,47,35,18
899,47,35,18
900,47,35,18
901,47,34,19
902,47,34,19
903,47,34,19
904,47,34,19
905,47,34,19
906,47,34,19
907,47,34,19
908,47,34,19
909,47,34,19
910,47,34,19
911,47,34,19
912,47,34,19
913,47,33,20
914,46,33,21
915,46,33,21
916,46,33,21
917,46,33,21
918,45,33,22
919,45,33,22
920,45,33,22
921,45,33,22
922,45,33,22
923,45,32,23
924,45,32,23
925,45,32,23
926,45,31,24
927,45,31,24
928,45,31,24
929,45,31,24
930,45,31,24
931,45,31,24
932,44,32,24
933,44,32,24
934,44,32,24
935,44,32,24
936,44,32,24
937,44,32,24
938,44,32,24
939,44,32,24
940,44,32,24
941,44,32,24
942,44,32,24
943,42,34,24
944,42,34,24
945,42,34,24
946,42,34,24
947,41,35,24
948,41,35,24
949,41,35,24
950,41,35,24
951,41,35,24
952,41,35,24
953,41,35,24
954,41,35,24
955,41,35,24
956,41,34,25
957,41,34,25
958,41,34,25
959,41,33,26
960,40,33,27
961,40,33,27
962,40,33,27
963,40,33,27
964,39,34,27
965,39,34,27
966,39,34,27
967,38,35,27
968,38,35,27
969,38,35,27
970,38,35,27
971,38,35,27
972,38,34,28
973,37,35,28
974,37,35,28
975,36,36,28
976,36,36,28
977,36,36,28
978,36,36,28
979,36,35,29
980,36,35,29
981,36,35,29
982,36,35,29
983,36,35,29
984,35,36,29
985,33,38,29
986,33,38,29
987,33,38,29
988,33,38,29
989,33,38,29
990,33,38,29
991,33,38,29
992,33,38,29
993,33,38,29
994,33,38,29
995,33,38,29
996,33,38,29
997,33,38,29
998,32,39,29
999,32,39,29
1000,32,39,29
1001,32,39,29
1002,32,39,29
1003,32,39,29
1004,32,39,29
1005,32,38,30
1006,32,38,30
1007,32,38,30
1008,32,38,30
1009,32,38,30
1010,32,38,30
1011,32,38,30
1012,31,39,30
1013,31,39,30
1014,31,39,30
1015,31,39,30
1016,31,38,31
1017,31,38,31
1018,31,38,31
1019,31,38,31
1020,31,38,31
1021,31,38,31
1022,31,37,32
1023,31,37,32
1024,31,37,32
1025,31,37,32
1026,31,37,32
1027,31,37,32
1028,31,37,32
1029,31,37,32
1030,31,37,32
1031,31,37,32
1032,31,37,32
1033,31,37,32
1034,31,37,32
1035,31,37,32
1036,31,37,32
1037,31,37,32
1038,31,37,32
1039,31,37,32
1040,30,38,32
1041,30,38,32
1042,30,38,32
1043,30,38,32
1044,30,38,32
1045,30,37,33
1046,30,37,33
1047,30,36,34
1048,29,37,34
1049,29,37,34
1050,29,37,34
1051,29,37,34
1052,29,37,34
1053,29,37,34
1054,29,36,35
1055,29,36,35
1056,29,36,35
1057,29,36,35
1058,29,36,35
1059,29,36,35
1060,29,36,35
1061,28,37,35
1062,27,38,35
1063,27,38,35
1064,26,39,35
1065,26,39,35
1066,26,38,36
1067,26,38,36
1068,24,40,36
1069,24,40,36
1070,24,40,36
1071,24,40,36
1072,24,39,37
1073,23,40,37
1074,22,41,37
1075,22,41,37
1076,21,42,37
1077,21,42,37
1078,21,41,38
1079,21,41,38
1080,21,41,38
1081,21,41,38
1082,21,41,38
1083,21,41,38
1084,21,41,38
1085,21,41,38
1086,21,41,38
1087,21,41,38
1088,21,41,38
1089,21,41,38
1090,21,41,38
1091,21,41,38
1092,21,41,38
1093,21,41,38
1094,21,41,38
1095,21,39,40
1096,21,39,40
1097,21,39,40
1098,21,39,40
1099,21,39,40
1100,21,39,40
1101,21,39,40
1102,20,40,40
1103,20,40,40
1104,20,40,40
1105,20,40,40
1106,20,40,40
1107,20,40,40
1108,20,40,40
1109,20,40,40
1110,20,40,40
1111,19,41,40
1112,18,42,40
1113,18,42,40
1114,18,41,41
1115,18,41,41
1116,18,41,41
1117,18,41,41
1118,18,41,41
1119,18,41,41
1120,18,41,41
1121,18,41,41
1122,18,41,41
1123,18,41,41
1124,18,41,41
1125,18,41,41
1126,18,41,41
1127,18,41,41
1128,18,41,41
1129,18,41,41
1130,18,41,41
1131,17,42,41
1132,17,42,41
1133,17,42,41
1134,17,42,41
1135,17,41,42
1136,16,42,42
1137,16,42,42
1138,16,42,42
1139,16,42,42
1140,16,42,42
1141,16,42,42
1142,16,42,42
1143,16,42,42
1144,16,41,43
1145,16,41,43
1146,15,42,43
1147,15,42,43
1148,14,43,43
1149,14,43,43
1150,14,43,43
1151,14,43,43
1152,14,41,45
1153,14,41,45
1154,13,42,45
1155,13,42,45
1156,12,43,45
1157,12,43,45
1158,12,43,45
1159,12,43,45
1160,11,44,45
1161,11,44,45
1162,11,44,45
1163,11,44,45
1164,11,44,45
1165,11,44,45
1166,11,44,45
1167,11,44,45
1168,11,44,45
1169,11,44,45
1170,11,44,45
1171,11,44,45
1172,11,44,45
1173,11,44,45
1174,11,44,45
1175,11,44,45
1176,11,43,46
1177,11,42,47
1178,11,42,47
1179,11,42,47
1180,11,42,47
1181,11,42,47
1182,11,42,47
1183,10,43,47
1184,10,43,47
1185,10,43,47
1186,10,43,47
1187,10,43,47
1188,10,43,47
1189,10,43,47
1190,10,43,47
1191,10,43,47
1192,10,43,47
1193,10,43,47
1194,10,43,47
1195,10,43,47
1196,10,42,48
1197,10,42,48
1198,10,42,48
1199,10,42,48
1200,10,42,48
1201,10,42,48
1202,9,43,48
1203,8,44,48
1204,8,43,49
1205,8,43,49
1206,8,43,49
1207,8,43,49
1208,8,43,49
1209,8,43,49
1210,8,43,49
1211,8,43,49
1212,8,43,49
1213,8,43,49
1214,8,43,49
1215,8,43,49
1216,8,43,49
1217,8,43,49
1218,8,43,49
1219,8,43,49
1220,8,43,49
1221,8,42,50
1222,8,42,50
1223,8,42,50
1224,8,42,50
1225,8,42,50
1226,8,42,50
1227,8,42,50
1228,8,42,50
1229,8,42,50
1230,8,42,50
1231,8,42,50
1232,7,43,50
1233,6,44,50
1234,6,44,50
1235,6,44,50
1236,6,44,50
1237,6,44,50
1238,6,44,50
1239,6,44,50
1240,6,44,50
1241,6,44,50
1242,6,43,51
1243,6,43,51
1244,6,43,51
1245,5,44,51
1246,5,44,51
1247,5,44,51
1248,5,43,52
1249,5,43,52
1250,5,43,52
1251,5,43,52
1252,5,43,52
1253,5,43,52
1254,5,43,52
1255,5,43,52
1256,5,43,52
1257,5,43,52
1258,5,42,53
1259,5,42,53
1260,5,42,53
1261,5,41,54
1262,5,41,54
1263,5,41,54
1264,5,41,54
1265,5,40,55
1266,5,40,55
1267,5,40,55
1268,5,40,55
1269,5,40,55
1270,5,40,55
1271,5,40,55
1272,5,40,55
1273,5,40,55
1274,5,40,55
1275,5,40,55
1276,5,40,55
1277,5,40,55
1278,5,40,55
1279,5,40,55
1280,5,40,55
1281,5,40,55
1282,5,40,55
1283,5,40,55
1284,5,40,55
1285,5,40,55
1286,5,40,55
1287,5,40,55
1288,5,40,55
1289,5,39,56
1290,5,39,56
1291,5,39,56
1292,5,39,56
1293,5,39,56
1294,5,39,56
1295,5,39,56
1296,5,39,56
1297,5,39,56
1298,4,40,56
1299,4,40,56
1300,4,40,56
1301,4,40,56
1302,4,40,56
1303,4,40,56
1304,4,40,56
1305,4,39,57
1306,4,39,57
1307,4,38,58
1308,4,38,58
1309,4,37,59
1310,4,37,59
1311,4,37,59
1312,4,37,59
1313,4,36,60
1314,4,36,60
1315,4,36,60
1316,4,35,61
1317,4,35,61
1318,4,35,61
1319,4,35,61
1320,4,35,61
1321,4,35,61
1322,4,35,61
1323,4,34,62
1324,4,34,62
1325,4,34,62
1326,4,34,62
1327,4,34,62
1328,4,34,62
1329,4,34,62
1330,4,34,62
1331,4,34,62
1332,4,34,62
1333,4,34,62
1334,4,34,62
1335,4,34,62
1336,4,34,62
1337,4,34,62
1338,4,34,62
1339,4,34,62
1340,4,34,62
1341,4,34,62
1342,4,34,62
1343,4,34,62
1344,4,34,62
1345,4,34,62
1346,4,34,62
1347,4,34,62
1348,4,34,62
1349,4,34,62
1350,4,34,62
1351,4,34,62
1352,4,34,62
1353,4,34,62
1354,4,34,62
1355,4,34,62
1356,4,34,62
1357,4,34,62
1358,4,34,62
1359,4,33,63
1360,4,33,63
1361,4,33,63
1362,4,33,63
1363,4,33,63
1364,4,33,63
1365,4,33,63
1366,4,33,63
1367,4,33,63
1368,4,33,63
1369,4,33,63
1370,4,33,63
1371,4,33,63
1372,4,33,63
1373,4,33,63
1374,4,33,63
1375,4,33,63
1376,4,32,64
1377,4,32,64
1378,4,32,64
1379,4,32,64
1380,4,32,64
1381,4,32,64
1382,4,32,64
1383,4,32,64
1384,4,32,64
1385,4,32,64
1386,4,32,64
1387,4,32,64
1388,4,32,64
1389,4,32,64
1390,4,32,64
1391,4,32,64
1392,4,32,64
1393,4,32,64
1394,4,32,64
1395,4,32,64
1396,4,32,64
1397,4,32,64
1398,4,32,64
1399,4,32,64
1400,3,33,64
1401,3,33,64
1402,3,32,65
1403,3,32,65
1404,3,31,66
1405,3,31,66
1406,3,31,66
1407,3,31,66
1408,3,31,66
1409,3,31,66
1410,3,31,66
1411,3,31,66
1412,3,31,66
1413,3,30,67
1414,3,30,67
1415,3,30,67
1416,3,30,67
1417,3,30,67
1418,3,30,67
1419,3,30,67
1420,3,30,67
1421,3,30,67
1422,3,30,67
1423,3,29,68
1424,3,29,68
1425,3,29,68
1426,3,29,68
1427,3,29,68
1428,3,29,68
1429,2,30,68
1430,2,30,68
1431,2,30,68
1432,2,30,68
1433,2,30,68
1434,2,30,68
1435,2,30,68
1436,2,30,68
1437,2,30,68
1438,2,30,68
1439,2,30,68
1440,2,30,68
1441,2,30,68
1442,2,29,69
1443,2,29,69
1444,2,29,69
1445,2,28,70
1446,2,28,70
1447,2,28,70
1448,2,28,70
1449,2,28,70
1450,2,28,70
1451,2,28,70
1452,2,28,70
1453,2,28,70
1454,2,28,70
1455,2,28,70
1456,2,28,70
1457,2,28,70
1458,2,28,70
1459,2,28,70
1460,2,28,70
1461,2,28,70
1462,2,28,70
1463,2,28,70
1464,2,28,70
1465,2,28,70
1466,2,28,70
1467,2,28,70
1468,2,28,70
1469,2,28,70
1470,2,28,70
1471,2,28,70
1472,2,28,70
1473,2,28,70
1474,2,28,70
1475,2,28,70
1476,2,28,70
1477,2,28,70
1478,2,28,70
1479,2,28,70
1480,2,28,70
1481,2,28,70
1482,2,28,70
1483,2,28,70
1484,2,28,70
1485,2,28,70
1486,2,28,70
1487,2,28,70
1488,2,28,70
1489,2,28,70
1490,2,28,70
1491,2,28,70
1492,2,28,70
1493,2,28,70
1494,2,28,70
1495,2,28,70
1496,2,28,70
1497,2,28,70
1498,2,28,70
1499,2,28,70
1500,2,28,70
1501,2,28,70
1502,2,28,70
1503,2,28,70
1504,2,27,71
1505,2,27,71
1506,2,27,71
1507,2,27,71
1508,2,27,71
1509,2,27,71
1510,2,27,71
1511,2,27,71
1512,2,27,71
1513,2,27,71
1514,2,27,71
1515,2,27,71
1516,2,27,71
1517,2,27,71
1518,2,27,71
1519,2,27,71
1520,2,27,71
1521,2,27,71
1522,2,27,71
1523,2,27,71
1524,2,27,71
1525,2,27,71
1526,2,27,71
1527,2,27,71
1528,2,27,71
1529,2,27,71
1530,2,27,71
1531,2,27,71
1532,2,27,71
1533,2,27,71
1534,2,27,71
1535,2,27,71
1536,2,27,71
1537,2,27,71
1538,2,27,71
1539,2,27,71
1540,2,27,71
1541,2,27,71
1542,2,27,71
1543,2,27,71
1544,2,27,71
1545,2,27,71
1546,2,27,71
1547,2,27,71
1548,2,27,71
1549,2,27,71
1550,2,27,71
1551,2,27,71
1552,2,27,71
1553,2,27,71
1554,2,27,71
1555,2,27,71
1556,2,27,71
1557,2,27,71
1558,2,27,71
1559,2,27,71
1560,2,27,71
1561,2,27,71
1562,1,26,73
1563,1,26,73
1564,1,26,73
1565,1,26,73
1566,1,26,73
1567,1,26,73
1568,1,26,73
1569,1,26,73
1570,1,26,73
1571,1,26,73
1572,1,26,73
1573,1,26,73
1574,1,26,73
1575,1,26,73
1576,1,26,73
1577,1,26,73
1578,1,26,73
1579,1,26,73
1580,1,26,73
1581,1,26,73
1582,1,26,73
1583,1,26,73
1584,1,25,74
1585,1,25,74
1586,1,25,74
1587,1,25,74
1588,1,25,74
1589,1,25,74
1590,1,25,74
1591,1,25,74
1592,1,25,74
1593,1,25,74
1594,1,25,74
1595,1,25,74
1596,1,25,74
1597,1,25,74
1598,1,25,74
1599,1,25,74
1600,1,25,74
1601,1,25,74
1602,1,25,74
1603,1,25,74
1604,1,25,74
1605,1,25,74
1606,1,25,74
1607,1,25,74
1608,1,25,74
1609,1,25,74
1610,1,25,74
1611,1,25,74
1612,1,25,74
1613,1,25,74
1614,1,25,74
1615,1,25,74
1616,1,25,74
1617,1,25,74
1618,1,25,74
1619,1,24,75
1620,1,24,75
1621,1,24,75
1622,1,24,75
1623,1,24,75
1624,1,24,75
1625,1,23,76
1626,1,23,76
1627,1,23,76
1628,1,23,76
1629,1,23,76
1630,1,23,76
1631,1,23,76
1632,1,23,76
1633,1,23,76
1634,1,23,76
1635,1,23,76
1636,1,23,76
1637,1,23,76
1638,1,23,76
1639,1,23,76
1640,1,22,77
1641,1,22,77
1642,1,22,77
1643,1,22,77
1644,1,22,77
1645,1,22,77
1646,1,22,77
1647,1,22,77
1648,1,22,77
1649,1,22,77
1650,1,22,77
1651,1,22,77
1652,1,22,77
1653,1,22,77
1654,1,22,77
1655,1,22,77
1656,1,22,77
1657,1,22,77
1658,1,22,77
1659,1,22,77
1660,1,22,77
1661,0,23,77
1662,0,23,77
1663,0,23,77
1664,0,23,77
1665,0,23,77
1666,0,23,77
1667,0,23,77
1668,0,23,77
1669,0,23,77
1670,0,23,77
1671,0,23,77
1672,0,23,77
1673,0,23,77
1674,0,23,77
1675,0,23,77
1676,0,23,77
1677,0,22,78
1678,0,22,78
1679,0,22,78
1680,0,22,78
1681,0,22,78
1682,0,22,78
1683,0,22,78
1684,0,22,78
1685,0,22,78
1686,0,22,78
1687,0,22,78
1688,0,22,78
1689,0,22,78
1690,0,22,78
1691,0,22,78
1692,0,21,79
1693,0,21,79
1694,0,21,79
1695,0,21,79
1696,0,21,79
1697,0,21,79
1698,0,21,79
1699,0,21,79
1700,0,21,79
1701,0,21,79
1702,0,21,79
1703,0,21,79
1704,0,21,79
1705,0,21,79
1706,0,21,79
1707,0,21,79
1708,0,21,79
1709,0,21,79
1710,0,21,79
1711,0,21,79
1712,0,21,79
1713,0,21,79
1714,0,21,79
1715,0,21,79
1716,0,21,79
1717,0,21,79
1718,0,21,79
1719,0,21,79
1720,0,21,79
1721,0,21,79
1722,0,21,79
1723,0,21,79
1724,0,21,79
1725,0,21,79
1726,0,21,79
1727,0,21,79
1728,0,21,79
1729,0,21,79
1730,0,21,79
1731,0,21,79
1732,0,21,79
1733,0,21,79
1734,0,21,79
1735,0,21,79
1736,0,21,79
1737,0,21,79
1738,0,21,79
1739,0,20,80
1740,0,20,80
1741,0,20,80
1742,0,19,81
1743,0,19,81
1744,0,19,81
1745,0,19,81
1746,0,19,81
1747,0,19,81
1748,0,19,81
1749,0,18,82
1750,0,18,82
1751,0,18,82
1752,0,18,82
1753,0,18,82
1754,0,18,82
1755,0,18,82
1756,0,18,82
1757,0,18,82
1758,0,18,82
1759,0,18,82
1760,0,18,82
1761,0,18,82
1762,0,18,82
1763,0,18,82
1764,0,18,82
1765,0,18,82
1766,0,18,82
1767,0,18,82
1768,0,18,82
1769,0,18,82
1770,0,18,82
1771,0,18,82
1772,0,18,82
1773,0,18,82
1774,0,18,82
1775,0,18,82
1776,0,18,82
1777,0,18,82
1778,0,18,82
1779,0,18,82
1780,0,18,82
1781,0,18,82
1782,0,18,82
1783,0,18,82
1784,0,17,83
1785,0,17,83
1786,0,17,83
1787,0,17,83
1788,0,17,83
1789,0,17,83
1790,0,17,83
1791,0,16,84
1792,0,16,84
1793,0,16,84
1794,0,16,84
1795,0,16,84
1796,0,16,84
1797,0,16,84
1798,0,16,84
1799,0,16,84
1800,0,16,84
1801,0,16,84
1802,0,16,84
1803,0,16,84
1804,0,16,84
1805,0,16,84
1806,0,16,84
1807,0,16,84
1808,0,16,84
1809,0,16,84
1810,0,16,84
1811,0,16,84
1812,0,16,84
1813,0,16,84
1814,0,16,84
1815,0,16,84
1816,0,16,84
1817,0,16,84
1818,0,16,84
1819,0,16,84
1820,0,15,85
1821,0,15,85
1822,0,15,85
1823,0,14,86
1824,0,14,86
1825,0,14,86
1826,0,14,86
1827,0,14,86
1828,0,13,87
1829,0,13,87
1830,0,13,87
1831,0,13,87
1832,0,13,87
1833,0,13,87
1834,0,13,87
1835,0,13,87
1836,0,12,88
1837,0,12,88
1838,0,12,88
1839,0,12,88
1840,0,12,88
1841,0,12,88
1842,0,12,88
1843,0,12,88
1844,0,12,88
1845,0,12,88
1846,0,12,88
1847,0,12,88
1848,0,12,88
1849,0,12,88
1850,0,12,88
1851,0,12,88
1852,0,12,88
1853,0,12,88
1854,0,12,88
1855,0,12,88
1856,0,12,88
1857,0,12,88
1858,0,12,88
1859,0,12,88
1860,0,12,88
1861,0,12,88
1862,0,11,89
1863,0,11,89
1864,0,11,89
1865,0,11,89
1866,0,11,89
1867,0,11,89
1868,0,11,89
1869,0,11,89
1870,0,11,89
1871,0,11,89
1872,0,11,89
1873,0,11,89
1874,0,11,89
1875,0,11,89
1876,0,11,89
1877,0,11,89
1878,0,11,89
1879,0,11,89
1880,0,11,89
1881,0,11,89
1882,0,11,89
1883,0,11,89
1884,0,11,89
1885,0,11,89
1886,0,11,89
1887,0,11,89
1888,0,11,89
1889,0,11,89
1890,0,11,89
1891,0,11,89
1892,0,11,89
1893,0,11,89
1894,0,11,89
1895,0,11,89
1896,0,11,89
1897,0,11,89
1898,0,11,89
1899,0,11,89
1900,0,11,89
1901,0,11,89
1902,0,11,89
1903,0,11,89
1904,0,11,89
1905,0,11,89
1906,0,11,89
1907,0,11,89
1908,0,11,89
1909,0,11,89
1910,0,11,89
1911,0,11,89
1912,0,11,89
1913,0,11,89
1914,0,11,89
1915,0,11,89
1916,0,11,89
1917,0,11,89
1918,0,11,89
1919,0,11,89
1920,0,11,89
1921,0,11,89
1922,0,11,89
1923,0,11,89
1924,0,11,89
1925,0,11,89
1926,0,11,89
1927,0,11,89
1928,0,11,89
1929,0,11,89
1930,0,11,89
1931,0,11,89
1932,0,11,89
1933,0,11,89
1934,0,11,89
1935,0,11,89
1936,0,11,89
1937,0,11,89
1938,0,11,89
1939,0,11,89
1940,0,11,89
1941,0,11,89
1942,0,11,89
1943,0,11,89
1944,0,11,89
1945,0,11,89
1946,0,11,89
1947,0,11,89
1948,0,11,89
1949,0,11,89
1950,0,11,89
1951,0,11,89
1952,0,11,89
1953,0,11,89
1954,0,11,89
1955,0,11,89
1956,0,11,89
1957,0,11,89
1958,0,10,90
1959,0,10,90
1960,0,10,90
1961,0,10,90
1962,0,10,90
1963,0,10,90
1964,0,10,90
1965,0,10,90
1966,0,10,90
1967,0,10,90
1968,0,10,90
1969,0,10,90
1970,0,10,90
1971,0,10,90
1972,0,10,90
1973,0,9,91
1974,0,9,91
1975,0,9,91
1976,0,9,91
1977,0,9,91
1978,0,9,91
1979,0,9,91
1980,0,9,91
1981,0,9,91
1982,0,9,91
1983,0,9,91
1984,0,9,91
1985,0,9,91
1986,0,9,91
1987,0,9,91
1988,0,9,91
1989,0,9,91
1990,0,9,91
1991,0,9,91
1992,0,9,91
1993,0,9,91
1994,0,9,91
1995,0,9,91
1996,0,9,91
1997,0,9,91
1998,0,9,91
1999,0,9,91
2000,0,9,91
2001,0,9,91
2002,0,9,91
2003,0,9,91
2004,0,9,91
2005,0,9,91
2006,0,9,91
2007,0,9,91
2008,0,9,91
2009,0,9,91
2010,0,8,92
2011,0,8,92
2012,0,8,92
2013,0,8,92
2014,0,8,92
2015,0,8,92
2016,0,8,92
2017,0,8,92
2018,0,8,92
2019,0,8,92
2020,0,8,92
2021,0,8,92
2022,0,8,92
2023,0,8,92
2024,0,8,92
2025,0,8,92
2026,0,8,92
2027,0,8,92
2028,0,8,92
2029,0,8,92
2030,0,8,92
2031,0,8,92
2032,0,8,92
2033,0,8,92
2034,0,8,92
2035,0,8,92
2036,0,8,92
2037,0,8,92
2038,0,8,92
2039,0,8,92
2040,0,8,92
2041,0,8,92
2042,0,8,92
2043,0,8,92
2044,0,8,92
2045,0,8,92
2046,0,8,92
2047,0,8,92
2048,0,8,92
2049,0,8,92
2050,0,8,92
2051,0,8,92
2052,0,8,92
2053,0,8,92
2054,0,8,92
2055,0,8,92
2056,0,8,92
2057,0,8,92
2058,0,8,92
2059,0,8,92
2060,0,8,92
2061,0,8,92
2062,0,8,92
2063,0,8,92
2064,0,8,92
2065,0,8,92
2066,0,8,92
2067,0,8,92
2068,0,8,92
2069,0,8,92
2070,0,8,92
2071,0,8,92
2072,0,8,92
2073,0,8,92
2074,0,8,92
2075,0,8,92
2076,0,8,92
2077,0,8,92
2078,0,8,92
2079,0,8,92
2080,0,8,92
2081,0,8,92
2082,0,8,92
2083,0,8,92
2084,0,8,92
2085,0,8,92
2086,0,8,92
2087,0,8,92
2088,0,8,92
2089,0,8,92
2090,0,8,92
2091,0,8,92
2092,0,8,92
2093,0,8,92
2094,0,8,92
2095,0,8,92
2096,0,8,92
2097,0,8,92
2098,0,8,92
2099,0,8,92
2100,0,8,92
2101,0,8,92
2102,0,8,92
2103,0,8,92
2104,0,7,93
2105,0,7,93
2106,0,7,93
2107,0,7,93
2108,0,7,93
2109,0,7,93
2110,0,7,93
2111,0,7,93
2112,0,7,93
2113,0,7,93
2114,0,7,93
2115,0,7,93
2116,0,7,93
2117,0,7,93
2118,0,7,93
2119,0,7,93
2120,0,7,93
2121,0,7,93
2122,0,7,93
2123,0,7,93
2124,0,7,93
2125,0,7,93
2126,0,7,93
2127,0,7,93
2128,0,7,93
2129,0,7,93
2130,0,7,93
2131,0,7,93
2132,0,7,93
2133,0,7,93
2134,0,7,93
2135,0,7,93
2136,0,7,93
2137,0,7,93
2138,0,7,93
2139,0,7,93
2140,0,7,93
2141,0,7,93
2142,0,7,93
2143,0,7,93
2144,0,7,93
2145,0,7,93
2146,0,7,93
2147,0,7,93
2148,0,7,93
2149,0,7,93
2150,0,7,93
2151,0,7,93
2152,0,7,93
2153,0,7,93
2154,0,7,93
2155,0,7,93
2156,0,7,93
2157,0,7,93
2158,0,7,93
2159,0,7,93
2160,0,7,93
2161,0,7,93
2162,0,7,93
2163,0,7,93
2164,0,7,93
2165,0,7,93
2166,0,7,93
2167,0,7,93
2168,0,7,93
2169,0,7,93
2170,0,7,93
2171,0,7,93
2172,0,7,93
2173,0,7,93
2174,0,7,93
2175,0,7,93
2176,0,7,93
2177,0,7,93
2178,0,7,93
2179,0,7,93
2180,0,7,93
2181,0,7,93
2182,0,7,93
2183,0,7,93
2184,0,7,93
2185,0,7,93
2186,0,7,93
2187,0,7,93
2188,0,7,93
2189,0,7,93
2190,0,7,93
2191,0,7,93
2192,0,7,93
2193,0,7,93
2194,0,7,93
2195,0,7,93
2196,0,7,93
2197,0,7,93
2198,0,7,93
2199,0,7,93
2200,0,7,93
2201,0,7,93
2202,0,7,93
2203,0,7,93
2204,0,7,93
2205,0,7,93
2206,0,7,93
2207,0,7,93
2208,0,7,93
2209,0,6,94
2210,0,6,94
2211,0,6,94
2212,0,6,94
2213,0,6,94
2214,0,6,94
2215,0,6,94
2216,0,6,94
2217,0,6,94
2218,0,6,94
2219,0,6,94
2220,0,6,94
2221,0,6,94
2222,0,6,94
2223,0,6,94
2224,0,6,94
2225,0,6,94
2226,0,6,94
2227,0,6,94
2228,0,6,94
2229,0,6,94
2230,0,6,94
2231,0,6,94
2232,0,6,94
2233,0,6,94
2234,0,6,94
2235,0,6,94
2236,0,6,94
2237,0,6,94
2238,0,6,94
2239,0,6,94
2240,0,6,94
2241,0,6,94
2242,0,6,94
2243,0,6,94
2244,0,6,94
2245,0,6,94
2246,0,6,94
2247,0,6,94
2248,0,6,94
2249,0,6,94
2250,0,6,94
2251,0,6,94
2252,0,6,94
2253,0,6,94
2254,0,6,94
2255,0,6,94
2256,0,6,94
2257,0,6,94
2258,0,6,94
2259,0,6,94
2260,0,6,94
2261,0,6,94
2262,0,6,94
2263,0,6,94
2264,0,6,94
2265,0,6,94
2266,0,6,94
2267,0,6,94
2268,0,6,94
2269,0,6,94
2270,0,6,94
2271,0,6,94
2272,0,6,94
2273,0,6,94
2274,0,6,94
2275,0,6,94
2276,0,6,94
2277,0,6,94
2278,0,6,94
2279,0,6,94
2280,0,6,94
2281,0,6,94
2282,0,6,94
2283,0,6,94
2284,0,6,94
2285,0,6,94
2286,0,6,94
2287,0,6,94
2288,0,6,94
2289,0,6,94
2290,0,6,94
2291,0,6,94
2292,0,6,94
2293,0,6,94
2294,0,6,94
2295,0,6,94
2296,0,6,94
2297,0,6,94
2298,0,6,94
2299,0,6,94
2300,0,6,94
2301,0,6,94
2302,0,6,94
2303,0,6,94
2304,0,6,94
2305,0,6,94
2306,0,6,94
2307,0,6,94
2308,0,6,94
2309,0,6,94
2310,0,6,94
2311,0,5,95
2312,0,5,95
2313,0,5,95
2314,0,5,95
2315,0,5,95
2316,0,5,95
2317,0,5,95
2318,0,5,95
2319,0,5,95
2320,0,5,95
2321,0,5,95
2322,0,5,95
2323,0,5,95
2324,0,5,95
2325,0,5,95
2326,0,5,95
2327,0,5,95
2328,0,5,95
2329,0,5,95
2330,0,5,95
2331,0,5,95
2332,0,5,95
2333,0,5,95
2334,0,5,95
2335,0,5,95
2336,0,5,95
2337,0,5,95
2338,0,5,95
2339,0,5,95
2340,0,5,95
2341,0,5,95
2342,0,5,95
2343,0,5,95
2344,0,5,95
2345,0,5,95
2346,0,5,95
2347,0,5,95
2348,0,5,95
2349,0,5,95
2350,0,5,95
2351,0,4,96
2352,0,4,96
2353,0,4,96
2354,0,4,96
2355,0,4,96
2356,0,4,96
2357,0,4,96
2358,0,4,96
2359,0,4,96
2360,0,4,96
2361,0,4,96
2362,0,4,96
2363,0,4,96
2364,0,4,96
2365,0,4,96
2366,0,4,96
2367,0,4,96
2368,0,4,96
2369,0,4,96
2370,0,4,96
2371,0,4,96
2372,0,4,96
2373,0,4,96
2374,0,4,96
2375,0,4,96
2376,0,4,96
2377,0,4,96
2378,0,4,96
2379,0,4,96
2380,0,4,96
2381,0,4,96
2382,0,4,96
2383,0,4,96
2384,0,4,96
2385,0,4,96
2386,0,4,96
2387,0,4,96
2388,0,4,96
2389,0,4,96
2390,0,4,96
2391,0,4,96
2392,0,4,96
2393,0,4,96
2394,0,4,96
2395,0,4,96
2396,0,4,96
2397,0,4,96
2398,0,4,96
2399,0,4,96
2400,0,4,96
2401,0,4,96
2402,0,4,96
2403,0,4,96
2404,0,4,96
2405,0,4,96
2406,0,4,96
2407,0,4,96
2408,0,4,96
2409,0,4,96
2410,0,4,96
2411,0,4,96
2412,0,4,96
2413,0,4,96
2414,0,4,96
2415,0,4,96
2416,0,4,96
2417,0,4,96
2418,0,4,96
2419,0,4,96
2420,0,4,96
2421,0,4,96
2422,0,4,96
2423,0,4,96
2424,0,4,96
2425,0,4,96
2426,0,4,96
2427,0,4,96
2428,0,4,96
2429,0,4,96
2430,0,4,96
2431,0,4,96
2432,0,4,96
2433,0,4,96
2434,0,4,96
2435,0,4,96
2436,0,4,96
2437,0,4,96
2438,0,4,96
2439,0,4,96
2440,0,4,96
2441,0,4,96
2442,0,4,96
2443,0,4,96
2444,0,4,96
2445,0,4,96
2446,0,4,96
2447,0,4,96
2448,0,4,96
2449,0,4,96
2450,0,4,96
2451,0,4,96
2452,0,4,96
2453,0,4,96
2454,0,4,96
2455,0,4,96
2456,0,4,96
2457,0,4,96
2458,0,4,96
2459,0,4,96
2460,0,4,96
2461,0,4,96
2462,0,4,96
2463,0,4,96
2464,0,4,96
2465,0,4,96
2466,0,4,96
2467,0,4,96
2468,0,4,96
2469,0,4,96
2470,0,4,96
2471,0,4,96
2472,0,4,96
2473,0,4,96
2474,0,4,96
2475,0,4,96
2476,0,4,96
2477,0,4,96
2478,0,4,96
2479,0,4,96
2480,0,4,96
2481,0,4,96
2482,0,4,96
2483,0,4,96
2484,0,4,96
2485,0,4,96
2486,0,4,96
2487,0,4,96
2488,0,4,96
2489,0,4,96
2490,0,4,96
2491,0,4,96
2492,0,4,96
2493,0,4,96
2494,0,4,96
2495,0,4,96
2496,0,4,96
2497,0,4,96
2498,0,4,96
2499,0,4,96
2500,0,4,96
2501,0,4,96
2502,0,4,96
2503,0,4,96
2504,0,4,96
2505,0,4,96
2506,0,4,96
2507,0,4,96
2508,0,4,96
2509,0,4,96
2510,0,4,96
2511,0,4,96
2512,0,4,96
2513,0,4,96
2514,0,4,96
2515,0,4,96
2516,0,4,96
2517,0,4,96
2518,0,4,96
2519,0,4,96
2520,0,4,96
2521,0,4,96
2522,0,4,96
2523,0,4,96
2524,0,4,96
2525,0,4,96
2526,0,4,96
2527,0,4,96
2528,0,4,96
2529,0,4,96
2530,0,4,96
2531,0,4,96
2532,0,4,96
2533,0,4,96
2534,0,4,96
2535,0,4,96
2536,0,4,96
2537,0,4,96
2538,0,4,96
2539,0,4,96
2540,0,4,96
2541,0,4,96
2542,0,4,96
2543,0,4,96
2544,0,4,96
2545,0,4,96
2546,0,4,96
2547,0,4,96
2548,0,4,96
2549,0,4,96
2550,0,4,96
2551,0,4,96
2552,0,4,96
2553,0,4,96
2554,0,4,96
2555,0,4,96
2556,0,4,96
2557,0,4,96
2558,0,4,96
2559,0,4,96
2560,0,4,96
2561,0,4,96
2562,0,4,96
2563,0,4,96
2564,0,4,96
2565,0,4,96
2566,0,4,96
2567,0,4,96
2568,0,4,96
2569,0,4,96
2570,0,4,96
2571,0,4,96
2572,0,4,96
2573,0,4,96
2574,0,4,96
2575,0,4,96
2576,0,4,96
2577,0,4,96
2578,0,4,96
2579,0,4,96
2580,0,4,96
2581,0,4,96
2582,0,4,96
2583,0,4,96
2584,0,4,96
2585,0,4,96
2586,0,4,96
2587,0,4,96
2588,0,4,96
2589,0,4,96
2590,0,4,96
2591,0,4,96
2592,0,4,96
2593,0,4,96
2594,0,4,96
2595,0,4,96
2596,0,4,96
2597,0,4,96
2598,0,4,96
2599,0,4,96
2600,0,4,96
2601,0,4,96
2602,0,4,96
2603,0,4,96
2604,0,4,96
2605,0,4,96
2606,0,4,96
2607,0,4,96
2608,0,4,96
2609,0,4,96
2610,0,4,96
2611,0,4,96
2612,0,4,96
2613,0,4,96
2614,0,4,96
2615,0,4,96
2616,0,4,96
2617,0,4,96
2618,0,4,96
2619,0,4,96
2620,0,4,96
2621,0,4,96
2622,0,4,96
2623,0,4,96
2624,0,4,96
2625,0,4,96
2626,0,3,97
2627,0,3,97
2628,0,3,97
2629,0,3,97
2630,0,3,97
2631,0,3,97
2632,0,3,97
2633,0,3,97
2634,0,3,97
2635,0,3,97
2636,0,3,97
2637,0,3,97
2638,0,3,97
2639,0,3,97
2640,0,3,97
2641,0,3,97
2642,0,3,97
2643,0,3,97
2644,0,3,97
2645,0,3,97
2646,0,3,97
2647,0,3,97
2648,0,3,97
2649,0,3,97
2650,0,3,97
2651,0,3,97
2652,0,3,97
2653,0,3,97
2654,0,3,97
2655,0,3,97
2656,0,3,97
2657,0,3,97
2658,0,3,97
2659,0,3,97
2660,0,3,97
2661,0,3,97
2662,0,3,97
2663,0,3,97
2664,0,3,97
2665,0,3,97
2666,0,3,97
2667,0,3,97
2668,0,3,97
2669,0,3,97
2670,0,3,97
2671,0,3,97
2672,0,3,97
2673,0,3,97
2674,0,3,97
2675,0,3,97
2676,0,3,97
2677,0,3,97
2678,0,3,97
2679,0,3,97
2680,0,3,97
2681,0,3,97
2682,0,3,97
2683,0,3,97
2684,0,3,97
2685,0,3,97
2686,0,3,97
2687,0,3,97
2688,0,3,97
2689,0,3,97
2690,0,3,97
2691,0,3,97
2692,0,3,97
2693,0,3,97
2694,0,3,97
2695,0,3,97
2696,0,3,97
2697,0,3,97
2698,0,3,97
2699,0,3,97
2700,0,3,97
2701,0,3,97
2702,0,3,97
2703,0,3,97
2704,0,3,97
2705,0,3,97
2706,0,3,97
2707,0,3,97
2708,0,3,97
2709,0,3,97
2710,0,3,97
2711,0,3,97
2712,0,3,97
2713,0,3,97
2714,0,3,97
2715,0,3,97
2716,0,3,97
2717,0,3,97
2718,0,3,97
2719,0,3,97
2720,0,3,97
2721,0,3,97
2722,0,3,97
2723,0,3,97
2724,0,3,97
2725,0,3,97
2726,0,3,97
2727,0,3,97
2728,0,3,97
2729,0,3,97
2730,0,3,97
2731,0,3,97
2732,0,3,97
2733,0,3,97
2734,0,3,97
2735,0,3,97
2736,0,3,97
2737,0,3,97
2738,0,3,97
2739,0,3,97
2740,0,3,97
2741,0,3,97
2742,0,3,97
2743,0,3,97
2744,0,3,97
2745,0,3,97
2746,0,3,97
2747,0,3,97
2748,0,3,97
2749,0,3,97
2750,0,3,97
2751,0,3,97
2752,0,3,97
2753,0,3,97
2754,0,3,97
2755,0,3,97
2756,0,3,97
2757,0,3,97
2758,0,3,97
2759,0,3,97
2760,0,3,97
2761,0,3,97
2762,0,3,97
2763,0,3,97
2764,0,3,97
2765,0,3,97
2766,0,3,97
2767,0,3,97
2768,0,3,97
2769,0,3,97
2770,0,3,97
2771,0,3,97
2772,0,3,97
2773,0,3,97
2774,0,3,97
2775,0,3,97
2776,0,3,97
2777,0,3,97
2778,0,3,97
2779,0,3,97
2780,0,2,98
2781,0,2,98
2782,0,2,98
2783,0,2,98
2784,0,2,98
2785,0,2,98
2786,0,2,98
2787,0,2,98
2788,0,2,98
2789,0,2,98
2790,0,2,98
2791,0,2,98
2792,0,2,98
2793,0,2,98
2794,0,2,98
2795,0,2,98
2796,0,2,98
2797,0,2,98
2798,0,2,98
2799,0,2,98
2800,0,2,98
2801,0,2,98
2802,0,2,98
2803,0,2,98
2804,0,2,98
2805,0,2,98
2806,0,2,98
2807,0,2,98
2808,0,2,98
2809,0,2,98
2810,0,2,98
2811,0,2,98
2812,0,2,98
2813,0,2,98
2814,0,2,98
2815,0,2,98
2816,0,2,98
2817,0,2,98
2818,0,2,98
2819,0,2,98
2820,0,2,98
2821,0,2,98
2822,0,2,98
2823,0,2,98
2824,0,2,98
2825,0,2,98
2826,0,2,98
2827,0,2,98
2828,0,2,98
2829,0,2,98
2830,0,2,98
2831,0,2,98
2832,0,2,98
2833,0,2,98
2834,0,2,98
2835,0,2,98
2836,0,2,98
2837,0,2,98
2838,0,2,98
2839,0,2,98
2840,0,2,98
2841,0,2,98
2842,0,2,98
2843,0,2,98
2844,0,2,98
2845,0,2,98
2846,0,2,98
2847,0,2,98
2848,0,2,98
2849,0,2,98
2850,0,2,98
2851,0,2,98
2852,0,2,98
2853,0,2,98
2854,0,2,98
2855,0,2,98
2856,0,2,98
2857,0,2,98
2858,0,2,98
2859,0,2,98
2860,0,2,98
2861,0,2,98
2862,0,2,98
2863,0,2,98
2864,0,2,98
2865,0,2,98
2866,0,2,98
2867,0,2,98
2868,0,2,98
2869,0,2,98
2870,0,2,98
2871,0,2,98
2872,0,2,98
2873,0,2,98
2874,0,2,98
2875,0,2,98
2876,0,2,98
2877,0,2,98
2878,0,2,98
2879,0,2,98
2880,0,2,98
2881,0,2,98
2882,0,2,98
2883,0,2,98
2884,0,2,98
2885,0,2,98
2886,0,2,98
2887,0,2,98
2888,0,2,98
2889,0,2,98
2890,0,2,98
2891,0,2,98
2892,0,2,98
2893,0,2,98
2894,0,2,98
2895,0,2,98
2896,0,2,98
2897,0,2,98
2898,0,2,98
2899,0,2,98
2900,0,2,98
2901,0,2,98
2902,0,2,98
2903,0,2,98
2904,0,2,98
2905,0,2,98
2906,0,2,98
2907,0,2,98
2908,0,2,98
2909,0,2,98
2910,0,2,98
2911,0,2,98
2912,0,2,98
2913,0,2,98
2914,0,2,98
2915,0,2,98
2916,0,2,98
2917,0,2,98
2918,0,2,98
2919,0,2,98
2920,0,2,98
2921,0,2,98
2922,0,2,98
2923,0,2,98
2924,0,2,98
2925,0,2,98
2926,0,2,98
2927,0,2,98
2928,0,2,98
2929,0,2,98
2930,0,2,98
2931,0,2,98
2932,0,2,98
2933,0,2,98
2934,0,2,98
2935,0,2,98
2936,0,2,98
2937,0,2,98
2938,0,2,98
2939,0,2,98
2940,0,2,98
2941,0,2,98
2942,0,2,98
2943,0,2,98
2944,0,2,98
2945,0,2,98
2946,0,2,98
2947,0,2,98
2948,0,2,98
2949,0,2,98
2950,0,2,98
2951,0,2,98
2952,0,2,98
2953,0,2,98
2954,0,2,98
2955,0,2,98
2956,0,2,98
2957,0,2,98
2958,0,2,98
2959,0,2,98
2960,0,2,98
2961,0,2,98
2962,0,2,98
2963,0,2,98
2964,0,2,98
2965,0,2,98
2966,0,2,98
2967,0,2,98
2968,0,2,98
2969,0,2,98
2970,0,2,98
2971,0,2,98
2972,0,2,98
2973,0,2,98
2974,0,2,98
2975,0,2,98
2976,0,2,98
2977,0,2,98
2978,0,2,98
2979,0,2,98
2980,0,2,98
2981,0,2,98
2982,0,2,98
2983,0,2,98
2984,0,2,98
2985,0,2,98
2986,0,1,99
2987,0,1,99
2988,0,1,99
2989,0,1,99
2990,0,1,99
2991,0,1,99
2992,0,1,99
2993,0,1,99
2994,0,1,99
2995,0,1,99
2996,0,1,99
2997,0,1,99
2998,0,1,99
2999,0,1,99
3000,0,1,99
