Time,Healthy,Undetectable,Detectable
0,97,3,0
1,97,3,0
2,97,3,0
3,97,3,0
4,97,3,0
5,97,3,0
6,97,3,0
7,97,3,0
8,97,3,0
9,97,3,0
10,97,3,0
11,97,3,0
12,97,3,0
13,97,3,0
14,97,3,0
15,97,3,0
16,97,3,0
17,97,3,0
18,97,3,0
19,97,3,0
20,97,3,0
21,97,3,0
22,97,3,0
23,97,3,0
24,97,3,0
25,97,3,0
26,97,3,0
27,97,3,0
28,97,3,0
29,97,3,0
30,97,3,0
31,97,3,0
32,97,3,0
33,97,3,0
34,97,3,0
35,97,3,0
36,97,3,0
37,97,3,0
38,97,3,0
39,97,3,0
40,97,3,0
41,97,3,0
42,97,3,0
43,97,3,0
44,97,3,0
45,97,3,0
46,97,3,0
47,97,2,1
48,97,2,1
49,97,2,1
50,97,2,1
51,97,2,1
52,97,2,1
53,97,2,1
54,97,2,1
55,97,2,1
56,97,2,1
57,97,2,1
58,97,2,1
59,97,2,1
60,97,2,1
61,97,2,1
62,97,2,1
63,97,2,1
64,97,2,1
65,97,2,1
66,97,2,1
67,97,2,1
68,97,2,1
69,97,2,1
70,97,2,1
71,97,2,1
72,97,2,1
73,97,2,1
74,97,2,1
75,97,2,1
76,97,2,1
77,97,2,1
78,97,2,1
79,97,2,1
80,97,2,1
81,97,2,1
82,97,2,1
83,97,2,1
84,97,2,1
85,97,2,1
86,97,2,1
87,97,2,1
88,97,2,1
89,97,2,1
90,97,2,1
91,97,2,1
92,97,2,1
93,97,2,1
94,97,2,1
95,97,2,1
96,97,2,1
97,97,2,1
98,97,2,1
99,97,2,1
100,97,2,1
101,97,2,1
102,97,2,1
103,97,2,1
104,97,2,1
105,97,2,1
106,97,2,1
107,97,2,1
108,97,2,1
109,97,2,1
110,97,2,1
111,97,2,1
112,97,2,1
113,97,2,1
114,97,2,1
115,97,2,1
116,97,2,1
117,97,2,1
118,97,2,1
119,97,2,1
120,97,2,1
121,97,2,1
122,97,2,1
123,97,2,1
124,97,2,1
125,97,2,1
126,97,2,1
127,97,2,1
128,97,2,1
129,97,2,1
130,97,2,1
131,97,2,1
132,97,2,1
133,97,2,1
134,97,2,1
135,97,2,1
136,97,2,1
137,97,2,1
138,97,2,1
139,97,2,1
140,97,2,1
141,97,2,1
142,97,2,1
143,97,2,1
144,97,2,1
145,97,2,1
146,97,2,1
147,97,2,1
148,97,2,1
149,97,2,1
150,97,2,1
151,97,2,1
152,97,2,1
153,97,2,1
154,97,1,2
155,97,1,2
156,97,1,2
157,97,1,2
158,97,1,2
159,97,1,2
160,97,1,2
161,97,1,2
162,97,1,2
163,97,1,2
164,97,1,2
165,97,1,2
166,97,1,2
167,97,1,2
168,97,1,2
169,97,1,2
170,97,1,2
171,97,1,2
172,97,1,2
173,97,1,2
174,97,1,2
175,97,1,2
176,96,2,2
177,96,2,2
178,96,2,2
179,96,2,2
180,96,2,2
181,96,2,2
182,96,2,2
183,96,2,2
184,96,2,2
185,96,2,2
186,96,2,2
187,96,2,2
188,96,2,2
189,96,2,2
190,96,2,2
191,96,2,2
192,96,2,2
193,96,2,2
194,96,2,2
195,96,2,2
196,96,2,2
197,96,2,2
198,96,2,2
199,96,2,2
200,96,2,2
201,96,2,2
202,96,2,2
203,96,2,2
204,96,2,2
205,96,2,2
206,96,2,2
207,96,2,2
208,96,2,2
209,95,3,2
210,95,3,2
211,95,3,2
212,95,3,2
213,95,3,2
214,95,3,2
215,95,3,2
216,95,3,2
217,95,3,2
218,95,3,2
219,95,3,2
220,95,3,2
221,95,3,2
222,95,3,2
223,95,3,2
224,95,3,2
225,95,3,2
226,95,3,2
227,95,3,2
228,95,3,2
229,95,3,2
230,95,3,2
231,95,3,2
232,95,3,2
233,95,3,2
234,95,3,2
235,95,3,2
236,95,3,2
237,95,3,2
238,95,3,2
239,95,3,2
240,95,3,2
241,95,3,2
242,95,3,2
243,95,3,2
244,95,3,2
245,95,3,2
246,95,3,2
247,95,3,2
248,95,3,2
249,95,3,2
250,95,3,2
251,95,3,2
252,95,3,2
253,95,3,2
254,95,3,2
255,95,3,2
256,95,3,2
257,95,3,2
258,95,3,2
259,95,3,2
260,95,3,2
261,95,3,2
262,95,3,2
263,95,3,2
264,94,4,2
265,94,4,2
266,94,4,2
267,94,4,2
268,94,4,2
269,94,4,2
270,94,4,2
271,94,4,2
272,94,4,2
273,94,4,2
274,94,4,2
275,94,4,2
276,94,4,2
277,94,4,2
278,94,4,2
279,94,4,2
280,94,4,2
281,94,4,2
282,94,4,2
283,94,4,2
284,94,4,2
285,94,4,2
286,94,4,2
287,94,4,2
288,94,4,2
289,94,4,2
290,94,4,2
291,94,4,2
292,94,4,2
293,94,4,2
294,94,4,2
295,94,4,2
296,94,4,2
297,94,4,2
298,94,4,2
299,94,4,2
300,94,4,2
301,94,4,2
302,94,4,2
303,94,4,2
304,94,4,2
305,94,4,2
306,94,4,2
307,94,4,2
308,94,4,2
309,94,4,2
310,94,4,2
311,94,4,2
312,94,4,2
313,94,4,2
314,94,4,2
315,94,4,2
316,94,4,2
317,94,4,2
318,94,4,2
319,94,4,2
320,94,4,2
321,94,4,2
322,94,4,2
323,94,4,2
324,94,4,2
325,94,4,2
326,94,4,2
327,94,4,2
328,94,4,2
329,94,4,2
330,94,4,2
331,94,4,2
332,94,4,2
333,93,5,2
334,93,5,2
335,93,5,2
336,93,5,2
337,93,5,2
338,91,7,2
339,91,7,2
340,91,7,2
341,91,7,2
342,91,7,2
343,91,7,2
344,91,7,2
345,91,7,2
346,91,7,2
347,91,7,2
348,91,7,2
349,91,7,2
350,91,7,2
351,91,7,2
352,91,7,2
353,91,7,2
354,91,7,2
355,91,7,2
356,91,7,2
357,91,7,2
358,91,7,2
359,91,7,2
360,91,7,2
361,91,7,2
362,91,7,2
363,91,7,2
364,90,8,2
365,90,8,2
366,90,8,2
367,90,8,2
368,90,8,2
369,90,8,2
370,90,8,2
371,90,8,2
372,90,8,2
373,90,8,2
374,90,8,2
375,90,8,2
376,90,8,2
377,90,8,2
378,90,7,3
379,90,7,3
380,90,7,3
381,90,7,3
382,90,7,3
383,90,7,3
384,90,7,3
385,90,7,3
386,90,7,3
387,89,8,3
388,89,8,3
389,89,8,3
390,89,8,3
391,88,9,3
392,87,10,3
393,87,10,3
394,87,10,3
395,87,10,3
396,87,10,3
397,87,10,3
398,87,10,3
399,87,10,3
400,87,10,3
401,87,10,3
402,87,10,3
403,87,10,3
404,86,11,3
405,86,11,3
406,86,11,3
407,86,11,3
408,86,11,3
409,86,11,3
410,86,11,3
411,86,11,3
412,86,11,3
413,86,11,3
414,86,11,3
415,86,11,3
416,86,11,3
417,86,11,3
418,86,11,3
419,86,11,3
420,86,11,3
421,86,11,3
422,86,11,3
423,86,11,3
424,86,11,3
425,86,11,3
426,86,11,3
427,86,11,3
428,86,11,3
429,86,11,3
430,85,12,3
431,85,12,3
432,85,12,3
433,85,12,3
434,85,12,3
435,85,12,3
436,85,12,3
437,85,12,3
438,85,12,3
439,85,12,3
440,85,12,3
441,85,12,3
442,85,12,3
443,85,12,3
444,85,12,3
445,85,12,3
446,84,13,3
447,84,13,3
448,84,13,3
449,84,13,3
450,84,13,3
451,84,13,3
452,84,13,3
453,84,13,3
454,84,13,3
455,84,13,3
456,84,13,3
457,84,13,3
458,84,13,3
459,84,13,3
460,84,13,3
461,84,13,3
462,84,13,3
463,84,13,3
464,84,13,3
465,84,13,3
466,84,13,3
467,84,13,3
468,84,13,3
469,84,13,3
470,84,13,3
471,84,13,3
472,84,13,3
473,84,13,3
474,84,13,3
475,84,13,3
476,84,13,3
477,82,15,3
478,82,15,3
479,82,15,3
480,82,15,3
481,82,15,3
482,82,15,3
483,82,15,3
484,82,15,3
485,82,15,3
486,82,13,5
487,82,13,5
488,82,13,5
489,82,13,5
490,81,13,6
491,81,13,6
492,81,13,6
493,81,13,6
494,80,14,6
495,80,14,6
496,80,14,6
497,80,13,7
498,80,13,7
499,80,13,7
500,80,13,7
501,80,13,7
502,80,13,7
503,80,13,7
504,79,14,7
505,79,14,7
506,79,14,7
507,79,14,7
508,79,14,7
509,79,14,7
510,79,14,7
511,79,14,7
512,79,14,7
513,78,15,7
514,78,15,7
515,78,15,7
516,78,15,7
517,78,15,7
518,77,16,7
519,77,16,7
520,76,17,7
521,76,17,7
522,76,16,8
523,76,16,8
524,76,16,8
525,75,17,8
526,75,17,8
527,75,17,8
528,75,17,8
529,75,17,8
530,75,17,8
531,75,17,8
532,75,17,8
533,75,17,8
534,75,17,8
535,75,17,8
536,75,17,8
537,75,17,8
538,75,17,8
539,75,17,8
540,75,17,8
541,75,17,8
542,75,17,8
543,75,17,8
544,75,17,8
545,75,17,8
546,75,17,8
547,75,17,8
548,75,17,8
549,75,17,8
550,75,17,8
551,75,17,8
552,74,18,8
553,73,19,8
554,73,19,8
555,73,19,8
556,73,19,8
557,73,19,8
558,73,19,8
559,73,19,8
560,73,19,8
561,73,19,8
562,73,19,8
563,73,19,8
564,73,19,8
565,73,19,8
566,72,20,8
567,72,20,8
568,72,20,8
569,72,20,8
570,72,20,8
571,72,20,8
572,72,20,8
573,71,21,8
574,71,21,8
575,71,21,8
576,71,21,8
577,71,21,8
578,71,21,8
579,71,21,8
580,71,21,8
581,71,21,8
582,71,21,8
583,71,21,8
584,71,21,8
585,71,21,8
586,71,21,8
587,71,21,8
588,71,21,8
589,71,21,8
590,71,21,8
591,71,21,8
592,71,21,8
593,71,21,8
594,71,21,8
595,71,20,9
596,71,20,9
597,69,22,9
598,69,22,9
599,69,22,9
600,69,22,9
601,69,22,9
602,69,22,9
603,69,22,9
604,69,22,9
605,69,22,9
606,69,21,10
607,69,21,10
608,69,21,10
609,69,21,10
610,69,21,10
611,69,21,10
612,69,21,10
613,69,21,10
614,69,21,10
615,69,21,10
616,69,21,10
617,69,21,10
618,69,21,10
619,68,22,10
620,68,22,10
621,68,22,10
622,67,23,10
623,67,23,10
624,67,23,10
625,66,24,10
626,66,24,10
627,66,24,10
628,65,25,10
629,65,25,10
630,65,25,10
631,65,25,10
632,65,24,11
633,64,25,11
634,64,25,11
635,64,25,11
636,63,26,11
637,63,26,11
638,63,26,11
639,63,26,11
640,63,26,11
641,62,27,11
642,62,27,11
643,62,27,11
644,62,27,11
645,62,27,11
646,62,27,11
647,62,27,11
648,62,27,11
649,61,28,11
650,61,28,11
651,61,28,11
652,61,28,11
653,61,28,11
654,61,28,11
655,61,28,11
656,61,28,11
657,61,28,11
658,60,29,11
659,60,29,11
660,60,29,11
661,60,29,11
662,60,29,11
663,60,29,11
664,60,29,11
665,60,29,11
666,60,29,11
667,58,31,11
668,58,31,11
669,58,30,12
670,58,30,12
671,58,30,12
672,58,29,13
673,58,28,14
674,58,28,14
675,58,28,14
676,58,28,14
677,58,27,15
678,58,27,15
679,58,27,15
680,58,27,15
681,58,26,16
682,58,26,16
683,57,27,16
684,57,27,16
685,57,27,16
686,57,27,16
687,57,27,16
688,57,27,16
689,57,27,16
690,57,27,16
691,57,27,16
692,57,27,16
693,57,27,16
694,57,27,16
695,57,27,16
696,57,27,16
697,57,27,16
698,57,27,16
699,56,28,16
700,56,28,16
701,56,28,16
702,56,28,16
703,56,28,16
704,56,28,16
705,56,28,16
706,56,28,16
707,56,28,16
708,56,28,16
709,56,28,16
710,56,28,16
711,55,29,16
712,55,29,16
713,55,29,16
714,55,29,16
715,55,29,16
716,55,29,16
717,55,29,16
718,55,29,16
719,55,29,16
720,55,29,16
721,55,29,16
722,55,29,16
723,55,29,16
724,55,29,16
725,55,29,16
726,55,29,16
727,55,29,16
728,54,30,16
729,54,30,16
730,54,30,16
731,54,30,16
732,54,30,16
733,54,30,16
734,54,30,16
735,54,30,16
736,54,30,16
737,54,30,16
738,54,30,16
739,54,30,16
740,53,31,16
741,53,31,16
742,52,32,16
743,52,32,16
744,52,32,16
745,52,32,16
746,51,33,16
747,51,33,16
748,51,33,16
749,51,33,16
750,51,33,16
751,51,33,16
752,51,32,17
753,51,32,17
754,51,32,17
755,51,32,17
756,51,32,17
757,51,31,18
758,50,32,18
759,50,32,18
760,50,32,18
761,49,33,18
762,49,33,18
763,49,33,18
764,49,33,18
765,49,33,18
766,49,32,19
767,49,32,19
768,49,32,19
769,48,33,19
770,48,33,19
771,47,34,19
772,46,34,20
773,46,34,20
774,46,33,21
775,46,33,21
776,46,33,21
777,46,33,21
778,46,33,21
779,46,33,21
780,46,33,21
781,45,34,21
782,45,34,21
783,44,35,21
784,43,35,22
785,43,35,22
786,43,35,22
787,43,35,22
788,43,35,22
789,43,35,22
790,43,35,22
791,42,36,22
792,42,36,22
793,42,36,22
794,42,36,22
795,42,36,22
796,42,36,22
797,42,36,22
798,42,36,22
799,42,36,22
800,42,36,22
801,42,36,22
802,42,36,22
803,41,37,22
804,41,37,22
805,41,37,22
806,41,37,22
807,41,37,22
808,41,37,22
809,41,37,22
810,41,37,22
811,41,37,22
812,41,36,23
813,41,36,23
814,40,37,23
815,40,37,23
816,40,37,23
817,40,36,24
818,40,36,24
819,40,36,24
820,39,37,24
821,39,37,24
822,39,37,24
823,38,37,25
824,38,36,26
825,36,38,26
826,36,38,26
827,35,39,26
828,35,38,27
829,35,38,27
830,35,38,27
831,35,38,27
832,35,38,27
833,35,38,27
834,35,38,27
835,35,38,27
836,35,38,27
837,35,38,27
838,35,38,27
839,35,38,27
840,34,39,27
841,34,39,27
842,34,39,27
843,34,39,27
844,34,39,27
845,34,39,27
846,34,39,27
847,34,39,27
848,34,38,28
849,34,38,28
850,34,38,28
851,34,38,28
852,34,38,28
853,34,38,28
854,33,38,29
855,33,38,29
856,33,38,29
857,33,38,29
858,33,38,29
859,33,38,29
860,33,37,30
861,33,37,30
862,33,37,30
863,33,37,30
864,33,37,30
865,33,37,30
866,32,38,30
867,32,38,30
868,32,38,30
869,32,38,30
870,32,38,30
871,32,37,31
872,32,37,31
873,32,37,31
874,32,36,32
875,32,36,32
876,32,36,32
877,32,36,32
878,32,36,32
879,32,36,32
880,32,36,32
881,32,36,32
882,32,36,32
883,30,38,32
884,30,38,32
885,29,39,32
886,28,40,32
887,28,40,32
888,28,40,32
889,28,40,32
890,28,40,32
891,28,40,32
892,28,40,32
893,28,40,32
894,28,40,32
895,28,40,32
896,27,41,32
897,27,41,32
898,27,41,32
899,27,41,32
900,27,41,32
901,27,41,32
902,27,41,32
903,27,40,33
904,27,40,33
905,27,40,33
906,27,39,34
907,27,39,34
908,27,39,34
909,27,39,34
910,27,39,34
911,27,39,34
912,27,39,34
913,26,40,34
914,26,40,34
915,26,40,34
916,26,39,35
917,26,39,35
918,26,39,35
919,26,39,35
920,26,39,35
921,26,39,35
922,26,38,36
923,26,37,37
924,26,36,38
925,26,36,38
926,26,36,38
927,26,36,38
928,26,36,38
929,26,36,38
930,26,36,38
931,26,36,38
932,26,36,38
933,26,36,38
934,26,36,38
935,26,36,38
936,26,36,38
937,26,36,38
938,26,36,38
939,26,36,38
940,26,36,38
941,26,36,38
942,26,36,38
943,26,36,38
944,26,36,38
945,26,36,38
946,26,36,38
947,26,36,38
948,26,36,38
949,26,36,38
950,26,36,38
951,26,36,38
952,26,35,39
953,26,35,39
954,26,35,39
955,26,35,39
956,26,35,39
957,26,35,39
958,26,35,39
959,26,35,39
960,26,35,39
961,26,34,40
962,25,35,40
963,24,36,40
964,24,36,40
965,23,37,40
966,23,37,40
967,23,37,40
968,23,37,40
969,23,37,40
970,23,36,41
971,23,36,41
972,23,36,41
973,23,36,41
974,23,36,41
975,23,36,41
976,23,36,41
977,23,36,41
978,23,36,41
979,23,36,41
980,23,36,41
981,23,36,41
982,23,36,41
983,23,36,41
984,23,36,41
985,22,36,42
986,22,36,42
987,21,37,42
988,21,37,42
989,21,37,42
990,21,37,42
991,21,37,42
992,21,37,42
993,21,37,42
994,21,37,42
995,21,37,42
996,21,37,42
997,21,37,42
998,21,37,42
999,21,37,42
1000,20,38,42
1001,20,38,42
1002,20,38,42
1003,20,38,42
1004,20,38,42
1005,20,38,42
1006,20,38,42
1007,20,38,42
1008,20,38,42
1009,20,37,43
1010,20,37,43
1011,20,37,43
1012,20,37,43
1013,19,38,43
1014,19,38,43
1015,19,38,43
1016,19,38,43
1017,19,38,43
1018,19,38,43
1019,19,38,43
1020,19,38,43
1021,19,38,43
1022,19,38,43
1023,19,38,43
1024,19,38,43
1025,17,40,43
1026,17,40,43
1027,16,41,43
1028,16,41,43
1029,16,40,44
1030,16,40,44
1031,16,40,44
1032,16,39,45
1033,16,39,45
1034,15,40,45
1035,15,39,46
1036,15,39,46
1037,15,39,46
1038,15,39,46
1039,15,39,46
1040,15,38,47
1041,15,38,47
1042,15,38,47
1043,15,38,47
1044,15,38,47
1045,15,38,47
1046,15,38,47
1047,15,38,47
1048,15,38,47
1049,15,38,47
1050,14,39,47
1051,14,39,47
1052,14,39,47
1053,14,39,47
1054,14,39,47
1055,14,39,47
1056,14,39,47
1057,14,39,47
1058,14,39,47
1059,14,39,47
1060,14,39,47
1061,14,39,47
1062,13,40,47
1063,13,40,47
1064,13,40,47
1065,13,40,47
1066,13,40,47
1067,13,40,47
1068,13,40,47
1069,13,40,47
1070,13,40,47
1071,13,40,47
1072,12,41,47
1073,12,41,47
1074,12,41,47
1075,12,41,47
1076,11,42,47
1077,11,42,47
1078,11,42,47
1079,11,42,47
1080,11,42,47
1081,11,42,47
1082,11,42,47
1083,11,42,47
1084,11,42,47
1085,11,42,47
1086,11,42,47
1087,11,42,47
1088,11,42,47
1089,11,42,47
1090,9,44,47
1091,9,44,47
1092,9,44,47
1093,9,44,47
1094,9,44,47
1095,9,44,47
1096,9,44,47
1097,9,44,47
1098,9,44,47
1099,9,43,48
1100,9,43,48
1101,7,45,48
1102,7,45,48
1103,6,45,49
1104,6,45,49
1105,6,45,49
1106,6,44,50
1107,6,44,50
1108,6,44,50
1109,6,44,50
1110,6,44,50
1111,6,44,50
1112,6,43,51
1113,6,43,51
1114,6,42,52
1115,6,42,52
1116,6,42,52
1117,6,42,52
1118,6,42,52
1119,6,42,52
1120,6,42,52
1121,6,42,52
1122,6,42,52
1123,6,42,52
1124,6,42,52
1125,6,42,52
1126,6,42,52
1127,6,42,52
1128,6,41,53
1129,6,41,53
1130,6,41,53
1131,6,41,53
1132,6,41,53
1133,6,41,53
1134,6,41,53
1135,6,41,53
1136,6,41,53
1137,6,41,53
1138,6,41,53
1139,6,41,53
1140,6,41,53
1141,6,41,53
1142,6,41,53
1143,5,41,54
1144,5,41,54
1145,5,41,54
1146,5,41,54
1147,5,41,54
1148,5,41,54
1149,5,41,54
1150,5,40,55
1151,5,40,55
1152,5,40,55
1153,5,40,55
1154,5,39,56
1155,5,39,56
1156,4,40,56
1157,4,40,56
1158,4,40,56
1159,4,40,56
1160,4,40,56
1161,4,40,56
1162,4,40,56
1163,4,40,56
1164,4,40,56
1165,4,40,56
1166,4,40,56
1167,4,40,56
1168,4,40,56
1169,4,40,56
1170,4,40,56
1171,4,40,56
1172,4,40,56
1173,4,40,56
1174,4,40,56
1175,4,40,56
1176,4,40,56
1177,4,40,56
1178,4,40,56
1179,4,40,56
1180,4,40,56
1181,4,40,56
1182,4,40,56
1183,4,40,56
1184,4,40,56
1185,4,40,56
1186,3,41,56
1187,3,41,56
1188,3,41,56
1189,3,41,56
1190,3,41,56
1191,3,41,56
1192,3,41,56
1193,3,41,56
1194,3,41,56
1195,3,41,56
1196,3,41,56
1197,3,41,56
1198,3,41,56
1199,3,40,57
1200,3,40,57
1201,3,40,57
1202,3,40,57
1203,3,40,57
1204,3,40,57
1205,3,40,57
1206,3,39,58
1207,3,39,58
1208,3,38,59
1209,3,38,59
1210,3,38,59
1211,3,38,59
1212,3,38,59
1213,3,38,59
1214,2,39,59
1215,2,39,59
1216,2,39,59
1217,2,39,59
1218,2,39,59
1219,2,39,59
1220,2,39,59
1221,2,39,59
1222,2,39,59
1223,2,39,59
1224,2,38,60
1225,2,38,60
1226,2,38,60
1227,2,38,60
1228,2,38,60
1229,2,38,60
1230,2,38,60
1231,2,38,60
1232,2,38,60
1233,2,38,60
1234,2,38,60
1235,2,38,60
1236,2,38,60
1237,2,38,60
1238,2,38,60
1239,2,38,60
1240,2,38,60
1241,2,38,60
1242,2,38,60
1243,2,38,60
1244,2,38,60
1245,2,38,60
1246,2,37,61
1247,2,37,61
1248,2,37,61
1249,2,37,61
1250,2,37,61
1251,2,37,61
1252,2,37,61
1253,2,37,61
1254,2,37,61
1255,2,37,61
1256,2,37,61
1257,2,37,61
1258,2,37,61
1259,2,37,61
1260,2,37,61
1261,2,37,61
1262,2,37,61
1263,2,37,61
1264,2,37,61
1265,2,37,61
1266,2,37,61
1267,2,36,62
1268,2,36,62
1269,2,36,62
1270,2,36,62
1271,2,36,62
1272,2,36,62
1273,1,37,62
1274,1,37,62
1275,1,37,62
1276,1,37,62
1277,1,37,62
1278,1,37,62
1279,1,37,62
1280,1,37,62
1281,1,37,62
1282,1,37,62
1283,1,37,62
1284,1,37,62
1285,1,36,63
1286,0,37,63
1287,0,37,63
1288,0,37,63
1289,0,37,63
1290,0,37,63
1291,0,37,63
1292,0,37,63
1293,0,37,63
1294,0,37,63
1295,0,37,63
1296,0,37,63
1297,0,37,63
1298,0,37,63
1299,0,37,63
1300,0,36,64
1301,0,36,64
1302,0,35,65
1303,0,35,65
1304,0,35,65
1305,0,35,65
1306,0,35,65
1307,0,35,65
1308,0,35,65
1309,0,35,65
1310,0,35,65
1311,0,35,65
1312,0,35,65
1313,0,35,65
1314,0,35,65
1315,0,35,65
1316,0,35,65
1317,0,35,65
1318,0,35,65
1319,0,35,65
1320,0,35,65
1321,0,35,65
1322,0,35,65
1323,0,35,65
1324,0,35,65
1325,0,35,65
1326,0,35,65
1327,0,35,65
1328,0,35,65
1329,0,35,65
1330,0,35,65
1331,0,35,65
1332,0,35,65
1333,0,35,65
1334,0,35,65
1335,0,35,65
1336,0,35,65
1337,0,35,65
1338,0,35,65
1339,0,33,67
1340,0,33,67
1341,0,33,67
1342,0,33,67
1343,0,33,67
1344,0,33,67
1345,0,33,67
1346,0,33,67
1347,0,33,67
1348,0,33,67
1349,0,33,67
1350,0,33,67
1351,0,33,67
1352,0,33,67
1353,0,33,67
1354,0,33,67
1355,0,33,67
1356,0,32,68
1357,0,32,68
1358,0,32,68
1359,0,32,68
1360,0,32,68
1361,0,32,68
1362,0,32,68
1363,0,32,68
1364,0,32,68
1365,0,32,68
1366,0,32,68
1367,0,31,69
1368,0,31,69
1369,0,31,69
1370,0,31,69
1371,0,31,69
1372,0,31,69
1373,0,31,69
1374,0,31,69
1375,0,30,70
1376,0,30,70
1377,0,30,70
1378,0,30,70
1379,0,30,70
1380,0,30,70
1381,0,30,70
1382,0,30,70
1383,0,30,70
1384,0,30,70
1385,0,30,70
1386,0,30,70
1387,0,30,70
1388,0,30,70
1389,0,30,70
1390,0,30,70
1391,0,30,70
1392,0,30,70
1393,0,30,70
1394,0,30,70
1395,0,30,70
1396,0,30,70
1397,0,30,70
1398,0,30,70
1399,0,30,70
1400,0,30,70
1401,0,30,70
1402,0,30,70
1403,0,30,70
1404,0,30,70
1405,0,30,70
1406,0,30,70
1407,0,30,70
1408,0,30,70
1409,0,30,70
1410,0,30,70
1411,0,30,70
1412,0,29,71
1413,0,29,71
1414,0,29,71
1415,0,29,71
1416,0,29,71
1417,0,29,71
1418,0,29,71
1419,0,29,71
1420,0,29,71
1421,0,29,71
1422,0,29,71
1423,0,29,71
1424,0,29,71
1425,0,29,71
1426,0,29,71
1427,0,29,71
1428,0,29,71
1429,0,28,72
1430,0,28,72
1431,0,28,72
1432,0,28,72
1433,0,28,72
1434,0,28,72
1435,0,28,72
1436,0,28,72
1437,0,28,72
1438,0,28,72
1439,0,28,72
1440,0,28,72
1441,0,28,72
1442,0,28,72
1443,0,28,72
1444,0,28,72
1445,0,28,72
1446,0,27,73
1447,0,27,73
1448,0,27,73
1449,0,27,73
1450,0,27,73
1451,0,27,73
1452,0,27,73
1453,0,27,73
1454,0,27,73
1455,0,27,73
1456,0,27,73
1457,0,27,73
1458,0,27,73
1459,0,27,73
1460,0,27,73
1461,0,27,73
1462,0,27,73
1463,0,27,73
1464,0,27,73
1465,0,27,73
1466,0,27,73
1467,0,27,73
1468,0,27,73
1469,0,27,73
1470,0,26,74
1471,0,26,74
1472,0,26,74
1473,0,26,74
1474,0,26,74
1475,0,26,74
1476,0,26,74
1477,0,26,74
1478,0,26,74
1479,0,25,75
1480,0,25,75
1481,0,25,75
1482,0,25,75
1483,0,25,75
1484,0,25,75
1485,0,25,75
1486,0,25,75
1487,0,24,76
1488,0,24,76
1489,0,24,76
1490,0,23,77
1491,0,23,77
1492,0,23,77
1493,0,23,77
1494,0,23,77
1495,0,23,77
1496,0,23,77
1497,0,23,77
1498,0,23,77
1499,0,23,77
1500,0,23,77
1501,0,23,77
1502,0,23,77
1503,0,23,77
1504,0,23,77
1505,0,23,77
1506,0,23,77
1507,0,23,77
1508,0,23,77
1509,0,23,77
1510,0,23,77
1511,0,23,77
1512,0,23,77
1513,0,23,77
1514,0,23,77
1515,0,23,77
1516,0,23,77
1517,0,23,77
1518,0,23,77
1519,0,23,77
1520,0,23,77
1521,0,23,77
1522,0,23,77
1523,0,23,77
1524,0,23,77
1525,0,23,77
1526,0,23,77
1527,0,23,77
1528,0,23,77
1529,0,23,77
1530,0,23,77
1531,0,23,77
1532,0,23,77
1533,0,23,77
1534,0,23,77
1535,0,23,77
1536,0,23,77
1537,0,23,77
1538,0,23,77
1539,0,23,77
1540,0,23,77
1541,0,23,77
1542,0,23,77
1543,0,23,77
1544,0,23,77
1545,0,23,77
1546,0,23,77
1547,0,23,77
1548,0,23,77
1549,0,23,77
1550,0,23,77
1551,0,23,77
1552,0,23,77
1553,0,23,77
1554,0,23,77
1555,0,23,77
1556,0,23,77
1557,0,23,77
1558,0,23,77
1559,0,23,77
1560,0,23,77
1561,0,23,77
1562,0,23,77
1563,0,23,77
1564,0,23,77
1565,0,23,77
1566,0,23,77
1567,0,23,77
1568,0,23,77
1569,0,23,77
1570,0,23,77
1571,0,23,77
1572,0,23,77
1573,0,23,77
1574,0,23,77
1575,0,23,77
1576,0,23,77
1577,0,23,77
1578,0,23,77
1579,0,23,77
1580,0,23,77
1581,0,23,77
1582,0,23,77
1583,0,23,77
1584,0,23,77
1585,0,23,77
1586,0,23,77
1587,0,23,77
1588,0,23,77
1589,0,23,77
1590,0,23,77
1591,0,23,77
1592,0,23,77
1593,0,23,77
1594,0,23,77
1595,0,23,77
1596,0,23,77
1597,0,23,77
1598,0,23,77
1599,0,23,77
1600,0,23,77
1601,0,23,77
1602,0,22,78
1603,0,22,78
1604,0,22,78
1605,0,22,78
1606,0,22,78
1607,0,22,78
1608,0,22,78
1609,0,22,78
1610,0,22,78
1611,0,22,78
1612,0,22,78
1613,0,22,78
1614,0,22,78
1615,0,22,78
1616,0,22,78
1617,0,22,78
1618,0,22,78
1619,0,22,78
1620,0,22,78
1621,0,22,78
1622,0,22,78
1623,0,22,78
1624,0,22,78
1625,0,22,78
1626,0,21,79
1627,0,21,79
1628,0,21,79
1629,0,21,79
1630,0,21,79
1631,0,20,80
1632,0,20,80
1633,0,20,80
1634,0,20,80
1635,0,20,80
1636,0,20,80
1637,0,20,80
1638,0,20,80
1639,0,20,80
1640,0,20,80
1641,0,20,80
1642,0,20,80
1643,0,20,80
1644,0,20,80
1645,0,20,80
1646,0,20,80
1647,0,20,80
1648,0,20,80
1649,0,20,80
1650,0,20,80
1651,0,20,80
1652,0,20,80
1653,0,20,80
1654,0,20,80
1655,0,20,80
1656,0,20,80
1657,0,20,80
1658,0,20,80
1659,0,20,80
1660,0,20,80
1661,0,20,80
1662,0,20,80
1663,0,20,80
1664,0,20,80
1665,0,20,80
1666,0,20,80
1667,0,20,80
1668,0,20,80
1669,0,20,80
1670,0,20,80
1671,0,20,80
1672,0,19,81
1673,0,19,81
1674,0,19,81
1675,0,19,81
1676,0,19,81
1677,0,19,81
1678,0,19,81
1679,0,19,81
1680,0,19,81
1681,0,19,81
1682,0,19,81
1683,0,19,81
1684,0,19,81
1685,0,19,81
1686,0,19,81
1687,0,19,81
1688,0,19,81
1689,0,19,81
1690,0,19,81
1691,0,19,81
1692,0,19,81
1693,0,19,81
1694,0,19,81
1695,0,19,81
1696,0,19,81
1697,0,19,81
1698,0,19,81
1699,0,19,81
1700,0,19,81
1701,0,19,81
1702,0,19,81
1703,0,19,81
1704,0,19,81
1705,0,19,81
1706,0,19,81
1707,0,18,82
1708,0,18,82
1709,0,18,82
1710,0,18,82
1711,0,17,83
1712,0,17,83
1713,0,17,83
1714,0,17,83
1715,0,17,83
1716,0,17,83
1717,0,17,83
1718,0,17,83
1719,0,17,83
1720,0,17,83
1721,0,17,83
1722,0,17,83
1723,0,17,83
1724,0,17,83
1725,0,17,83
1726,0,17,83
1727,0,17,83
1728,0,17,83
1729,0,17,83
1730,0,17,83
1731,0,17,83
1732,0,17,83
1733,0,16,84
1734,0,16,84
1735,0,15,85
1736,0,15,85
1737,0,15,85
1738,0,15,85
1739,0,15,85
1740,0,15,85
1741,0,15,85
1742,0,15,85
1743,0,15,85
1744,0,15,85
1745,0,15,85
1746,0,15,85
1747,0,15,85
1748,0,15,85
1749,0,15,85
1750,0,15,85
1751,0,15,85
1752,0,15,85
1753,0,15,85
1754,0,15,85
1755,0,15,85
1756,0,15,85
1757,0,15,85
1758,0,15,85
1759,0,15,85
1760,0,15,85
1761,0,15,85
1762,0,15,85
1763,0,15,85
1764,0,15,85
1765,0,15,85
1766,0,15,85
1767,0,15,85
1768,0,15,85
1769,0,15,85
1770,0,15,85
1771,0,15,85
1772,0,15,85
1773,0,15,85
1774,0,15,85
1775,0,15,85
1776,0,15,85
1777,0,15,85
1778,0,15,85
1779,0,15,85
1780,0,15,85
1781,0,15,85
1782,0,15,85
1783,0,15,85
1784,0,15,85
1785,0,15,85
1786,0,15,85
1787,0,15,85
1788,0,15,85
1789,0,15,85
1790,0,15,85
1791,0,15,85
1792,0,15,85
1793,0,15,85
1794,0,15,85
1795,0,15,85
1796,0,15,85
1797,0,15,85
1798,0,15,85
1799,0,15,85
1800,0,14,86
1801,0,14,86
1802,0,14,86
1803,0,14,86
1804,0,14,86
1805,0,13,87
1806,0,12,88
1807,0,12,88
1808,0,12,88
1809,0,12,88
1810,0,12,88
1811,0,12,88
1812,0,12,88
1813,0,12,88
1814,0,12,88
1815,0,12,88
1816,0,12,88
1817,0,12,88
1818,0,12,88
1819,0,12,88
1820,0,12,88
1821,0,12,88
1822,0,12,88
1823,0,12,88
1824,0,12,88
1825,0,12,88
1826,0,12,88
1827,0,12,88
1828,0,12,88
1829,0,12,88
1830,0,12,88
1831,0,12,88
1832,0,12,88
1833,0,12,88
1834,0,12,88
1835,0,12,88
1836,0,12,88
1837,0,12,88
1838,0,12,88
1839,0,12,88
1840,0,12,88
1841,0,12,88
1842,0,12,88
1843,0,12,88
1844,0,11,89
1845,0,11,89
1846,0,11,89
1847,0,10,90
1848,0,10,90
1849,0,10,90
1850,0,9,91
1851,0,9,91
1852,0,9,91
1853,0,9,91
1854,0,9,91
1855,0,9,91
1856,0,9,91
1857,0,9,91
1858,0,9,91
1859,0,9,91
1860,0,9,91
1861,0,9,91
1862,0,9,91
1863,0,9,91
1864,0,9,91
1865,0,9,91
1866,0,9,91
1867,0,9,91
1868,0,9,91
1869,0,9,91
1870,0,9,91
1871,0,9,91
1872,0,9,91
1873,0,9,91
1874,0,9,91
1875,0,9,91
1876,0,9,91
1877,0,9,91
1878,0,9,91
1879,0,9,91
1880,0,9,91
1881,0,9,91
1882,0,9,91
1883,0,9,91
1884,0,9,91
1885,0,9,91
1886,0,9,91
1887,0,9,91
1888,0,9,91
1889,0,9,91
1890,0,9,91
1891,0,9,91
1892,0,9,91
1893,0,9,91
1894,0,8,92
1895,0,8,92
1896,0,8,92
1897,0,8,92
1898,0,8,92
1899,0,8,92
1900,0,8,92
1901,0,8,92
1902,0,8,92
1903,0,8,92
1904,0,8,92
1905,0,8,92
1906,0,8,92
1907,0,8,92
1908,0,8,92
1909,0,8,92
1910,0,8,92
1911,0,8,92
1912,0,8,92
1913,0,8,92
1914,0,8,92
1915,0,8,92
1916,0,8,92
1917,0,8,92
1918,0,8,92
1919,0,8,92
1920,0,8,92
1921,0,8,92
1922,0,8,92
1923,0,8,92
1924,0,8,92
1925,0,8,92
1926,0,8,92
1927,0,8,92
1928,0,8,92
1929,0,8,92
1930,0,8,92
1931,0,8,92
1932,0,8,92
1933,0,8,92
1934,0,8,92
1935,0,8,92
1936,0,8,92
1937,0,8,92
1938,0,8,92
1939,0,8,92
1940,0,8,92
1941,0,8,92
1942,0,7,93
1943,0,7,93
1944,0,7,93
1945,0,7,93
1946,0,7,93
1947,0,7,93
1948,0,7,93
1949,0,7,93
1950,0,7,93
1951,0,7,93
1952,0,7,93
1953,0,7,93
1954,0,7,93
1955,0,7,93
1956,0,7,93
1957,0,7,93
1958,0,7,93
1959,0,7,93
1960,0,7,93
1961,0,7,93
1962,0,7,93
1963,0,7,93
1964,0,7,93
1965,0,7,93
1966,0,7,93
1967,0,7,93
1968,0,7,93
1969,0,7,93
1970,0,7,93
1971,0,7,93
1972,0,7,93
1973,0,7,93
1974,0,7,93
1975,0,7,93
1976,0,7,93
1977,0,7,93
1978,0,7,93
1979,0,7,93
1980,0,7,93
1981,0,7,93
1982,0,7,93
1983,0,7,93
1984,0,7,93
1985,0,7,93
1986,0,7,93
1987,0,7,93
1988,0,7,93
1989,0,7,93
1990,0,7,93
1991,0,7,93
1992,0,7,93
1993,0,7,93
1994,0,7,93
1995,0,7,93
1996,0,7,93
1997,0,7,93
1998,0,7,93
1999,0,7,93
2000,0,7,93
2001,0,7,93
2002,0,7,93
2003,0,7,93
2004,0,7,93
2005,0,7,93
2006,0,7,93
2007,0,6,94
2008,0,6,94
2009,0,6,94
2010,0,6,94
2011,0,6,94
2012,0,6,94
2013,0,6,94
2014,0,6,94
2015,0,6,94
2016,0,6,94
2017,0,6,94
2018,0,6,94
2019,0,6,94
2020,0,6,94
2021,0,6,94
2022,0,6,94
2023,0,6,94
2024,0,6,94
2025,0,6,94
2026,0,6,94
2027,0,6,94
2028,0,6,94
2029,0,6,94
2030,0,6,94
2031,0,6,94
2032,0,6,94
2033,0,6,94
2034,0,6,94
2035,0,6,94
2036,0,6,94
2037,0,6,94
2038,0,6,94
2039,0,6,94
2040,0,6,94
2041,0,6,94
2042,0,6,94
2043,0,6,94
2044,0,6,94
2045,0,6,94
2046,0,6,94
2047,0,6,94
2048,0,6,94
2049,0,6,94
2050,0,6,94
2051,0,6,94
2052,0,6,94
2053,0,6,94
2054,0,6,94
2055,0,6,94
2056,0,6,94
2057,0,6,94
2058,0,6,94
2059,0,6,94
2060,0,6,94
2061,0,6,94
2062,0,6,94
2063,0,6,94
2064,0,6,94
2065,0,6,94
2066,0,6,94
2067,0,6,94
2068,0,6,94
2069,0,6,94
2070,0,6,94
2071,0,6,94
2072,0,6,94
2073,0,6,94
2074,0,6,94
2075,0,6,94
2076,0,6,94
2077,0,6,94
2078,0,6,94
2079,0,6,94
2080,0,6,94
2081,0,6,94
2082,0,6,94
2083,0,6,94
2084,0,6,94
2085,0,6,94
2086,0,6,94
2087,0,6,94
2088,0,6,94
2089,0,6,94
2090,0,6,94
2091,0,6,94
2092,0,6,94
2093,0,6,94
2094,0,6,94
2095,0,6,94
2096,0,6,94
2097,0,6,94
2098,0,6,94
2099,0,6,94
2100,0,6,94
2101,0,6,94
2102,0,6,94
2103,0,6,94
2104,0,6,94
2105,0,6,94
2106,0,6,94
2107,0,6,94
2108,0,6,94
2109,0,6,94
2110,0,6,94
2111,0,6,94
2112,0,6,94
2113,0,6,94
2114,0,6,94
2115,0,6,94
2116,0,6,94
2117,0,6,94
2118,0,6,94
2119,0,6,94
2120,0,6,94
2121,0,6,94
2122,0,6,94
2123,0,6,94
2124,0,6,94
2125,0,6,94
2126,0,6,94
2127,0,6,94
2128,0,6,94
2129,0,6,94
2130,0,6,94
2131,0,6,94
2132,0,6,94
2133,0,6,94
2134,0,6,94
2135,0,6,94
2136,0,6,94
2137,0,6,94
2138,0,6,94
2139,0,6,94
2140,0,6,94
2141,0,6,94
2142,0,6,94
2143,0,6,94
2144,0,6,94
2145,0,6,94
2146,0,6,94
2147,0,6,94
2148,0,6,94
2149,0,6,94
2150,0,6,94
2151,0,6,94
2152,0,6,94
2153,0,6,94
2154,0,6,94
2155,0,6,94
2156,0,6,94
2157,0,6,94
2158,0,6,94
2159,0,6,94
2160,0,6,94
2161,0,6,94
2162,0,6,94
2163,0,6,94
2164,0,6,94
2165,0,6,94
2166,0,6,94
2167,0,6,94
2168,0,6,94
2169,0,6,94
2170,0,6,94
2171,0,6,94
2172,0,6,94
2173,0,6,94
2174,0,6,94
2175,0,6,94
2176,0,6,94
2177,0,6,94
2178,0,6,94
2179,0,6,94
2180,0,6,94
2181,0,6,94
2182,0,6,94
2183,0,6,94
2184,0,6,94
2185,0,6,94
2186,0,6,94
2187,0,6,94
2188,0,6,94
2189,0,6,94
2190,0,6,94
2191,0,6,94
2192,0,6,94
2193,0,6,94
2194,0,6,94
2195,0,6,94
2196,0,6,94
2197,0,6,94
2198,0,6,94
2199,0,6,94
2200,0,6,94
2201,0,6,94
2202,0,6,94
2203,0,6,94
2204,0,6,94
2205,0,6,94
2206,0,6,94
2207,0,6,94
2208,0,6,94
2209,0,6,94
2210,0,6,94
2211,0,6,94
2212,0,6,94
2213,0,6,94
2214,0,6,94
2215,0,6,94
2216,0,6,94
2217,0,6,94
2218,0,6,94
2219,0,6,94
2220,0,6,94
2221,0,6,94
2222,0,6,94
2223,0,6,94
2224,0,6,94
2225,0,6,94
2226,0,6,94
2227,0,6,94
2228,0,6,94
2229,0,6,94
2230,0,6,94
2231,0,6,94
2232,0,6,94
2233,0,6,94
2234,0,6,94
2235,0,6,94
2236,0,6,94
2237,0,6,94
2238,0,6,94
2239,0,6,94
2240,0,6,94
2241,0,6,94
2242,0,6,94
2243,0,6,94
2244,0,6,94
2245,0,6,94
2246,0,6,94
2247,0,6,94
2248,0,6,94
2249,0,6,94
2250,0,6,94
2251,0,6,94
2252,0,6,94
2253,0,6,94
2254,0,6,94
2255,0,6,94
2256,0,6,94
2257,0,6,94
2258,0,6,94
2259,0,6,94
2260,0,6,94
2261,0,6,94
2262,0,6,94
2263,0,6,94
2264,0,6,94
2265,0,6,94
2266,0,6,94
2267,0,6,94
2268,0,6,94
2269,0,6,94
2270,0,6,94
2271,0,6,94
2272,0,6,94
2273,0,6,94
2274,0,6,94
2275,0,6,94
2276,0,6,94
2277,0,6,94
2278,0,6,94
2279,0,6,94
2280,0,6,94
2281,0,6,94
2282,0,6,94
2283,0,6,94
2284,0,6,94
2285,0,6,94
2286,0,6,94
2287,0,6,94
2288,0,6,94
2289,0,6,94
2290,0,5,95
2291,0,5,95
2292,0,5,95
2293,0,5,95
2294,0,5,95
2295,0,5,95
2296,0,5,95
2297,0,5,95
2298,0,5,95
2299,0,5,95
2300,0,5,95
2301,0,5,95
2302,0,5,95
2303,0,5,95
2304,0,5,95
2305,0,5,95
2306,0,5,95
2307,0,5,95
2308,0,5,95
2309,0,5,95
2310,0,5,95
2311,0,5,95
2312,0,5,95
2313,0,5,95
2314,0,5,95
2315,0,5,95
2316,0,5,95
2317,0,5,95
2318,0,5,95
2319,0,5,95
2320,0,5,95
2321,0,5,95
2322,0,5,95
2323,0,5,95
2324,0,5,95
2325,0,5,95
2326,0,5,95
2327,0,5,95
2328,0,5,95
2329,0,5,95
2330,0,5,95
2331,0,5,95
2332,0,5,95
2333,0,5,95
2334,0,5,95
2335,0,5,95
2336,0,5,95
2337,0,5,95
2338,0,5,95
2339,0,5,95
2340,0,5,95
2341,0,5,95
2342,0,5,95
2343,0,5,95
2344,0,5,95
2345,0,5,95
2346,0,5,95
2347,0,5,95
2348,0,5,95
2349,0,5,95
2350,0,5,95
2351,0,5,95
2352,0,5,95
2353,0,5,95
2354,0,5,95
2355,0,5,95
2356,0,5,95
2357,0,5,95
2358,0,5,95
2359,0,5,95
2360,0,5,95
2361,0,5,95
2362,0,4,96
2363,0,4,96
2364,0,4,96
2365,0,4,96
2366,0,4,96
2367,0,4,96
2368,0,4,96
2369,0,4,96
2370,0,4,96
2371,0,4,96
2372,0,4,96
2373,0,4,96
2374,0,4,96
2375,0,4,96
2376,0,4,96
2377,0,4,96
2378,0,4,96
2379,0,4,96
2380,0,4,96
2381,0,4,96
2382,0,4,96
2383,0,4,96
2384,0,4,96
2385,0,4,96
2386,0,4,96
2387,0,4,96
2388,0,4,96
2389,0,4,96
2390,0,4,96
2391,0,4,96
2392,0,4,96
2393,0,4,96
2394,0,4,96
2395,0,4,96
2396,0,4,96
2397,0,4,96
2398,0,4,96
2399,0,4,96
2400,0,4,96
2401,0,4,96
2402,0,4,96
2403,0,4,96
2404,0,4,96
2405,0,4,96
2406,0,4,96
2407,0,4,96
2408,0,4,96
2409,0,4,96
2410,0,4,96
2411,0,4,96
2412,0,4,96
2413,0,4,96
2414,0,4,96
2415,0,4,96
2416,0,4,96
2417,0,4,96
2418,0,4,96
2419,0,4,96
2420,0,4,96
2421,0,4,96
2422,0,4,96
2423,0,4,96
2424,0,4,96
2425,0,4,96
2426,0,4,96
2427,0,4,96
2428,0,4,96
2429,0,4,96
2430,0,4,96
2431,0,4,96
2432,0,4,96
2433,0,4,96
2434,0,4,96
2435,0,4,96
2436,0,4,96
2437,0,4,96
2438,0,4,96
2439,0,4,96
2440,0,4,96
2441,0,4,96
2442,0,4,96
2443,0,4,96
2444,0,4,96
2445,0,4,96
2446,0,4,96
2447,0,4,96
2448,0,4,96
2449,0,4,96
2450,0,4,96
2451,0,4,96
2452,0,4,96
2453,0,4,96
2454,0,4,96
2455,0,4,96
2456,0,4,96
2457,0,4,96
2458,0,4,96
2459,0,4,96
2460,0,4,96
2461,0,4,96
2462,0,4,96
2463,0,4,96
2464,0,4,96
2465,0,4,96
2466,0,4,96
2467,0,4,96
2468,0,4,96
2469,0,4,96
2470,0,4,96
2471,0,4,96
2472,0,3,97
2473,0,3,97
2474,0,3,97
2475,0,3,97
2476,0,3,97
2477,0,3,97
2478,0,3,97
2479,0,3,97
2480,0,3,97
2481,0,3,97
2482,0,3,97
2483,0,3,97
2484,0,3,97
2485,0,3,97
2486,0,3,97
2487,0,3,97
2488,0,3,97
2489,0,3,97
2490,0,3,97
2491,0,3,97
2492,0,3,97
2493,0,3,97
2494,0,3,97
2495,0,3,97
2496,0,3,97
2497,0,3,97
2498,0,3,97
2499,0,3,97
2500,0,3,97
2501,0,3,97
2502,0,3,97
2503,0,3,97
2504,0,3,97
2505,0,3,97
2506,0,3,97
2507,0,3,97
2508,0,3,97
2509,0,3,97
2510,0,3,97
2511,0,3,97
2512,0,3,97
2513,0,3,97
2514,0,3,97
2515,0,3,97
2516,0,3,97
2517,0,3,97
2518,0,3,97
2519,0,3,97
2520,0,3,97
2521,0,3,97
2522,0,3,97
2523,0,3,97
2524,0,3,97
2525,0,3,97
2526,0,3,97
2527,0,3,97
2528,0,3,97
2529,0,3,97
2530,0,3,97
2531,0,3,97
2532,0,3,97
2533,0,3,97
2534,0,3,97
2535,0,3,97
2536,0,3,97
2537,0,3,97
2538,0,3,97
2539,0,3,97
2540,0,3,97
2541,0,3,97
2542,0,3,97
2543,0,3,97
2544,0,3,97
2545,0,3,97
2546,0,3,97
2547,0,3,97
2548,0,3,97
2549,0,3,97
2550,0,3,97
2551,0,3,97
2552,0,3,97
2553,0,3,97
2554,0,3,97
2555,0,3,97
2556,0,3,97
2557,0,3,97
2558,0,3,97
2559,0,3,97
2560,0,3,97
2561,0,3,97
2562,0,3,97
2563,0,3,97
2564,0,3,97
2565,0,3,97
2566,0,3,97
2567,0,3,97
2568,0,3,97
2569,0,3,97
2570,0,3,97
2571,0,3,97
2572,0,3,97
2573,0,3,97
2574,0,3,97
2575,0,3,97
2576,0,3,97
2577,0,3,97
2578,0,3,97
2579,0,3,97
2580,0,3,97
2581,0,3,97
2582,0,3,97
2583,0,3,97
2584,0,3,97
2585,0,3,97
2586,0,3,97
2587,0,3,97
2588,0,3,97
2589,0,3,97
2590,0,3,97
2591,0,3,97
2592,0,3,97
2593,0,3,97
2594,0,3,97
2595,0,3,97
2596,0,3,97
2597,0,3,97
2598,0,3,97
2599,0,3,97
2600,0,3,97
2601,0,3,97
2602,0,3,97
2603,0,3,97
2604,0,3,97
2605,0,3,97
2606,0,3,97
2607,0,3,97
2608,0,3,97
2609,0,3,97
2610,0,3,97
2611,0,3,97
2612,0,3,97
2613,0,3,97
2614,0,3,97
2615,0,3,97
2616,0,3,97
2617,0,3,97
2618,0,3,97
2619,0,3,97
2620,0,3,97
2621,0,3,97
2622,0,3,97
2623,0,3,97
2624,0,3,97
2625,0,3,97
2626,0,3,97
2627,0,3,97
2628,0,3,97
2629,0,3,97
2630,0,3,97
2631,0,3,97
2632,0,3,97
2633,0,3,97
2634,0,3,97
2635,0,3,97
2636,0,3,97
2637,0,3,97
2638,0,3,97
2639,0,3,97
2640,0,3,97
2641,0,3,97
2642,0,3,97
2643,0,3,97
2644,0,3,97
2645,0,3,97
2646,0,3,97
2647,0,3,97
2648,0,3,97
2649,0,3,97
2650,0,3,97
2651,0,3,97
2652,0,3,97
2653,0,3,97
2654,0,3,97
2655,0,3,97
2656,0,3,97
2657,0,3,97
2658,0,3,97
2659,0,3,97
2660,0,3,97
2661,0,3,97
2662,0,3,97
2663,0,3,97
2664,0,3,97
2665,0,3,97
2666,0,3,97
2667,0,3,97
2668,0,3,97
2669,0,3,97
2670,0,3,97
2671,0,3,97
2672,0,3,97
2673,0,3,97
2674,0,3,97
2675,0,3,97
2676,0,3,97
2677,0,3,97
2678,0,3,97
2679,0,3,97
2680,0,3,97
2681,0,3,97
2682,0,3,97
2683,0,3,97
2684,0,3,97
2685,0,3,97
2686,0,3,97
2687,0,3,97
2688,0,3,97
2689,0,3,97
2690,0,3,97
2691,0,3,97
2692,0,3,97
2693,0,3,97
2694,0,3,97
2695,0,3,97
2696,0,3,97
2697,0,3,97
2698,0,3,97
2699,0,3,97
2700,0,3,97
2701,0,3,97
2702,0,3,97
2703,0,3,97
2704,0,3,97
2705,0,3,97
2706,0,3,97
2707,0,3,97
2708,0,3,97
2709,0,3,97
2710,0,3,97
2711,0,3,97
2712,0,3,97
2713,0,3,97
2714,0,3,97
2715,0,3,97
2716,0,3,97
2717,0,3,97
2718,0,3,97
2719,0,3,97
2720,0,3,97
2721,0,3,97
2722,0,3,97
2723,0,3,97
2724,0,3,97
2725,0,3,97
2726,0,3,97
2727,0,3,97
2728,0,3,97
2729,0,3,97
2730,0,3,97
2731,0,3,97
2732,0,3,97
2733,0,3,97
2734,0,3,97
2735,0,3,97
2736,0,3,97
2737,0,3,97
2738,0,3,97
2739,0,3,97
2740,0,3,97
2741,0,3,97
2742,0,3,97
2743,0,3,97
2744,0,3,97
2745,0,3,97
2746,0,3,97
2747,0,3,97
2748,0,3,97
2749,0,3,97
2750,0,3,97
2751,0,3,97
2752,0,3,97
2753,0,3,97
2754,0,3,97
2755,0,3,97
2756,0,3,97
2757,0,3,97
2758,0,3,97
2759,0,3,97
2760,0,3,97
2761,0,3,97
2762,0,3,97
2763,0,3,97
2764,0,3,97
2765,0,3,97
2766,0,3,97
2767,0,3,97
2768,0,3,97
2769,0,3,97
2770,0,3,97
2771,0,3,97
2772,0,3,97
2773,0,3,97
2774,0,3,97
2775,0,3,97
2776,0,3,97
2777,0,3,97
2778,0,3,97
2779,0,3,97
2780,0,3,97
2781,0,3,97
2782,0,3,97
2783,0,3,97
2784,0,3,97
2785,0,3,97
2786,0,3,97
2787,0,3,97
2788,0,3,97
2789,0,3,97
2790,0,3,97
2791,0,3,97
2792,0,3,97
2793,0,3,97
2794,0,3,97
2795,0,3,97
2796,0,3,97
2797,0,3,97
2798,0,3,97
2799,0,3,97
2800,0,3,97
2801,0,3,97
2802,0,3,97
2803,0,3,97
2804,0,3,97
2805,0,3,97
2806,0,3,97
2807,0,3,97
2808,0,3,97
2809,0,3,97
2810,0,3,97
2811,0,3,97
2812,0,3,97
2813,0,3,97
2814,0,3,97
2815,0,3,97
2816,0,3,97
2817,0,3,97
2818,0,3,97
2819,0,3,97
2820,0,3,97
2821,0,3,97
2822,0,3,97
2823,0,3,97
2824,0,3,97
2825,0,3,97
2826,0,3,97
2827,0,3,97
2828,0,3,97
2829,0,3,97
2830,0,3,97
2831,0,3,97
2832,0,3,97
2833,0,3,97
2834,0,3,97
2835,0,3,97
2836,0,3,97
2837,0,3,97
2838,0,3,97
2839,0,3,97
2840,0,3,97
2841,0,3,97
2842,0,3,97
2843,0,3,97
2844,0,3,97
2845,0,3,97
2846,0,3,97
2847,0,3,97
2848,0,3,97
2849,0,3,97
2850,0,3,97
2851,0,3,97
2852,0,3,97
2853,0,3,97
2854,0,3,97
2855,0,3,97
2856,0,3,97
2857,0,2,98
2858,0,2,98
2859,0,2,98
2860,0,2,98
2861,0,2,98
2862,0,2,98
2863,0,2,98
2864,0,2,98
2865,0,2,98
2866,0,2,98
2867,0,2,98
2868,0,2,98
2869,0,2,98
2870,0,2,98
2871,0,2,98
2872,0,2,98
2873,0,2,98
2874,0,2,98
2875,0,2,98
2876,0,2,98
2877,0,2,98
2878,0,2,98
2879,0,2,98
2880,0,2,98
2881,0,2,98
2882,0,2,98
2883,0,2,98
2884,0,2,98
2885,0,2,98
2886,0,2,98
2887,0,2,98
2888,0,2,98
2889,0,2,98
2890,0,2,98
2891,0,2,98
2892,0,2,98
2893,0,2,98
2894,0,2,98
2895,0,2,98
2896,0,2,98
2897,0,2,98
2898,0,2,98
2899,0,2,98
2900,0,2,98
2901,0,2,98
2902,0,2,98
2903,0,2,98
2904,0,2,98
2905,0,2,98
2906,0,2,98
2907,0,2,98
2908,0,2,98
2909,0,2,98
2910,0,2,98
2911,0,2,98
2912,0,2,98
2913,0,2,98
2914,0,2,98
2915,0,2,98
2916,0,2,98
2917,0,2,98
2918,0,2,98
2919,0,2,98
2920,0,2,98
2921,0,2,98
2922,0,2,98
2923,0,2,98
2924,0,2,98
2925,0,2,98
2926,0,2,98
2927,0,2,98
2928,0,2,98
2929,0,2,98
2930,0,2,98
2931,0,2,98
2932,0,2,98
2933,0,2,98
2934,0,2,98
2935,0,2,98
2936,0,2,98
2937,0,2,98
2938,0,2,98
2939,0,2,98
2940,0,2,98
2941,0,2,98
2942,0,2,98
2943,0,2,98
2944,0,2,98
2945,0,2,98
2946,0,2,98
2947,0,2,98
2948,0,2,98
2949,0,2,98
2950,0,2,98
2951,0,2,98
2952,0,2,98
2953,0,2,98
2954,0,2,98
2955,0,2,98
2956,0,2,98
2957,0,2,98
2958,0,2,98
2959,0,2,98
2960,0,2,98
2961,0,2,98
2962,0,2,98
2963,0,2,98
2964,0,2,98
2965,0,2,98
2966,0,2,98
2967,0,2,98
2968,0,2,98
2969,0,2,98
2970,0,2,98
2971,0,2,98
2972,0,2,98
2973,0,2,98
2974,0,2,98
2975,0,2,98
2976,0,2,98
2977,0,2,98
2978,0,2,98
2979,0,2,98
2980,0,2,98
2981,0,2,98
2982,0,2,98
2983,0,2,98
2984,0,2,98
2985,0,2,98
2986,0,2,98
2987,0,2,98
2988,0,2,98
2989,0,2,98
2990,0,2,98
2991,0,2,98
2992,0,2,98
2993,0,2,98
2994,0,2,98
2995,0,2,98
2996,0,2,98
2997,0,2,98
2998,0,2,98
2999,0,2,98
3000,0,2,98
