Time,Healthy,Undetectable,Detectable
0,97,3,0
1,97,3,0
2,97,3,0
3,97,3,0
4,97,3,0
5,97,3,0
6,97,3,0
7,97,3,0
8,97,3,0
9,97,3,0
10,97,3,0
11,97,3,0
12,97,3,0
13,97,3,0
14,97,3,0
15,97,3,0
16,97,3,0
17,97,3,0
18,97,3,0
19,97,3,0
20,97,3,0
21,97,3,0
22,97,3,0
23,97,3,0
24,97,3,0
25,97,3,0
26,97,3,0
27,97,3,0
28,97,3,0
29,97,3,0
30,97,3,0
31,97,3,0
32,97,3,0
33,97,3,0
34,97,3,0
35,97,3,0
36,97,3,0
37,97,3,0
38,97,3,0
39,97,3,0
40,97,3,0
41,97,3,0
42,97,3,0
43,97,3,0
44,97,3,0
45,97,3,0
46,97,3,0
47,97,3,0
48,97,3,0
49,97,3,0
50,97,3,0
51,97,3,0
52,97,3,0
53,97,3,0
54,97,3,0
55,97,3,0
56,97,3,0
57,97,3,0
58,97,3,0
59,97,3,0
60,97,3,0
61,97,3,0
62,97,3,0
63,97,3,0
64,97,3,0
65,97,3,0
66,97,3,0
67,97,3,0
68,97,3,0
69,97,3,0
70,97,3,0
71,97,3,0
72,97,3,0
73,97,3,0
74,97,3,0
75,97,3,0
76,97,3,0
77,97,3,0
78,97,3,0
79,97,3,0
80,97,3,0
81,97,3,0
82,97,3,0
83,97,3,0
84,97,3,0
85,97,3,0
86,97,3,0
87,97,3,0
88,97,3,0
89,97,3,0
90,97,3,0
91,97,3,0
92,97,3,0
93,97,3,0
94,97,3,0
95,97,3,0
96,97,3,0
97,97,3,0
98,97,3,0
99,97,3,0
100,97,3,0
101,97,3,0
102,97,3,0
103,97,3,0
104,97,3,0
105,97,3,0
106,97,3,0
107,97,3,0
108,97,3,0
109,97,3,0
110,97,3,0
111,97,3,0
112,97,3,0
113,97,3,0
114,97,3,0
115,97,3,0
116,97,3,0
117,97,3,0
118,97,3,0
119,97,3,0
120,97,3,0
121,97,3,0
122,97,3,0
123,97,3,0
124,97,3,0
125,97,3,0
126,97,3,0
127,97,3,0
128,97,3,0
129,97,3,0
130,97,3,0
131,97,3,0
132,97,3,0
133,97,3,0
134,97,3,0
135,97,3,0
136,97,3,0
137,97,3,0
138,97,3,0
139,97,3,0
140,97,3,0
141,97,3,0
142,97,3,0
143,97,3,0
144,97,3,0
145,97,3,0
146,97,3,0
147,97,3,0
148,97,3,0
149,97,3,0
150,97,3,0
151,97,3,0
152,97,3,0
153,97,3,0
154,97,3,0
155,97,3,0
156,97,3,0
157,97,3,0
158,97,3,0
159,97,3,0
160,97,3,0
161,97,3,0
162,97,3,0
163,97,3,0
164,97,3,0
165,97,3,0
166,97,3,0
167,97,3,0
168,97,3,0
169,97,3,0
170,97,3,0
171,97,3,0
172,97,3,0
173,97,3,0
174,97,3,0
175,97,3,0
176,97,3,0
177,97,3,0
178,97,3,0
179,97,3,0
180,97,3,0
181,97,3,0
182,97,3,0
183,97,3,0
184,97,3,0
185,97,3,0
186,97,3,0
187,97,3,0
188,97,3,0
189,97,3,0
190,97,3,0
191,97,3,0
192,97,3,0
193,97,3,0
194,97,3,0
195,97,3,0
196,97,3,0
197,97,3,0
198,97,3,0
199,97,3,0
200,97,3,0
201,97,3,0
202,97,3,0
203,97,3,0
204,97,3,0
205,97,3,0
206,97,3,0
207,97,3,0
208,97,3,0
209,97,3,0
210,97,3,0
211,97,3,0
212,97,3,0
213,97,3,0
214,97,3,0
215,97,3,0
216,97,3,0
217,97,3,0
218,97,3,0
219,97,3,0
220,97,3,0
221,97,3,0
222,97,3,0
223,97,3,0
224,97,3,0
225,97,3,0
226,97,3,0
227,97,3,0
228,97,3,0
229,97,3,0
230,97,3,0
231,97,3,0
232,97,3,0
233,97,3,0
234,97,3,0
235,97,3,0
236,97,3,0
237,97,3,0
238,97,3,0
239,97,3,0
240,97,3,0
241,97,3,0
242,97,3,0
243,97,3,0
244,97,3,0
245,97,3,0
246,97,3,0
247,97,3,0
248,97,3,0
249,97,3,0
250,97,3,0
251,97,3,0
252,97,3,0
253,97,3,0
254,97,3,0
255,97,3,0
256,97,3,0
257,97,3,0
258,97,3,0
259,97,3,0
260,97,3,0
261,97,3,0
262,97,3,0
263,97,3,0
264,97,3,0
265,97,3,0
266,97,3,0
267,97,3,0
268,97,3,0
269,97,3,0
270,97,3,0
271,97,3,0
272,97,3,0
273,97,3,0
274,97,3,0
275,97,3,0
276,97,3,0
277,97,3,0
278,97,3,0
279,97,3,0
280,97,3,0
281,97,3,0
282,97,3,0
283,97,3,0
284,97,3,0
285,97,3,0
286,97,3,0
287,97,3,0
288,97,3,0
289,97,3,0
290,97,3,0
291,97,3,0
292,97,3,0
293,97,3,0
294,97,3,0
295,97,3,0
296,97,3,0
297,97,3,0
298,97,3,0
299,97,3,0
300,97,3,0
301,97,3,0
302,97,3,0
303,97,3,0
304,97,3,0
305,97,3,0
306,97,3,0
307,97,3,0
308,97,3,0
309,97,3,0
310,97,3,0
311,97,3,0
312,97,3,0
313,97,3,0
314,97,3,0
315,97,3,0
316,97,3,0
317,97,3,0
318,97,3,0
319,97,3,0
320,97,3,0
321,97,3,0
322,97,3,0
323,97,3,0
324,97,3,0
325,97,3,0
326,97,3,0
327,97,3,0
328,97,3,0
329,97,3,0
330,97,3,0
331,97,3,0
332,97,3,0
333,97,3,0
334,97,3,0
335,97,3,0
336,97,3,0
337,97,3,0
338,97,3,0
339,97,3,0
340,97,3,0
341,97,3,0
342,97,3,0
343,97,3,0
344,97,3,0
345,97,3,0
346,97,3,0
347,97,3,0
348,97,3,0
349,97,3,0
350,97,3,0
351,97,3,0
352,97,3,0
353,97,3,0
354,97,3,0
355,97,3,0
356,97,3,0
357,97,3,0
358,97,3,0
359,97,3,0
360,97,3,0
361,97,3,0
362,97,3,0
363,97,3,0
364,97,3,0
365,97,3,0
366,97,3,0
367,97,3,0
368,97,3,0
369,97,3,0
370,97,3,0
371,97,3,0
372,97,3,0
373,97,3,0
374,97,3,0
375,97,3,0
376,97,3,0
377,97,3,0
378,97,3,0
379,97,3,0
380,97,3,0
381,97,3,0
382,97,3,0
383,97,3,0
384,97,3,0
385,97,3,0
386,97,3,0
387,97,3,0
388,97,3,0
389,97,3,0
390,97,3,0
391,97,3,0
392,97,3,0
393,97,3,0
394,97,3,0
395,97,3,0
396,97,3,0
397,97,3,0
398,97,3,0
399,97,3,0
400,97,3,0
401,97,3,0
402,97,3,0
403,97,3,0
404,97,3,0
405,97,3,0
406,97,3,0
407,97,3,0
408,97,3,0
409,97,3,0
410,97,3,0
411,97,3,0
412,97,3,0
413,97,3,0
414,97,3,0
415,97,3,0
416,97,3,0
417,97,3,0
418,97,3,0
419,97,3,0
420,97,3,0
421,97,3,0
422,97,3,0
423,97,3,0
424,97,3,0
425,97,3,0
426,97,3,0
427,97,3,0
428,97,3,0
429,97,3,0
430,97,3,0
431,97,3,0
432,97,3,0
433,97,3,0
434,97,3,0
435,97,3,0
436,97,3,0
437,97,3,0
438,97,3,0
439,97,3,0
440,97,3,0
441,97,3,0
442,97,3,0
443,97,3,0
444,97,3,0
445,97,2,1
446,97,2,1
447,97,2,1
448,97,2,1
449,97,2,1
450,97,2,1
451,97,2,1
452,97,2,1
453,97,2,1
454,97,2,1
455,97,2,1
456,97,2,1
457,97,2,1
458,97,2,1
459,97,2,1
460,97,2,1
461,97,2,1
462,97,2,1
463,97,2,1
464,97,2,1
465,97,2,1
466,97,2,1
467,97,2,1
468,97,2,1
469,97,2,1
470,97,2,1
471,97,2,1
472,97,2,1
473,97,2,1
474,97,2,1
475,97,2,1
476,97,2,1
477,97,2,1
478,97,2,1
479,97,2,1
480,97,2,1
481,97,2,1
482,97,2,1
483,97,2,1
484,97,2,1
485,97,2,1
486,97,2,1
487,97,2,1
488,97,2,1
489,97,2,1
490,97,2,1
491,97,2,1
492,97,2,1
493,97,2,1
494,97,2,1
495,97,2,1
496,97,2,1
497,97,2,1
498,97,2,1
499,97,2,1
500,97,2,1
501,97,2,1
502,97,2,1
503,97,2,1
504,97,2,1
505,97,2,1
506,97,2,1
507,97,2,1
508,97,2,1
509,97,2,1
510,97,2,1
511,97,2,1
512,97,2,1
513,97,2,1
514,97,2,1
515,97,2,1
516,97,2,1
517,97,2,1
518,97,2,1
519,97,2,1
520,97,2,1
521,97,2,1
522,97,2,1
523,97,2,1
524,97,2,1
525,97,2,1
526,97,2,1
527,97,2,1
528,97,2,1
529,97,2,1
530,97,2,1
531,97,2,1
532,97,2,1
533,97,2,1
534,97,2,1
535,97,2,1
536,97,2,1
537,97,2,1
538,97,2,1
539,97,2,1
540,97,2,1
541,97,2,1
542,97,2,1
543,97,2,1
544,97,2,1
545,97,2,1
546,97,2,1
547,97,2,1
548,97,2,1
549,97,2,1
550,97,2,1
551,97,2,1
552,97,2,1
553,97,2,1
554,97,2,1
555,97,2,1
556,97,2,1
557,97,2,1
558,97,2,1
559,97,2,1
560,97,2,1
561,97,2,1
562,97,2,1
563,97,2,1
564,97,2,1
565,97,2,1
566,97,2,1
567,97,2,1
568,97,2,1
569,97,2,1
570,97,2,1
571,97,2,1
572,97,2,1
573,97,2,1
574,97,2,1
575,97,2,1
576,97,2,1
577,97,2,1
578,97,2,1
579,97,2,1
580,97,2,1
581,97,2,1
582,97,2,1
583,97,2,1
584,97,2,1
585,97,2,1
586,97,2,1
587,97,2,1
588,97,2,1
589,97,2,1
590,97,2,1
591,97,2,1
592,97,2,1
593,97,2,1
594,97,2,1
595,97,2,1
596,97,2,1
597,97,2,1
598,97,2,1
599,97,2,1
600,97,2,1
601,97,2,1
602,97,2,1
603,97,2,1
604,97,2,1
605,97,2,1
606,97,1,2
607,97,1,2
608,97,1,2
609,97,1,2
610,97,1,2
611,97,1,2
612,97,1,2
613,97,1,2
614,97,1,2
615,97,1,2
616,97,1,2
617,97,1,2
618,97,1,2
619,97,1,2
620,97,1,2
621,97,1,2
622,97,1,2
623,97,1,2
624,97,1,2
625,97,1,2
626,97,1,2
627,97,1,2
628,97,1,2
629,97,1,2
630,97,1,2
631,97,1,2
632,97,1,2
633,97,1,2
634,97,1,2
635,97,1,2
636,97,1,2
637,97,1,2
638,97,1,2
639,97,1,2
640,97,1,2
641,97,1,2
642,97,1,2
643,97,1,2
644,97,1,2
645,97,1,2
646,97,1,2
647,97,1,2
648,97,1,2
649,97,1,2
650,97,1,2
651,97,1,2
652,97,1,2
653,97,1,2
654,97,1,2
655,97,1,2
656,97,1,2
657,97,1,2
658,97,1,2
659,97,1,2
660,97,1,2
661,97,1,2
662,97,1,2
663,97,1,2
664,97,1,2
665,97,1,2
666,97,1,2
667,97,1,2
668,97,1,2
669,96,2,2
670,96,2,2
671,96,2,2
672,96,2,2
673,96,2,2
674,96,2,2
675,95,3,2
676,95,3,2
677,95,3,2
678,95,3,2
679,95,3,2
680,95,3,2
681,95,3,2
682,95,3,2
683,94,4,2
684,94,4,2
685,94,4,2
686,94,4,2
687,94,4,2
688,94,4,2
689,94,4,2
690,94,4,2
691,94,4,2
692,94,4,2
693,94,4,2
694,94,4,2
695,94,4,2
696,94,4,2
697,94,4,2
698,94,4,2
699,94,4,2
700,94,4,2
701,94,4,2
702,94,4,2
703,94,4,2
704,94,4,2
705,94,4,2
706,94,4,2
707,94,4,2
708,94,4,2
709,94,4,2
710,94,4,2
711,94,4,2
712,94,4,2
713,94,4,2
714,94,4,2
715,94,4,2
716,94,4,2
717,94,4,2
718,94,4,2
719,94,4,2
720,94,4,2
721,94,4,2
722,94,4,2
723,94,4,2
724,94,4,2
725,94,4,2
726,94,4,2
727,94,4,2
728,94,4,2
729,94,4,2
730,94,4,2
731,94,4,2
732,94,4,2
733,94,4,2
734,94,4,2
735,94,4,2
736,94,4,2
737,94,4,2
738,94,4,2
739,94,4,2
740,94,4,2
741,94,4,2
742,94,4,2
743,94,4,2
744,94,4,2
745,94,4,2
746,94,4,2
747,94,4,2
748,94,4,2
749,94,4,2
750,94,4,2
751,94,4,2
752,94,4,2
753,94,4,2
754,94,4,2
755,94,4,2
756,94,4,2
757,94,4,2
758,94,4,2
759,94,4,2
760,94,4,2
761,94,4,2
762,94,4,2
763,94,4,2
764,94,4,2
765,94,4,2
766,94,4,2
767,94,4,2
768,94,4,2
769,94,4,2
770,94,4,2
771,94,4,2
772,94,4,2
773,94,4,2
774,94,4,2
775,94,4,2
776,94,4,2
777,94,4,2
778,94,4,2
779,94,4,2
780,94,4,2
781,94,4,2
782,94,4,2
783,94,4,2
784,94,4,2
785,94,4,2
786,94,4,2
787,94,4,2
788,94,4,2
789,94,4,2
790,94,4,2
791,94,4,2
792,94,4,2
793,94,4,2
794,94,4,2
795,94,4,2
796,94,4,2
797,94,4,2
798,94,4,2
799,94,4,2
800,94,4,2
801,94,4,2
802,94,4,2
803,94,4,2
804,94,4,2
805,94,4,2
806,94,4,2
807,94,4,2
808,94,4,2
809,94,4,2
810,94,4,2
811,94,4,2
812,94,4,2
813,94,4,2
814,94,4,2
815,94,4,2
816,94,4,2
817,94,4,2
818,94,4,2
819,94,4,2
820,94,4,2
821,94,4,2
822,94,4,2
823,94,4,2
824,94,4,2
825,94,4,2
826,94,4,2
827,94,4,2
828,94,4,2
829,94,4,2
830,94,4,2
831,94,4,2
832,94,3,3
833,94,3,3
834,94,3,3
835,94,3,3
836,94,3,3
837,94,3,3
838,94,3,3
839,94,3,3
840,94,3,3
841,94,3,3
842,94,3,3
843,94,3,3
844,94,3,3
845,94,3,3
846,94,3,3
847,94,3,3
848,94,3,3
849,94,3,3
850,94,3,3
851,94,3,3
852,94,3,3
853,94,3,3
854,94,3,3
855,94,3,3
856,94,3,3
857,93,4,3
858,93,4,3
859,93,4,3
860,93,4,3
861,93,4,3
862,93,4,3
863,93,4,3
864,93,4,3
865,93,4,3
866,93,4,3
867,93,4,3
868,93,4,3
869,93,4,3
870,93,4,3
871,93,4,3
872,93,4,3
873,93,4,3
874,93,4,3
875,92,5,3
876,92,5,3
877,92,5,3
878,92,5,3
879,92,5,3
880,92,5,3
881,92,5,3
882,92,4,4
883,92,4,4
884,92,4,4
885,92,4,4
886,92,4,4
887,92,4,4
888,92,4,4
889,92,4,4
890,92,4,4
891,92,4,4
892,92,4,4
893,92,4,4
894,92,4,4
895,92,4,4
896,92,4,4
897,92,4,4
898,92,4,4
899,92,4,4
900,92,4,4
901,92,4,4
902,92,4,4
903,92,4,4
904,92,4,4
905,92,4,4
906,92,4,4
907,92,4,4
908,92,4,4
909,92,4,4
910,92,4,4
911,92,4,4
912,92,3,5
913,92,3,5
914,92,3,5
915,92,3,5
916,92,3,5
917,92,3,5
918,92,3,5
919,92,3,5
920,92,3,5
921,92,3,5
922,92,3,5
923,92,3,5
924,92,3,5
925,92,3,5
926,92,3,5
927,92,3,5
928,92,3,5
929,92,3,5
930,92,3,5
931,92,3,5
932,92,3,5
933,92,3,5
934,92,3,5
935,92,3,5
936,92,3,5
937,92,3,5
938,92,3,5
939,91,4,5
940,91,4,5
941,91,4,5
942,91,4,5
943,91,4,5
944,91,4,5
945,91,4,5
946,91,4,5
947,91,4,5
948,91,4,5
949,91,4,5
950,91,4,5
951,91,4,5
952,91,4,5
953,91,4,5
954,91,4,5
955,91,4,5
956,91,4,5
957,91,4,5
958,91,4,5
959,91,4,5
960,91,4,5
961,91,4,5
962,91,4,5
963,91,4,5
964,91,4,5
965,91,4,5
966,91,4,5
967,91,4,5
968,91,4,5
969,91,4,5
970,90,5,5
971,90,5,5
972,90,5,5
973,89,6,5
974,89,6,5
975,89,6,5
976,89,6,5
977,89,6,5
978,89,6,5
979,89,6,5
980,89,6,5
981,89,6,5
982,89,6,5
983,89,6,5
984,89,6,5
985,89,6,5
986,89,6,5
987,89,6,5
988,89,6,5
989,89,6,5
990,89,6,5
991,89,6,5
992,89,6,5
993,89,6,5
994,89,6,5
995,89,6,5
996,89,6,5
997,89,6,5
998,89,6,5
999,87,8,5
1000,87,8,5
1001,87,8,5
1002,87,8,5
1003,87,8,5
1004,87,8,5
1005,86,9,5
1006,86,9,5
1007,85,10,5
1008,85,10,5
1009,85,10,5
1010,85,10,5
1011,85,10,5
1012,85,10,5
1013,85,10,5
1014,85,9,6
1015,85,9,6
1016,85,9,6
1017,85,9,6
1018,85,9,6
1019,85,9,6
1020,85,9,6
1021,85,9,6
1022,85,9,6
1023,85,9,6
1024,85,9,6
1025,85,9,6
1026,85,9,6
1027,85,9,6
1028,85,9,6
1029,85,9,6
1030,85,9,6
1031,85,9,6
1032,84,10,6
1033,84,10,6
1034,83,11,6
1035,83,11,6
1036,83,11,6
1037,82,12,6
1038,81,13,6
1039,81,13,6
1040,81,13,6
1041,81,13,6
1042,81,13,6
1043,81,13,6
1044,81,13,6
1045,81,13,6
1046,81,13,6
1047,81,13,6
1048,81,13,6
1049,81,13,6
1050,81,13,6
1051,81,13,6
1052,81,13,6
1053,81,13,6
1054,81,13,6
1055,81,13,6
1056,81,13,6
1057,81,13,6
1058,81,13,6
1059,81,13,6
1060,81,13,6
1061,81,13,6
1062,81,13,6
1063,81,13,6
1064,81,13,6
1065,80,14,6
1066,80,14,6
1067,80,14,6
1068,80,14,6
1069,80,14,6
1070,80,14,6
1071,80,14,6
1072,80,14,6
1073,80,14,6
1074,80,13,7
1075,80,13,7
1076,80,13,7
1077,80,13,7
1078,80,13,7
1079,80,13,7
1080,80,13,7
1081,80,13,7
1082,80,13,7
1083,80,13,7
1084,80,13,7
1085,80,13,7
1086,80,13,7
1087,80,13,7
1088,80,13,7
1089,80,13,7
1090,80,13,7
1091,80,13,7
1092,80,13,7
1093,80,13,7
1094,80,13,7
1095,80,13,7
1096,80,13,7
1097,80,13,7
1098,80,13,7
1099,80,13,7
1100,79,14,7
1101,78,15,7
1102,78,15,7
1103,77,16,7
1104,77,16,7
1105,77,16,7
1106,76,17,7
1107,76,17,7
1108,76,16,8
1109,76,16,8
1110,76,16,8
1111,76,16,8
1112,76,16,8
1113,76,15,9
1114,76,15,9
1115,76,15,9
1116,76,15,9
1117,76,15,9
1118,76,15,9
1119,76,15,9
1120,76,15,9
1121,76,15,9
1122,76,15,9
1123,76,15,9
1124,76,15,9
1125,76,15,9
1126,76,15,9
1127,76,15,9
1128,75,16,9
1129,74,17,9
1130,74,17,9
1131,74,17,9
1132,74,17,9
1133,74,17,9
1134,74,17,9
1135,74,17,9
1136,74,17,9
1137,74,17,9
1138,74,17,9
1139,74,17,9
1140,74,17,9
1141,74,17,9
1142,74,17,9
1143,74,17,9
1144,74,17,9
1145,73,18,9
1146,73,18,9
1147,73,18,9
1148,73,18,9
1149,73,18,9
1150,73,18,9
1151,73,18,9
1152,73,18,9
1153,73,18,9
1154,73,18,9
1155,73,18,9
1156,73,18,9
1157,73,18,9
1158,73,18,9
1159,73,18,9
1160,73,18,9
1161,73,18,9
1162,73,18,9
1163,73,18,9
1164,73,18,9
1165,73,18,9
1166,73,18,9
1167,73,18,9
1168,73,18,9
1169,73,18,9
1170,73,18,9
1171,73,17,10
1172,73,16,11
1173,72,17,11
1174,71,18,11
1175,70,19,11
1176,70,19,11
1177,70,19,11
1178,70,19,11
1179,70,19,11
1180,70,19,11
1181,70,19,11
1182,70,19,11
1183,70,19,11
1184,70,19,11
1185,70,19,11
1186,70,19,11
1187,70,19,11
1188,70,19,11
1189,70,19,11
1190,70,19,11
1191,70,19,11
1192,70,19,11
1193,70,19,11
1194,70,19,11
1195,70,19,11
1196,70,19,11
1197,70,19,11
1198,70,19,11
1199,70,19,11
1200,70,19,11
1201,70,19,11
1202,70,19,11
1203,70,19,11
1204,70,19,11
1205,70,19,11
1206,70,19,11
1207,70,19,11
1208,70,19,11
1209,70,19,11
1210,70,19,11
1211,69,20,11
1212,69,20,11
1213,69,20,11
1214,69,20,11
1215,69,20,11
1216,69,20,11
1217,69,20,11
1218,69,20,11
1219,69,20,11
1220,69,20,11
1221,69,20,11
1222,69,19,12
1223,68,20,12
1224,68,20,12
1225,68,20,12
1226,68,20,12
1227,68,20,12
1228,68,20,12
1229,68,20,12
1230,68,20,12
1231,68,20,12
1232,68,20,12
1233,68,20,12
1234,68,20,12
1235,68,20,12
1236,68,20,12
1237,68,20,12
1238,68,20,12
1239,68,20,12
1240,68,20,12
1241,68,20,12
1242,67,21,12
1243,67,20,13
1244,67,20,13
1245,67,20,13
1246,66,20,14
1247,66,20,14
1248,65,21,14
1249,65,21,14
1250,65,21,14
1251,65,21,14
1252,65,21,14
1253,65,21,14
1254,65,21,14
1255,65,21,14
1256,65,21,14
1257,65,21,14
1258,65,21,14
1259,65,21,14
1260,65,21,14
1261,65,21,14
1262,65,21,14
1263,65,21,14
1264,65,21,14
1265,65,21,14
1266,65,21,14
1267,65,21,14
1268,65,21,14
1269,65,20,15
1270,65,20,15
1271,65,20,15
1272,65,20,15
1273,65,20,15
1274,64,21,15
1275,64,21,15
1276,64,21,15
1277,64,21,15
1278,64,21,15
1279,64,21,15
1280,63,22,15
1281,63,22,15
1282,63,22,15
1283,63,22,15
1284,63,22,15
1285,63,22,15
1286,62,23,15
1287,60,25,15
1288,60,25,15
1289,60,24,16
1290,60,24,16
1291,60,24,16
1292,59,25,16
1293,58,26,16
1294,58,26,16
1295,57,27,16
1296,57,27,16
1297,57,27,16
1298,57,27,16
1299,56,28,16
1300,55,29,16
1301,54,30,16
1302,54,30,16
1303,54,30,16
1304,54,30,16
1305,54,30,16
1306,54,30,16
1307,53,31,16
1308,53,31,16
1309,52,32,16
1310,52,32,16
1311,52,32,16
1312,52,31,17
1313,52,30,18
1314,52,30,18
1315,52,30,18
1316,52,30,18
1317,52,30,18
1318,52,30,18
1319,52,30,18
1320,52,30,18
1321,51,31,18
1322,50,32,18
1323,50,32,18
1324,50,32,18
1325,50,32,18
1326,50,32,18
1327,50,32,18
1328,49,33,18
1329,48,34,18
1330,48,34,18
1331,47,35,18
1332,47,34,19
1333,47,34,19
1334,47,34,19
1335,47,34,19
1336,47,34,19
1337,46,35,19
1338,45,36,19
1339,45,35,20
1340,45,35,20
1341,45,35,20
1342,45,35,20
1343,45,35,20
1344,45,35,20
1345,44,36,20
1346,44,36,20
1347,44,36,20
1348,44,36,20
1349,44,36,20
1350,44,36,20
1351,44,36,20
1352,44,36,20
1353,44,35,21
1354,43,36,21
1355,43,36,21
1356,43,36,21
1357,43,36,21
1358,43,35,22
1359,43,35,22
1360,43,35,22
1361,43,35,22
1362,43,35,22
1363,43,35,22
1364,43,35,22
1365,43,35,22
1366,43,35,22
1367,43,35,22
1368,42,36,22
1369,40,38,22
1370,39,39,22
1371,38,40,22
1372,38,40,22
1373,38,40,22
1374,38,40,22
1375,38,39,23
1376,38,39,23
1377,37,40,23
1378,37,40,23
1379,37,40,23
1380,37,40,23
1381,37,39,24
1382,37,39,24
1383,37,38,25
1384,37,38,25
1385,37,38,25
1386,37,38,25
1387,37,38,25
1388,36,38,26
1389,35,39,26
1390,34,40,26
1391,34,40,26
1392,32,42,26
1393,32,42,26
1394,32,42,26
1395,32,41,27
1396,32,41,27
1397,32,40,28
1398,32,40,28
1399,32,40,28
1400,32,40,28
1401,32,40,28
1402,32,40,28
1403,32,39,29
1404,31,40,29
1405,31,39,30
1406,31,39,30
1407,31,39,30
1408,31,39,30
1409,31,38,31
1410,31,38,31
1411,31,38,31
1412,31,38,31
1413,31,38,31
1414,31,38,31
1415,31,38,31
1416,31,38,31
1417,31,38,31
1418,31,38,31
1419,31,38,31
1420,31,38,31
1421,31,38,31
1422,31,38,31
1423,31,38,31
1424,31,38,31
1425,31,38,31
1426,31,38,31
1427,30,39,31
1428,30,39,31
1429,30,39,31
1430,30,39,31
1431,30,39,31
1432,30,39,31
1433,30,39,31
1434,30,39,31
1435,30,39,31
1436,29,40,31
1437,29,40,31
1438,29,40,31
1439,29,40,31
1440,29,40,31
1441,29,39,32
1442,29,39,32
1443,29,39,32
1444,29,39,32
1445,29,39,32
1446,29,39,32
1447,29,39,32
1448,29,39,32
1449,29,39,32
1450,29,39,32
1451,29,38,33
1452,29,38,33
1453,29,38,33
1454,29,38,33
1455,29,37,34
1456,29,37,34
1457,29,37,34
1458,29,37,34
1459,28,38,34
1460,28,38,34
1461,28,38,34
1462,28,38,34
1463,28,38,34
1464,28,38,34
1465,28,38,34
1466,28,38,34
1467,27,39,34
1468,27,39,34
1469,27,39,34
1470,27,39,34
1471,27,39,34
1472,27,39,34
1473,27,39,34
1474,27,39,34
1475,27,39,34
1476,27,38,35
1477,27,38,35
1478,27,38,35
1479,26,39,35
1480,26,39,35
1481,24,41,35
1482,24,41,35
1483,24,41,35
1484,24,41,35
1485,24,41,35
1486,24,41,35
1487,24,41,35
1488,24,41,35
1489,24,41,35
1490,24,41,35
1491,24,41,35
1492,24,41,35
1493,24,41,35
1494,24,41,35
1495,24,41,35
1496,24,41,35
1497,24,41,35
1498,24,41,35
1499,24,41,35
1500,23,42,35
1501,23,42,35
1502,23,42,35
1503,23,42,35
1504,23,42,35
1505,23,42,35
1506,22,43,35
1507,21,44,35
1508,21,44,35
1509,21,44,35
1510,21,44,35
1511,21,44,35
1512,21,44,35
1513,21,44,35
1514,21,44,35
1515,21,44,35
1516,21,44,35
1517,21,44,35
1518,21,44,35
1519,21,44,35
1520,20,45,35
1521,19,46,35
1522,19,46,35
1523,19,45,36
1524,18,46,36
1525,18,46,36
1526,18,46,36
1527,17,47,36
1528,17,46,37
1529,16,47,37
1530,16,47,37
1531,16,47,37
1532,16,47,37
1533,16,47,37
1534,16,46,38
1535,16,46,38
1536,16,46,38
1537,16,45,39
1538,16,45,39
1539,16,45,39
1540,16,45,39
1541,16,45,39
1542,15,46,39
1543,15,46,39
1544,15,45,40
1545,15,45,40
1546,15,45,40
1547,15,45,40
1548,15,44,41
1549,15,44,41
1550,15,44,41
1551,15,44,41
1552,15,44,41
1553,15,43,42
1554,15,43,42
1555,15,43,42
1556,15,43,42
1557,15,43,42
1558,15,43,42
1559,15,43,42
1560,15,43,42
1561,15,43,42
1562,15,43,42
1563,15,42,43
1564,15,42,43
1565,15,42,43
1566,15,42,43
1567,15,41,44
1568,15,41,44
1569,15,41,44
1570,15,41,44
1571,15,41,44
1572,14,42,44
1573,14,41,45
1574,14,41,45
1575,14,41,45
1576,14,41,45
1577,14,40,46
1578,14,40,46
1579,13,41,46
1580,13,41,46
1581,13,41,46
1582,13,40,47
1583,13,40,47
1584,13,40,47
1585,13,38,49
1586,13,38,49
1587,13,38,49
1588,13,38,49
1589,13,38,49
1590,13,38,49
1591,13,38,49
1592,13,38,49
1593,13,38,49
1594,13,37,50
1595,13,37,50
1596,13,37,50
1597,13,37,50
1598,13,37,50
1599,13,36,51
1600,13,35,52
1601,13,34,53
1602,13,34,53
1603,13,34,53
1604,13,34,53
1605,13,34,53
1606,12,34,54
1607,12,33,55
1608,12,33,55
1609,12,33,55
1610,12,33,55
1611,12,33,55
1612,12,33,55
1613,12,33,55
1614,12,33,55
1615,12,33,55
1616,12,33,55
1617,12,33,55
1618,12,33,55
1619,12,33,55
1620,12,33,55
1621,12,33,55
1622,12,33,55
1623,11,34,55
1624,11,32,57
1625,11,32,57
1626,11,32,57
1627,11,32,57
1628,11,32,57
1629,11,32,57
1630,11,32,57
1631,11,32,57
1632,11,32,57
1633,11,32,57
1634,11,32,57
1635,11,32,57
1636,11,32,57
1637,11,32,57
1638,11,32,57
1639,11,32,57
1640,11,32,57
1641,11,32,57
1642,11,32,57
1643,11,31,58
1644,11,31,58
1645,11,31,58
1646,11,31,58
1647,11,31,58
1648,11,31,58
1649,11,31,58
1650,11,31,58
1651,11,31,58
1652,11,31,58
1653,11,31,58
1654,11,31,58
1655,11,31,58
1656,11,31,58
1657,11,31,58
1658,11,31,58
1659,11,31,58
1660,11,31,58
1661,11,31,58
1662,11,31,58
1663,11,31,58
1664,11,31,58
1665,11,31,58
1666,11,31,58
1667,11,29,60
1668,11,29,60
1669,11,29,60
1670,11,29,60
1671,11,29,60
1672,10,30,60
1673,10,30,60
1674,10,30,60
1675,10,30,60
1676,10,30,60
1677,10,30,60
1678,10,30,60
1679,10,30,60
1680,10,29,61
1681,10,29,61
1682,10,29,61
1683,10,29,61
1684,10,29,61
1685,10,29,61
1686,10,29,61
1687,10,29,61
1688,10,29,61
1689,10,29,61
1690,10,29,61
1691,10,29,61
1692,10,28,62
1693,10,28,62
1694,9,29,62
1695,9,29,62
1696,9,29,62
1697,9,29,62
1698,9,29,62
1699,9,29,62
1700,9,29,62
1701,9,29,62
1702,9,29,62
1703,9,29,62
1704,9,29,62
1705,9,28,63
1706,9,28,63
1707,9,28,63
1708,9,28,63
1709,9,28,63
1710,9,28,63
1711,9,28,63
1712,9,28,63
1713,8,29,63
1714,8,29,63
1715,8,29,63
1716,8,29,63
1717,8,29,63
1718,8,29,63
1719,8,29,63
1720,8,29,63
1721,8,29,63
1722,8,29,63
1723,8,29,63
1724,8,29,63
1725,8,29,63
1726,7,30,63
1727,7,30,63
1728,7,30,63
1729,7,30,63
1730,7,30,63
1731,7,30,63
1732,7,30,63
1733,7,30,63
1734,7,30,63
1735,7,29,64
1736,7,29,64
1737,7,29,64
1738,7,29,64
1739,7,29,64
1740,7,29,64
1741,7,29,64
1742,7,28,65
1743,7,28,65
1744,7,28,65
1745,7,27,66
1746,7,27,66
1747,7,27,66
1748,6,28,66
1749,6,28,66
1750,6,28,66
1751,5,29,66
1752,5,29,66
1753,5,28,67
1754,5,28,67
1755,5,28,67
1756,5,28,67
1757,5,28,67
1758,5,28,67
1759,5,28,67
1760,5,28,67
1761,5,28,67
1762,5,28,67
1763,5,28,67
1764,5,28,67
1765,5,28,67
1766,5,28,67
1767,5,28,67
1768,5,28,67
1769,5,28,67
1770,5,28,67
1771,5,27,68
1772,5,27,68
1773,5,27,68
1774,5,27,68
1775,5,27,68
1776,5,27,68
1777,5,27,68
1778,5,25,70
1779,5,25,70
1780,5,25,70
1781,5,25,70
1782,5,25,70
1783,5,23,72
1784,5,23,72
1785,5,23,72
1786,5,23,72
1787,5,23,72
1788,4,23,73
1789,4,23,73
1790,4,23,73
1791,4,23,73
1792,4,23,73
1793,4,23,73
1794,4,23,73
1795,4,23,73
1796,4,23,73
1797,4,23,73
1798,4,23,73
1799,4,23,73
1800,4,23,73
1801,4,23,73
1802,4,23,73
1803,4,23,73
1804,4,23,73
1805,4,23,73
1806,4,23,73
1807,4,23,73
1808,4,23,73
1809,4,23,73
1810,4,23,73
1811,4,23,73
1812,4,23,73
1813,4,23,73
1814,4,22,74
1815,4,22,74
1816,4,22,74
1817,4,22,74
1818,4,22,74
1819,4,22,74
1820,4,22,74
1821,4,22,74
1822,4,22,74
1823,4,22,74
1824,4,22,74
1825,4,21,75
1826,4,20,76
1827,4,20,76
1828,4,19,77
1829,4,19,77
1830,4,19,77
1831,4,19,77
1832,4,19,77
1833,4,19,77
1834,4,19,77
1835,4,19,77
1836,4,19,77
1837,4,19,77
1838,4,19,77
1839,4,19,77
1840,4,19,77
1841,4,19,77
1842,4,19,77
1843,4,19,77
1844,4,19,77
1845,4,19,77
1846,4,19,77
1847,4,19,77
1848,4,19,77
1849,4,19,77
1850,4,19,77
1851,4,19,77
1852,4,19,77
1853,4,19,77
1854,4,19,77
1855,4,19,77
1856,4,19,77
1857,4,19,77
1858,4,19,77
1859,4,19,77
1860,4,19,77
1861,4,19,77
1862,4,19,77
1863,4,19,77
1864,4,19,77
1865,4,19,77
1866,4,19,77
1867,4,19,77
1868,4,19,77
1869,4,19,77
1870,4,19,77
1871,4,19,77
1872,4,19,77
1873,4,19,77
1874,3,20,77
1875,3,20,77
1876,3,20,77
1877,2,21,77
1878,2,21,77
1879,2,21,77
1880,2,21,77
1881,2,21,77
1882,2,21,77
1883,2,20,78
1884,2,20,78
1885,2,20,78
1886,2,20,78
1887,2,20,78
1888,2,20,78
1889,2,20,78
1890,2,20,78
1891,2,20,78
1892,2,20,78
1893,2,20,78
1894,2,20,78
1895,2,20,78
1896,2,20,78
1897,2,20,78
1898,2,20,78
1899,2,20,78
1900,2,20,78
1901,2,20,78
1902,2,20,78
1903,2,20,78
1904,2,20,78
1905,2,20,78
1906,2,20,78
1907,2,20,78
1908,2,20,78
1909,2,20,78
1910,2,20,78
1911,2,20,78
1912,2,20,78
1913,2,20,78
1914,2,20,78
1915,2,20,78
1916,2,20,78
1917,2,20,78
1918,2,20,78
1919,2,20,78
1920,2,20,78
1921,2,20,78
1922,2,20,78
1923,2,20,78
1924,2,20,78
1925,2,20,78
1926,2,20,78
1927,2,20,78
1928,2,20,78
1929,2,20,78
1930,2,20,78
1931,2,20,78
1932,2,20,78
1933,2,20,78
1934,2,20,78
1935,2,20,78
1936,2,20,78
1937,2,20,78
1938,2,20,78
1939,2,20,78
1940,2,20,78
1941,2,20,78
1942,2,20,78
1943,2,20,78
1944,2,20,78
1945,2,20,78
1946,2,19,79
1947,2,19,79
1948,2,19,79
1949,2,19,79
1950,2,19,79
1951,2,19,79
1952,2,19,79
1953,2,19,79
1954,2,19,79
1955,2,19,79
1956,2,19,79
1957,2,19,79
1958,2,19,79
1959,2,19,79
1960,2,19,79
1961,1,20,79
1962,1,20,79
1963,1,20,79
1964,1,20,79
1965,1,20,79
1966,1,20,79
1967,1,20,79
1968,1,20,79
1969,1,20,79
1970,1,20,79
1971,1,20,79
1972,1,20,79
1973,1,20,79
1974,1,20,79
1975,1,20,79
1976,1,20,79
1977,1,20,79
1978,1,20,79
1979,1,20,79
1980,1,19,80
1981,1,19,80
1982,1,19,80
1983,1,19,80
1984,1,19,80
1985,1,19,80
1986,1,19,80
1987,1,19,80
1988,1,19,80
1989,1,19,80
1990,1,19,80
1991,1,19,80
1992,1,19,80
1993,1,19,80
1994,1,19,80
1995,1,19,80
1996,1,19,80
1997,1,19,80
1998,1,19,80
1999,1,19,80
2000,1,18,81
2001,1,18,81
2002,1,18,81
2003,1,18,81
2004,1,18,81
2005,1,18,81
2006,1,18,81
2007,1,18,81
2008,1,18,81
2009,1,18,81
2010,1,18,81
2011,1,18,81
2012,1,18,81
2013,1,18,81
2014,1,18,81
2015,1,18,81
2016,1,18,81
2017,1,18,81
2018,1,18,81
2019,1,18,81
2020,1,18,81
2021,1,18,81
2022,1,18,81
2023,1,18,81
2024,1,18,81
2025,1,18,81
2026,1,18,81
2027,1,18,81
2028,1,18,81
2029,1,18,81
2030,1,18,81
2031,1,18,81
2032,1,18,81
2033,1,18,81
2034,1,18,81
2035,1,17,82
2036,1,17,82
2037,1,17,82
2038,1,17,82
2039,1,17,82
2040,1,17,82
2041,1,17,82
2042,1,17,82
2043,1,17,82
2044,1,16,83
2045,1,16,83
2046,1,16,83
2047,1,16,83
2048,1,16,83
2049,1,16,83
2050,1,16,83
2051,1,16,83
2052,1,16,83
2053,1,16,83
2054,1,16,83
2055,1,16,83
2056,1,16,83
2057,1,16,83
2058,1,16,83
2059,1,16,83
2060,1,16,83
2061,1,16,83
2062,1,16,83
2063,1,16,83
2064,1,16,83
2065,1,16,83
2066,1,16,83
2067,1,16,83
2068,1,16,83
2069,1,16,83
2070,1,16,83
2071,1,16,83
2072,1,16,83
2073,1,16,83
2074,1,16,83
2075,1,16,83
2076,1,16,83
2077,1,16,83
2078,1,16,83
2079,1,16,83
2080,1,16,83
2081,1,16,83
2082,1,16,83
2083,1,16,83
2084,1,16,83
2085,1,16,83
2086,1,16,83
2087,1,16,83
2088,1,16,83
2089,1,16,83
2090,1,16,83
2091,1,16,83
2092,1,16,83
2093,1,16,83
2094,1,16,83
2095,1,16,83
2096,1,16,83
2097,1,16,83
2098,1,16,83
2099,1,16,83
2100,1,16,83
2101,1,16,83
2102,1,16,83
2103,1,16,83
2104,1,16,83
2105,1,16,83
2106,1,16,83
2107,1,16,83
2108,1,16,83
2109,1,15,84
2110,1,15,84
2111,1,15,84
2112,1,15,84
2113,1,15,84
2114,1,15,84
2115,1,15,84
2116,1,15,84
2117,1,15,84
2118,1,15,84
2119,1,15,84
2120,0,16,84
2121,0,16,84
2122,0,16,84
2123,0,16,84
2124,0,16,84
2125,0,16,84
2126,0,16,84
2127,0,16,84
2128,0,16,84
2129,0,16,84
2130,0,16,84
2131,0,16,84
2132,0,16,84
2133,0,16,84
2134,0,16,84
2135,0,16,84
2136,0,16,84
2137,0,16,84
2138,0,16,84
2139,0,16,84
2140,0,16,84
2141,0,16,84
2142,0,16,84
2143,0,16,84
2144,0,16,84
2145,0,16,84
2146,0,16,84
2147,0,16,84
2148,0,16,84
2149,0,16,84
2150,0,15,85
2151,0,15,85
2152,0,15,85
2153,0,15,85
2154,0,15,85
2155,0,15,85
2156,0,15,85
2157,0,15,85
2158,0,15,85
2159,0,15,85
2160,0,15,85
2161,0,15,85
2162,0,15,85
2163,0,15,85
2164,0,15,85
2165,0,15,85
2166,0,15,85
2167,0,15,85
2168,0,15,85
2169,0,15,85
2170,0,15,85
2171,0,14,86
2172,0,14,86
2173,0,14,86
2174,0,14,86
2175,0,14,86
2176,0,14,86
2177,0,14,86
2178,0,14,86
2179,0,14,86
2180,0,14,86
2181,0,14,86
2182,0,14,86
2183,0,14,86
2184,0,14,86
2185,0,14,86
2186,0,14,86
2187,0,14,86
2188,0,13,87
2189,0,13,87
2190,0,13,87
2191,0,13,87
2192,0,13,87
2193,0,13,87
2194,0,13,87
2195,0,13,87
2196,0,13,87
2197,0,13,87
2198,0,13,87
2199,0,13,87
2200,0,13,87
2201,0,13,87
2202,0,12,88
2203,0,12,88
2204,0,11,89
2205,0,11,89
2206,0,11,89
2207,0,11,89
2208,0,11,89
2209,0,11,89
2210,0,11,89
2211,0,11,89
2212,0,11,89
2213,0,11,89
2214,0,11,89
2215,0,11,89
2216,0,11,89
2217,0,11,89
2218,0,11,89
2219,0,11,89
2220,0,11,89
2221,0,11,89
2222,0,11,89
2223,0,11,89
2224,0,11,89
2225,0,11,89
2226,0,11,89
2227,0,11,89
2228,0,11,89
2229,0,11,89
2230,0,11,89
2231,0,11,89
2232,0,11,89
2233,0,11,89
2234,0,11,89
2235,0,11,89
2236,0,11,89
2237,0,11,89
2238,0,11,89
2239,0,11,89
2240,0,11,89
2241,0,11,89
2242,0,11,89
2243,0,11,89
2244,0,11,89
2245,0,11,89
2246,0,11,89
2247,0,11,89
2248,0,11,89
2249,0,11,89
2250,0,11,89
2251,0,11,89
2252,0,11,89
2253,0,11,89
2254,0,11,89
2255,0,11,89
2256,0,11,89
2257,0,11,89
2258,0,11,89
2259,0,11,89
2260,0,11,89
2261,0,11,89
2262,0,11,89
2263,0,11,89
2264,0,11,89
2265,0,11,89
2266,0,11,89
2267,0,11,89
2268,0,11,89
2269,0,11,89
2270,0,11,89
2271,0,10,90
2272,0,10,90
2273,0,10,90
2274,0,10,90
2275,0,10,90
2276,0,10,90
2277,0,10,90
2278,0,10,90
2279,0,10,90
2280,0,10,90
2281,0,10,90
2282,0,10,90
2283,0,10,90
2284,0,10,90
2285,0,10,90
2286,0,10,90
2287,0,10,90
2288,0,10,90
2289,0,10,90
2290,0,10,90
2291,0,10,90
2292,0,10,90
2293,0,10,90
2294,0,9,91
2295,0,9,91
2296,0,9,91
2297,0,9,91
2298,0,9,91
2299,0,9,91
2300,0,9,91
2301,0,9,91
2302,0,9,91
2303,0,9,91
2304,0,9,91
2305,0,9,91
2306,0,9,91
2307,0,9,91
2308,0,9,91
2309,0,9,91
2310,0,9,91
2311,0,9,91
2312,0,9,91
2313,0,9,91
2314,0,9,91
2315,0,9,91
2316,0,9,91
2317,0,9,91
2318,0,9,91
2319,0,9,91
2320,0,9,91
2321,0,9,91
2322,0,9,91
2323,0,9,91
2324,0,9,91
2325,0,9,91
2326,0,9,91
2327,0,9,91
2328,0,9,91
2329,0,9,91
2330,0,9,91
2331,0,9,91
2332,0,9,91
2333,0,9,91
2334,0,9,91
2335,0,9,91
2336,0,9,91
2337,0,9,91
2338,0,9,91
2339,0,9,91
2340,0,9,91
2341,0,9,91
2342,0,9,91
2343,0,9,91
2344,0,9,91
2345,0,9,91
2346,0,9,91
2347,0,9,91
2348,0,9,91
2349,0,9,91
2350,0,9,91
2351,0,9,91
2352,0,9,91
2353,0,9,91
2354,0,9,91
2355,0,9,91
2356,0,9,91
2357,0,9,91
2358,0,9,91
2359,0,9,91
2360,0,9,91
2361,0,9,91
2362,0,9,91
2363,0,9,91
2364,0,9,91
2365,0,9,91
2366,0,9,91
2367,0,9,91
2368,0,9,91
2369,0,9,91
2370,0,9,91
2371,0,9,91
2372,0,9,91
2373,0,9,91
2374,0,9,91
2375,0,9,91
2376,0,9,91
2377,0,9,91
2378,0,9,91
2379,0,9,91
2380,0,9,91
2381,0,9,91
2382,0,9,91
2383,0,9,91
2384,0,9,91
2385,0,9,91
2386,0,9,91
2387,0,9,91
2388,0,9,91
2389,0,9,91
2390,0,9,91
2391,0,9,91
2392,0,9,91
2393,0,9,91
2394,0,9,91
2395,0,9,91
2396,0,9,91
2397,0,9,91
2398,0,9,91
2399,0,9,91
2400,0,9,91
2401,0,9,91
2402,0,9,91
2403,0,9,91
2404,0,9,91
2405,0,9,91
2406,0,8,92
2407,0,8,92
2408,0,8,92
2409,0,8,92
2410,0,8,92
2411,0,8,92
2412,0,8,92
2413,0,8,92
2414,0,8,92
2415,0,8,92
2416,0,8,92
2417,0,8,92
2418,0,8,92
2419,0,8,92
2420,0,8,92
2421,0,8,92
2422,0,8,92
2423,0,8,92
2424,0,8,92
2425,0,8,92
2426,0,8,92
2427,0,8,92
2428,0,8,92
2429,0,8,92
2430,0,8,92
2431,0,8,92
2432,0,8,92
2433,0,8,92
2434,0,8,92
2435,0,8,92
2436,0,8,92
2437,0,8,92
2438,0,8,92
2439,0,8,92
2440,0,8,92
2441,0,8,92
2442,0,8,92
2443,0,8,92
2444,0,8,92
2445,0,8,92
2446,0,8,92
2447,0,8,92
2448,0,8,92
2449,0,8,92
2450,0,8,92
2451,0,8,92
2452,0,8,92
2453,0,8,92
2454,0,8,92
2455,0,8,92
2456,0,8,92
2457,0,8,92
2458,0,8,92
2459,0,8,92
2460,0,8,92
2461,0,8,92
2462,0,8,92
2463,0,8,92
2464,0,8,92
2465,0,8,92
2466,0,8,92
2467,0,8,92
2468,0,8,92
2469,0,8,92
2470,0,8,92
2471,0,8,92
2472,0,8,92
2473,0,8,92
2474,0,8,92
2475,0,8,92
2476,0,8,92
2477,0,8,92
2478,0,8,92
2479,0,8,92
2480,0,8,92
2481,0,8,92
2482,0,8,92
2483,0,8,92
2484,0,8,92
2485,0,8,92
2486,0,8,92
2487,0,8,92
2488,0,8,92
2489,0,8,92
2490,0,8,92
2491,0,8,92
2492,0,8,92
2493,0,8,92
2494,0,8,92
2495,0,8,92
2496,0,8,92
2497,0,8,92
2498,0,8,92
2499,0,8,92
2500,0,8,92
2501,0,8,92
2502,0,8,92
2503,0,8,92
2504,0,8,92
2505,0,8,92
2506,0,8,92
2507,0,8,92
2508,0,8,92
2509,0,8,92
2510,0,8,92
2511,0,8,92
2512,0,8,92
2513,0,8,92
2514,0,8,92
2515,0,8,92
2516,0,8,92
2517,0,8,92
2518,0,8,92
2519,0,8,92
2520,0,8,92
2521,0,8,92
2522,0,8,92
2523,0,8,92
2524,0,8,92
2525,0,8,92
2526,0,8,92
2527,0,8,92
2528,0,8,92
2529,0,8,92
2530,0,8,92
2531,0,8,92
2532,0,8,92
2533,0,8,92
2534,0,8,92
2535,0,8,92
2536,0,8,92
2537,0,8,92
2538,0,8,92
2539,0,8,92
2540,0,8,92
2541,0,8,92
2542,0,8,92
2543,0,8,92
2544,0,8,92
2545,0,8,92
2546,0,8,92
2547,0,8,92
2548,0,8,92
2549,0,8,92
2550,0,8,92
2551,0,8,92
2552,0,8,92
2553,0,8,92
2554,0,8,92
2555,0,8,92
2556,0,8,92
2557,0,8,92
2558,0,7,93
2559,0,7,93
2560,0,7,93
2561,0,7,93
2562,0,7,93
2563,0,7,93
2564,0,7,93
2565,0,7,93
2566,0,7,93
2567,0,7,93
2568,0,7,93
2569,0,7,93
2570,0,7,93
2571,0,7,93
2572,0,7,93
2573,0,7,93
2574,0,7,93
2575,0,7,93
2576,0,7,93
2577,0,7,93
2578,0,7,93
2579,0,7,93
2580,0,7,93
2581,0,7,93
2582,0,7,93
2583,0,7,93
2584,0,7,93
2585,0,7,93
2586,0,7,93
2587,0,7,93
2588,0,7,93
2589,0,7,93
2590,0,7,93
2591,0,7,93
2592,0,7,93
2593,0,6,94
2594,0,6,94
2595,0,6,94
2596,0,6,94
2597,0,6,94
2598,0,6,94
2599,0,6,94
2600,0,6,94
2601,0,6,94
2602,0,6,94
2603,0,6,94
2604,0,6,94
2605,0,6,94
2606,0,6,94
2607,0,6,94
2608,0,6,94
2609,0,6,94
2610,0,6,94
2611,0,6,94
2612,0,6,94
2613,0,6,94
2614,0,6,94
2615,0,6,94
2616,0,6,94
2617,0,6,94
2618,0,6,94
2619,0,6,94
2620,0,6,94
2621,0,6,94
2622,0,6,94
2623,0,6,94
2624,0,6,94
2625,0,6,94
2626,0,6,94
2627,0,6,94
2628,0,6,94
2629,0,6,94
2630,0,6,94
2631,0,6,94
2632,0,6,94
2633,0,6,94
2634,0,6,94
2635,0,6,94
2636,0,6,94
2637,0,6,94
2638,0,6,94
2639,0,6,94
2640,0,6,94
2641,0,6,94
2642,0,6,94
2643,0,6,94
2644,0,6,94
2645,0,6,94
2646,0,6,94
2647,0,6,94
2648,0,6,94
2649,0,6,94
2650,0,6,94
2651,0,6,94
2652,0,6,94
2653,0,6,94
2654,0,6,94
2655,0,6,94
2656,0,6,94
2657,0,6,94
2658,0,6,94
2659,0,6,94
2660,0,6,94
2661,0,6,94
2662,0,6,94
2663,0,6,94
2664,0,6,94
2665,0,6,94
2666,0,6,94
2667,0,6,94
2668,0,6,94
2669,0,6,94
2670,0,6,94
2671,0,6,94
2672,0,6,94
2673,0,6,94
2674,0,6,94
2675,0,6,94
2676,0,6,94
2677,0,6,94
2678,0,6,94
2679,0,6,94
2680,0,6,94
2681,0,6,94
2682,0,6,94
2683,0,6,94
2684,0,6,94
2685,0,6,94
2686,0,6,94
2687,0,6,94
2688,0,6,94
2689,0,6,94
2690,0,6,94
2691,0,6,94
2692,0,6,94
2693,0,6,94
2694,0,6,94
2695,0,6,94
2696,0,6,94
2697,0,6,94
2698,0,6,94
2699,0,6,94
2700,0,6,94
2701,0,6,94
2702,0,6,94
2703,0,6,94
2704,0,6,94
2705,0,6,94
2706,0,6,94
2707,0,6,94
2708,0,6,94
2709,0,6,94
2710,0,6,94
2711,0,6,94
2712,0,6,94
2713,0,5,95
2714,0,5,95
2715,0,5,95
2716,0,5,95
2717,0,5,95
2718,0,5,95
2719,0,5,95
2720,0,5,95
2721,0,5,95
2722,0,5,95
2723,0,5,95
2724,0,5,95
2725,0,5,95
2726,0,5,95
2727,0,4,96
2728,0,4,96
2729,0,4,96
2730,0,4,96
2731,0,4,96
2732,0,4,96
2733,0,4,96
2734,0,4,96
2735,0,4,96
2736,0,4,96
2737,0,4,96
2738,0,4,96
2739,0,4,96
2740,0,4,96
2741,0,4,96
2742,0,4,96
2743,0,4,96
2744,0,4,96
2745,0,4,96
2746,0,4,96
2747,0,4,96
2748,0,4,96
2749,0,4,96
2750,0,4,96
2751,0,4,96
2752,0,4,96
2753,0,4,96
2754,0,4,96
2755,0,4,96
2756,0,4,96
2757,0,4,96
2758,0,4,96
2759,0,4,96
2760,0,4,96
2761,0,4,96
2762,0,4,96
2763,0,4,96
2764,0,4,96
2765,0,4,96
2766,0,4,96
2767,0,4,96
2768,0,4,96
2769,0,4,96
2770,0,4,96
2771,0,4,96
2772,0,4,96
2773,0,4,96
2774,0,4,96
2775,0,4,96
2776,0,4,96
2777,0,4,96
2778,0,4,96
2779,0,4,96
2780,0,4,96
2781,0,4,96
2782,0,4,96
2783,0,4,96
2784,0,4,96
2785,0,4,96
2786,0,4,96
2787,0,4,96
2788,0,4,96
2789,0,4,96
2790,0,4,96
2791,0,4,96
2792,0,4,96
2793,0,4,96
2794,0,4,96
2795,0,4,96
2796,0,4,96
2797,0,4,96
2798,0,4,96
2799,0,4,96
2800,0,4,96
2801,0,4,96
2802,0,4,96
2803,0,4,96
2804,0,4,96
2805,0,4,96
2806,0,4,96
2807,0,4,96
2808,0,4,96
2809,0,4,96
2810,0,4,96
2811,0,4,96
2812,0,4,96
2813,0,4,96
2814,0,4,96
2815,0,4,96
2816,0,4,96
2817,0,4,96
2818,0,4,96
2819,0,4,96
2820,0,4,96
2821,0,4,96
2822,0,4,96
2823,0,4,96
2824,0,4,96
2825,0,4,96
2826,0,4,96
2827,0,4,96
2828,0,4,96
2829,0,4,96
2830,0,4,96
2831,0,4,96
2832,0,4,96
2833,0,4,96
2834,0,4,96
2835,0,4,96
2836,0,4,96
2837,0,4,96
2838,0,4,96
2839,0,4,96
2840,0,4,96
2841,0,4,96
2842,0,4,96
2843,0,4,96
2844,0,4,96
2845,0,4,96
2846,0,4,96
2847,0,4,96
2848,0,4,96
2849,0,4,96
2850,0,4,96
2851,0,4,96
2852,0,4,96
2853,0,4,96
2854,0,4,96
2855,0,4,96
2856,0,4,96
2857,0,4,96
2858,0,4,96
2859,0,4,96
2860,0,4,96
2861,0,4,96
2862,0,4,96
2863,0,4,96
2864,0,4,96
2865,0,4,96
2866,0,4,96
2867,0,4,96
2868,0,4,96
2869,0,4,96
2870,0,4,96
2871,0,4,96
2872,0,4,96
2873,0,4,96
2874,0,4,96
2875,0,4,96
2876,0,4,96
2877,0,4,96
2878,0,4,96
2879,0,4,96
2880,0,4,96
2881,0,4,96
2882,0,4,96
2883,0,4,96
2884,0,4,96
2885,0,4,96
2886,0,4,96
2887,0,4,96
2888,0,4,96
2889,0,4,96
2890,0,4,96
2891,0,4,96
2892,0,4,96
2893,0,4,96
2894,0,4,96
2895,0,4,96
2896,0,4,96
2897,0,4,96
2898,0,4,96
2899,0,4,96
2900,0,4,96
2901,0,4,96
2902,0,4,96
2903,0,4,96
2904,0,4,96
2905,0,4,96
2906,0,4,96
2907,0,4,96
2908,0,4,96
2909,0,4,96
2910,0,4,96
2911,0,4,96
2912,0,4,96
2913,0,4,96
2914,0,4,96
2915,0,4,96
2916,0,4,96
2917,0,4,96
2918,0,4,96
2919,0,4,96
2920,0,4,96
2921,0,4,96
2922,0,4,96
2923,0,4,96
2924,0,3,97
2925,0,3,97
2926,0,3,97
2927,0,3,97
2928,0,3,97
2929,0,3,97
2930,0,2,98
2931,0,2,98
2932,0,2,98
2933,0,2,98
2934,0,2,98
2935,0,2,98
2936,0,2,98
2937,0,2,98
2938,0,2,98
2939,0,2,98
2940,0,2,98
2941,0,2,98
2942,0,2,98
2943,0,2,98
2944,0,2,98
2945,0,2,98
2946,0,2,98
2947,0,2,98
2948,0,2,98
2949,0,2,98
2950,0,2,98
2951,0,2,98
2952,0,2,98
2953,0,2,98
2954,0,2,98
2955,0,2,98
2956,0,2,98
2957,0,2,98
2958,0,2,98
2959,0,2,98
2960,0,2,98
2961,0,2,98
2962,0,2,98
2963,0,2,98
2964,0,2,98
2965,0,2,98
2966,0,2,98
2967,0,2,98
2968,0,2,98
2969,0,2,98
2970,0,2,98
2971,0,2,98
2972,0,2,98
2973,0,2,98
2974,0,2,98
2975,0,2,98
2976,0,2,98
2977,0,2,98
2978,0,2,98
2979,0,2,98
2980,0,2,98
2981,0,2,98
2982,0,2,98
2983,0,2,98
2984,0,2,98
2985,0,2,98
2986,0,2,98
2987,0,2,98
2988,0,2,98
2989,0,2,98
2990,0,2,98
2991,0,2,98
2992,0,2,98
2993,0,2,98
2994,0,2,98
2995,0,2,98
2996,0,2,98
2997,0,2,98
2998,0,2,98
2999,0,2,98
3000,0,2,98
