Time,Healthy,Undetectable,Detectable
0,97,3,0
1,97,3,0
2,97,3,0
3,97,3,0
4,97,3,0
5,97,3,0
6,97,3,0
7,97,3,0
8,97,3,0
9,97,3,0
10,97,3,0
11,97,3,0
12,97,3,0
13,97,3,0
14,97,3,0
15,97,3,0
16,97,3,0
17,97,3,0
18,97,3,0
19,97,3,0
20,97,3,0
21,97,3,0
22,97,3,0
23,97,3,0
24,97,3,0
25,97,3,0
26,97,3,0
27,97,3,0
28,97,3,0
29,97,3,0
30,97,3,0
31,97,3,0
32,97,3,0
33,97,3,0
34,97,2,1
35,97,2,1
36,97,2,1
37,97,2,1
38,97,2,1
39,97,2,1
40,97,2,1
41,97,2,1
42,97,2,1
43,97,2,1
44,97,2,1
45,97,2,1
46,97,2,1
47,97,2,1
48,97,2,1
49,97,2,1
50,97,2,1
51,97,2,1
52,97,2,1
53,97,2,1
54,97,2,1
55,97,2,1
56,97,2,1
57,97,2,1
58,97,2,1
59,97,2,1
60,97,2,1
61,97,2,1
62,97,2,1
63,97,2,1
64,97,2,1
65,97,2,1
66,97,2,1
67,97,2,1
68,97,2,1
69,97,2,1
70,97,2,1
71,97,2,1
72,97,2,1
73,97,2,1
74,97,2,1
75,97,2,1
76,97,2,1
77,97,2,1
78,97,2,1
79,97,2,1
80,97,2,1
81,97,2,1
82,97,2,1
83,97,2,1
84,97,2,1
85,97,2,1
86,97,2,1
87,97,2,1
88,97,2,1
89,97,2,1
90,97,2,1
91,97,2,1
92,97,2,1
93,97,2,1
94,97,2,1
95,97,2,1
96,97,2,1
97,97,2,1
98,97,2,1
99,97,2,1
100,97,2,1
101,97,2,1
102,97,1,2
103,97,1,2
104,97,1,2
105,97,1,2
106,97,1,2
107,97,1,2
108,97,1,2
109,97,1,2
110,97,1,2
111,97,1,2
112,97,1,2
113,97,1,2
114,97,1,2
115,97,1,2
116,97,1,2
117,97,1,2
118,97,1,2
119,97,1,2
120,97,1,2
121,97,1,2
122,97,1,2
123,97,1,2
124,97,1,2
125,97,1,2
126,97,1,2
127,97,1,2
128,97,1,2
129,97,1,2
130,97,1,2
131,97,1,2
132,97,1,2
133,97,1,2
134,97,1,2
135,97,1,2
136,97,1,2
137,97,1,2
138,97,1,2
139,97,1,2
140,97,1,2
141,97,1,2
142,97,1,2
143,97,1,2
144,97,1,2
145,97,1,2
146,97,1,2
147,97,1,2
148,97,1,2
149,97,1,2
150,97,1,2
151,97,1,2
152,97,1,2
153,97,1,2
154,97,1,2
155,97,1,2
156,97,1,2
157,97,1,2
158,97,1,2
159,97,1,2
160,97,1,2
161,97,1,2
162,97,1,2
163,97,1,2
164,97,1,2
165,97,1,2
166,97,1,2
167,97,1,2
168,97,1,2
169,97,1,2
170,97,1,2
171,97,1,2
172,97,1,2
173,97,1,2
174,97,1,2
175,97,1,2
176,97,1,2
177,97,1,2
178,97,1,2
179,97,1,2
180,97,1,2
181,97,1,2
182,97,1,2
183,96,2,2
184,96,2,2
185,96,2,2
186,96,2,2
187,96,2,2
188,96,2,2
189,96,2,2
190,96,2,2
191,96,2,2
192,96,2,2
193,96,2,2
194,96,2,2
195,96,2,2
196,96,2,2
197,96,2,2
198,96,2,2
199,96,2,2
200,96,2,2
201,96,2,2
202,96,2,2
203,96,2,2
204,96,2,2
205,96,2,2
206,96,2,2
207,96,2,2
208,96,2,2
209,96,2,2
210,96,2,2
211,96,2,2
212,96,2,2
213,96,2,2
214,95,3,2
215,95,3,2
216,95,3,2
217,95,3,2
218,95,3,2
219,95,3,2
220,95,3,2
221,95,3,2
222,95,3,2
223,95,3,2
224,95,3,2
225,95,3,2
226,95,3,2
227,95,3,2
228,95,3,2
229,95,3,2
230,95,3,2
231,95,3,2
232,95,3,2
233,95,3,2
234,95,3,2
235,95,3,2
236,95,3,2
237,95,2,3
238,95,2,3
239,95,2,3
240,95,2,3
241,95,2,3
242,95,2,3
243,95,2,3
244,95,2,3
245,95,2,3
246,95,2,3
247,95,2,3
248,95,2,3
249,95,2,3
250,95,2,3
251,95,2,3
252,95,2,3
253,95,2,3
254,95,2,3
255,95,2,3
256,95,2,3
257,95,2,3
258,95,2,3
259,95,2,3
260,95,2,3
261,95,2,3
262,95,2,3
263,95,2,3
264,95,2,3
265,95,2,3
266,95,2,3
267,95,2,3
268,95,2,3
269,95,2,3
270,95,2,3
271,95,2,3
272,95,2,3
273,95,2,3
274,95,2,3
275,95,2,3
276,95,2,3
277,95,2,3
278,95,2,3
279,95,2,3
280,95,2,3
281,95,2,3
282,95,2,3
283,95,2,3
284,95,2,3
285,95,2,3
286,95,2,3
287,95,2,3
288,94,3,3
289,94,3,3
290,94,3,3
291,94,3,3
292,94,3,3
293,94,3,3
294,94,3,3
295,94,3,3
296,94,3,3
297,94,3,3
298,94,3,3
299,94,3,3
300,94,3,3
301,94,3,3
302,94,3,3
303,94,3,3
304,94,3,3
305,94,3,3
306,94,3,3
307,94,3,3
308,94,3,3
309,94,3,3
310,94,3,3
311,94,3,3
312,94,3,3
313,94,3,3
314,94,3,3
315,94,3,3
316,94,3,3
317,94,3,3
318,94,3,3
319,94,3,3
320,94,3,3
321,94,3,3
322,94,3,3
323,94,3,3
324,94,3,3
325,94,3,3
326,94,3,3
327,94,3,3
328,94,3,3
329,94,3,3
330,94,3,3
331,94,3,3
332,94,3,3
333,94,3,3
334,94,3,3
335,94,3,3
336,94,3,3
337,94,3,3
338,94,3,3
339,94,3,3
340,94,3,3
341,94,3,3
342,94,3,3
343,93,4,3
344,93,4,3
345,93,4,3
346,93,4,3
347,93,4,3
348,93,4,3
349,93,4,3
350,93,4,3
351,93,4,3
352,93,4,3
353,93,4,3
354,93,4,3
355,93,4,3
356,93,4,3
357,93,4,3
358,93,4,3
359,93,4,3
360,93,4,3
361,93,4,3
362,93,4,3
363,93,4,3
364,93,4,3
365,93,4,3
366,93,4,3
367,93,4,3
368,93,4,3
369,93,4,3
370,93,4,3
371,93,4,3
372,93,4,3
373,93,4,3
374,93,4,3
375,93,4,3
376,93,4,3
377,93,4,3
378,93,4,3
379,93,4,3
380,93,4,3
381,93,4,3
382,93,4,3
383,93,4,3
384,93,4,3
385,93,4,3
386,93,4,3
387,93,4,3
388,93,4,3
389,93,4,3
390,93,4,3
391,93,4,3
392,93,4,3
393,93,4,3
394,93,4,3
395,93,4,3
396,93,4,3
397,93,4,3
398,93,4,3
399,93,4,3
400,92,5,3
401,92,5,3
402,92,5,3
403,92,5,3
404,92,5,3
405,92,5,3
406,92,5,3
407,92,5,3
408,92,5,3
409,92,5,3
410,92,5,3
411,92,5,3
412,92,5,3
413,92,5,3
414,92,5,3
415,92,5,3
416,92,5,3
417,92,5,3
418,92,5,3
419,92,5,3
420,92,5,3
421,92,5,3
422,92,5,3
423,92,5,3
424,92,5,3
425,92,5,3
426,92,5,3
427,92,5,3
428,92,5,3
429,92,5,3
430,91,6,3
431,91,6,3
432,91,6,3
433,91,6,3
434,91,6,3
435,91,6,3
436,91,6,3
437,91,6,3
438,91,6,3
439,91,6,3
440,91,6,3
441,91,6,3
442,91,6,3
443,91,6,3
444,91,6,3
445,91,6,3
446,91,6,3
447,91,6,3
448,91,6,3
449,91,6,3
450,91,6,3
451,91,6,3
452,91,6,3
453,91,6,3
454,91,6,3
455,91,6,3
456,91,6,3
457,90,7,3
458,90,7,3
459,90,7,3
460,90,7,3
461,90,7,3
462,90,7,3
463,90,7,3
464,89,8,3
465,89,8,3
466,89,8,3
467,89,8,3
468,89,8,3
469,89,8,3
470,89,8,3
471,89,8,3
472,89,8,3
473,89,8,3
474,89,8,3
475,89,7,4
476,89,7,4
477,89,7,4
478,89,7,4
479,89,7,4
480,89,7,4
481,89,7,4
482,89,7,4
483,89,7,4
484,89,7,4
485,89,7,4
486,89,7,4
487,89,7,4
488,89,7,4
489,89,6,5
490,89,6,5
491,89,6,5
492,89,6,5
493,89,6,5
494,89,6,5
495,88,7,5
496,88,7,5
497,88,7,5
498,88,7,5
499,88,7,5
500,88,7,5
501,88,7,5
502,88,7,5
503,88,7,5
504,88,7,5
505,88,7,5
506,88,7,5
507,88,6,6
508,88,6,6
509,88,6,6
510,88,6,6
511,88,6,6
512,88,6,6
513,88,6,6
514,88,6,6
515,88,6,6
516,88,6,6
517,88,6,6
518,88,6,6
519,88,6,6
520,88,6,6
521,88,6,6
522,88,6,6
523,88,6,6
524,88,6,6
525,87,7,6
526,87,7,6
527,87,7,6
528,87,7,6
529,87,7,6
530,87,7,6
531,87,7,6
532,87,7,6
533,87,7,6
534,87,7,6
535,87,7,6
536,87,7,6
537,87,7,6
538,87,7,6
539,87,7,6
540,87,7,6
541,86,8,6
542,86,8,6
543,86,8,6
544,86,8,6
545,86,8,6
546,86,8,6
547,86,8,6
548,86,8,6
549,86,8,6
550,86,8,6
551,86,8,6
552,86,8,6
553,86,8,6
554,86,8,6
555,86,8,6
556,86,8,6
557,86,8,6
558,86,8,6
559,86,8,6
560,86,8,6
561,86,8,6
562,86,8,6
563,86,8,6
564,86,8,6
565,86,8,6
566,86,8,6
567,86,8,6
568,86,8,6
569,86,8,6
570,86,8,6
571,86,8,6
572,86,8,6
573,86,8,6
574,86,8,6
575,86,8,6
576,85,9,6
577,85,9,6
578,85,9,6
579,85,9,6
580,85,9,6
581,85,9,6
582,85,9,6
583,85,8,7
584,85,8,7
585,85,8,7
586,85,8,7
587,85,8,7
588,84,9,7
589,84,9,7
590,84,9,7
591,84,9,7
592,84,9,7
593,84,9,7
594,84,9,7
595,84,9,7
596,84,9,7
597,84,9,7
598,84,9,7
599,84,9,7
600,84,9,7
601,84,9,7
602,84,9,7
603,84,9,7
604,83,10,7
605,83,10,7
606,83,10,7
607,83,10,7
608,83,10,7
609,82,11,7
610,82,11,7
611,82,11,7
612,82,11,7
613,82,11,7
614,81,12,7
615,81,12,7
616,81,12,7
617,81,12,7
618,81,12,7
619,81,12,7
620,81,12,7
621,81,12,7
622,81,12,7
623,81,12,7
624,81,12,7
625,81,12,7
626,80,13,7
627,80,13,7
628,80,13,7
629,80,13,7
630,80,13,7
631,80,13,7
632,80,13,7
633,80,13,7
634,80,13,7
635,80,13,7
636,80,13,7
637,80,13,7
638,80,13,7
639,80,13,7
640,80,13,7
641,80,13,7
642,80,13,7
643,80,13,7
644,79,14,7
645,79,13,8
646,79,13,8
647,79,13,8
648,79,13,8
649,79,13,8
650,79,13,8
651,79,13,8
652,79,13,8
653,79,13,8
654,79,13,8
655,79,13,8
656,79,13,8
657,79,13,8
658,79,13,8
659,79,13,8
660,79,13,8
661,79,13,8
662,79,13,8
663,79,12,9
664,79,12,9
665,79,12,9
666,79,12,9
667,79,12,9
668,79,12,9
669,79,12,9
670,79,12,9
671,79,12,9
672,79,12,9
673,79,12,9
674,79,12,9
675,79,12,9
676,79,12,9
677,79,12,9
678,79,12,9
679,79,12,9
680,79,12,9
681,79,12,9
682,79,12,9
683,78,13,9
684,77,14,9
685,77,14,9
686,77,14,9
687,77,13,10
688,77,13,10
689,77,13,10
690,77,13,10
691,77,13,10
692,77,13,10
693,77,13,10
694,77,13,10
695,77,12,11
696,77,12,11
697,77,12,11
698,76,13,11
699,76,13,11
700,76,13,11
701,76,13,11
702,76,13,11
703,76,13,11
704,76,13,11
705,76,13,11
706,76,13,11
707,76,13,11
708,76,13,11
709,76,12,12
710,76,12,12
711,76,12,12
712,76,12,12
713,76,12,12
714,76,12,12
715,76,12,12
716,76,12,12
717,76,12,12
718,76,12,12
719,76,12,12
720,76,12,12
721,76,12,12
722,76,12,12
723,76,12,12
724,76,12,12
725,76,12,12
726,75,13,12
727,75,13,12
728,75,13,12
729,75,13,12
730,74,14,12
731,74,14,12
732,74,14,12
733,73,15,12
734,73,15,12
735,73,15,12
736,73,15,12
737,72,16,12
738,72,16,12
739,72,16,12
740,72,16,12
741,72,16,12
742,72,16,12
743,72,16,12
744,72,16,12
745,72,16,12
746,72,16,12
747,71,17,12
748,71,17,12
749,71,17,12
750,69,19,12
751,69,19,12
752,69,19,12
753,69,19,12
754,69,19,12
755,69,19,12
756,69,19,12
757,69,19,12
758,69,18,13
759,69,18,13
760,69,18,13
761,69,18,13
762,69,18,13
763,68,19,13
764,68,19,13
765,68,18,14
766,68,18,14
767,68,18,14
768,68,18,14
769,68,18,14
770,68,18,14
771,68,18,14
772,68,18,14
773,68,18,14
774,68,18,14
775,68,18,14
776,68,18,14
777,68,18,14
778,68,18,14
779,68,18,14
780,68,18,14
781,68,18,14
782,68,18,14
783,67,19,14
784,66,20,14
785,66,20,14
786,66,20,14
787,65,21,14
788,65,21,14
789,65,21,14
790,65,21,14
791,64,22,14
792,64,22,14
793,64,22,14
794,64,22,14
795,64,22,14
796,64,22,14
797,63,23,14
798,63,23,14
799,63,23,14
800,63,23,14
801,63,23,14
802,63,23,14
803,63,23,14
804,63,23,14
805,63,23,14
806,63,23,14
807,63,23,14
808,63,23,14
809,63,23,14
810,63,23,14
811,62,24,14
812,61,25,14
813,61,25,14
814,61,25,14
815,60,26,14
816,60,26,14
817,59,27,14
818,59,27,14
819,59,27,14
820,59,27,14
821,59,27,14
822,59,27,14
823,59,27,14
824,59,27,14
825,59,26,15
826,59,26,15
827,59,25,16
828,59,25,16
829,58,25,17
830,58,25,17
831,58,25,17
832,58,25,17
833,58,25,17
834,58,25,17
835,58,24,18
836,57,25,18
837,57,25,18
838,57,25,18
839,57,25,18
840,57,25,18
841,57,25,18
842,57,25,18
843,57,25,18
844,57,25,18
845,57,25,18
846,57,25,18
847,57,25,18
848,57,25,18
849,57,25,18
850,57,25,18
851,57,25,18
852,57,25,18
853,57,25,18
854,57,25,18
855,57,25,18
856,57,25,18
857,56,26,18
858,56,26,18
859,56,26,18
860,55,27,18
861,55,27,18
862,55,27,18
863,54,28,18
864,54,28,18
865,54,28,18
866,54,28,18
867,54,28,18
868,54,28,18
869,54,28,18
870,54,28,18
871,54,28,18
872,53,29,18
873,53,29,18
874,53,29,18
875,52,30,18
876,52,30,18
877,52,30,18
878,52,30,18
879,52,30,18
880,52,30,18
881,52,30,18
882,50,32,18
883,50,32,18
884,50,32,18
885,50,32,18
886,50,32,18
887,50,32,18
888,50,32,18
889,50,32,18
890,50,32,18
891,50,32,18
892,50,32,18
893,50,32,18
894,50,32,18
895,50,32,18
896,49,33,18
897,49,33,18
898,49,33,18
899,49,33,18
900,49,32,19
901,48,33,19
902,47,34,19
903,47,34,19
904,47,34,19
905,47,34,19
906,45,36,19
907,44,37,19
908,44,37,19
909,44,37,19
910,44,37,19
911,44,37,19
912,44,37,19
913,44,37,19
914,43,38,19
915,43,38,19
916,43,38,19
917,43,38,19
918,42,39,19
919,42,39,19
920,42,39,19
921,42,39,19
922,42,39,19
923,42,39,19
924,42,39,19
925,42,39,19
926,42,39,19
927,42,38,20
928,42,38,20
929,42,38,20
930,42,37,21
931,42,37,21
932,42,37,21
933,42,37,21
934,42,37,21
935,42,37,21
936,42,37,21
937,42,37,21
938,42,37,21
939,42,37,21
940,41,38,21
941,41,38,21
942,41,38,21
943,41,38,21
944,41,38,21
945,41,38,21
946,41,38,21
947,41,38,21
948,41,38,21
949,40,39,21
950,40,39,21
951,39,40,21
952,39,40,21
953,38,41,21
954,38,41,21
955,38,41,21
956,38,41,21
957,38,41,21
958,37,42,21
959,35,44,21
960,35,44,21
961,34,45,21
962,34,45,21
963,34,44,22
964,33,45,22
965,33,44,23
966,33,44,23
967,33,44,23
968,33,44,23
969,33,44,23
970,33,44,23
971,33,44,23
972,33,44,23
973,33,44,23
974,33,44,23
975,33,44,23
976,33,44,23
977,33,44,23
978,33,44,23
979,33,44,23
980,33,44,23
981,33,44,23
982,33,44,23
983,32,45,23
984,32,45,23
985,32,45,23
986,32,45,23
987,32,45,23
988,32,44,24
989,32,44,24
990,32,44,24
991,31,45,24
992,31,44,25
993,31,44,25
994,30,45,25
995,30,45,25
996,30,44,26
997,30,44,26
998,30,44,26
999,30,44,26
1000,30,44,26
1001,30,44,26
1002,29,45,26
1003,28,46,26
1004,27,47,26
1005,27,47,26
1006,27,47,26
1007,27,46,27
1008,27,46,27
1009,27,46,27
1010,27,46,27
1011,27,46,27
1012,27,46,27
1013,27,46,27
1014,27,46,27
1015,27,46,27
1016,27,46,27
1017,27,46,27
1018,27,46,27
1019,27,45,28
1020,27,45,28
1021,27,45,28
1022,26,46,28
1023,26,45,29
1024,26,45,29
1025,26,45,29
1026,25,46,29
1027,25,46,29
1028,25,45,30
1029,25,45,30
1030,25,45,30
1031,25,45,30
1032,25,45,30
1033,25,45,30
1034,25,45,30
1035,25,45,30
1036,25,45,30
1037,25,43,32
1038,25,43,32
1039,25,43,32
1040,24,43,33
1041,24,43,33
1042,24,43,33
1043,24,43,33
1044,24,43,33
1045,24,43,33
1046,24,43,33
1047,24,43,33
1048,24,43,33
1049,24,43,33
1050,24,43,33
1051,24,43,33
1052,24,43,33
1053,24,43,33
1054,24,43,33
1055,24,43,33
1056,24,43,33
1057,24,43,33
1058,24,43,33
1059,24,43,33
1060,24,43,33
1061,24,43,33
1062,24,43,33
1063,24,43,33
1064,24,43,33
1065,24,43,33
1066,24,43,33
1067,24,43,33
1068,23,43,34
1069,23,43,34
1070,23,43,34
1071,23,43,34
1072,23,43,34
1073,22,44,34
1074,22,44,34
1075,22,44,34
1076,22,44,34
1077,22,44,34
1078,22,44,34
1079,22,44,34
1080,22,44,34
1081,22,44,34
1082,22,44,34
1083,22,44,34
1084,22,44,34
1085,22,44,34
1086,22,44,34
1087,22,44,34
1088,22,42,36
1089,22,42,36
1090,22,42,36
1091,21,43,36
1092,21,43,36
1093,21,43,36
1094,21,43,36
1095,21,43,36
1096,21,43,36
1097,21,43,36
1098,21,43,36
1099,21,43,36
1100,21,43,36
1101,21,43,36
1102,20,44,36
1103,20,44,36
1104,20,44,36
1105,20,44,36
1106,19,45,36
1107,19,45,36
1108,19,45,36
1109,19,45,36
1110,19,45,36
1111,19,45,36
1112,19,45,36
1113,19,45,36
1114,19,45,36
1115,19,45,36
1116,18,46,36
1117,18,45,37
1118,18,45,37
1119,17,46,37
1120,17,46,37
1121,17,46,37
1122,17,45,38
1123,17,45,38
1124,17,45,38
1125,17,45,38
1126,17,45,38
1127,17,45,38
1128,17,45,38
1129,17,45,38
1130,17,44,39
1131,17,43,40
1132,17,43,40
1133,15,45,40
1134,15,45,40
1135,15,44,41
1136,15,44,41
1137,15,44,41
1138,15,44,41
1139,14,45,41
1140,14,45,41
1141,13,46,41
1142,13,46,41
1143,13,46,41
1144,13,46,41
1145,13,46,41
1146,13,46,41
1147,12,47,41
1148,12,47,41
1149,12,47,41
1150,11,48,41
1151,11,48,41
1152,11,48,41
1153,11,48,41
1154,11,48,41
1155,11,48,41
1156,11,48,41
1157,11,48,41
1158,11,48,41
1159,11,48,41
1160,11,48,41
1161,11,48,41
1162,11,48,41
1163,11,48,41
1164,10,49,41
1165,10,49,41
1166,10,49,41
1167,10,49,41
1168,10,49,41
1169,10,49,41
1170,9,50,41
1171,9,50,41
1172,9,50,41
1173,9,50,41
1174,9,50,41
1175,9,49,42
1176,9,49,42
1177,9,49,42
1178,9,49,42
1179,9,48,43
1180,9,48,43
1181,9,48,43
1182,9,48,43
1183,9,48,43
1184,9,47,44
1185,9,47,44
1186,9,47,44
1187,9,47,44
1188,9,47,44
1189,9,47,44
1190,9,47,44
1191,9,47,44
1192,9,47,44
1193,9,47,44
1194,9,47,44
1195,9,47,44
1196,9,47,44
1197,9,47,44
1198,9,46,45
1199,9,45,46
1200,9,45,46
1201,9,45,46
1202,8,46,46
1203,8,46,46
1204,8,46,46
1205,8,46,46
1206,8,46,46
1207,8,46,46
1208,8,46,46
1209,8,46,46
1210,8,46,46
1211,8,45,47
1212,8,45,47
1213,8,44,48
1214,8,44,48
1215,8,44,48
1216,8,44,48
1217,8,44,48
1218,8,44,48
1219,8,44,48
1220,8,43,49
1221,8,43,49
1222,8,43,49
1223,7,44,49
1224,7,44,49
1225,7,44,49
1226,7,44,49
1227,7,43,50
1228,7,43,50
1229,7,43,50
1230,7,42,51
1231,7,42,51
1232,5,43,52
1233,5,42,53
1234,5,42,53
1235,5,42,53
1236,5,42,53
1237,5,42,53
1238,5,42,53
1239,5,42,53
1240,5,42,53
1241,4,43,53
1242,4,43,53
1243,4,42,54
1244,4,42,54
1245,4,42,54
1246,4,42,54
1247,4,42,54
1248,4,42,54
1249,4,42,54
1250,4,42,54
1251,4,42,54
1252,4,42,54
1253,4,42,54
1254,3,43,54
1255,3,43,54
1256,3,43,54
1257,3,43,54
1258,3,42,55
1259,3,42,55
1260,3,42,55
1261,3,42,55
1262,3,42,55
1263,3,42,55
1264,3,42,55
1265,3,42,55
1266,3,42,55
1267,3,42,55
1268,3,42,55
1269,3,42,55
1270,3,42,55
1271,3,42,55
1272,3,42,55
1273,2,43,55
1274,2,42,56
1275,2,42,56
1276,2,42,56
1277,2,42,56
1278,2,42,56
1279,2,42,56
1280,2,42,56
1281,2,42,56
1282,2,42,56
1283,2,41,57
1284,2,41,57
1285,2,41,57
1286,2,41,57
1287,2,41,57
1288,2,41,57
1289,2,41,57
1290,2,41,57
1291,2,40,58
1292,2,39,59
1293,2,39,59
1294,2,39,59
1295,2,39,59
1296,2,39,59
1297,2,39,59
1298,2,38,60
1299,2,38,60
1300,2,38,60
1301,2,38,60
1302,2,38,60
1303,2,37,61
1304,2,36,62
1305,2,36,62
1306,2,36,62
1307,2,35,63
1308,2,35,63
1309,2,35,63
1310,2,35,63
1311,2,35,63
1312,2,35,63
1313,2,35,63
1314,2,35,63
1315,2,35,63
1316,2,35,63
1317,2,35,63
1318,2,35,63
1319,2,34,64
1320,2,34,64
1321,2,34,64
1322,2,34,64
1323,2,34,64
1324,2,34,64
1325,2,33,65
1326,2,33,65
1327,2,32,66
1328,2,32,66
1329,2,31,67
1330,2,31,67
1331,2,31,67
1332,2,31,67
1333,2,31,67
1334,2,31,67
1335,2,31,67
1336,2,31,67
1337,2,31,67
1338,2,31,67
1339,2,31,67
1340,2,31,67
1341,2,31,67
1342,2,31,67
1343,2,31,67
1344,2,30,68
1345,2,30,68
1346,2,30,68
1347,2,30,68
1348,2,30,68
1349,2,30,68
1350,2,30,68
1351,2,30,68
1352,2,30,68
1353,2,30,68
1354,2,30,68
1355,2,29,69
1356,1,30,69
1357,1,30,69
1358,1,30,69
1359,1,30,69
1360,1,30,69
1361,1,29,70
1362,1,29,70
1363,1,29,70
1364,1,29,70
1365,1,28,71
1366,1,28,71
1367,1,28,71
1368,1,28,71
1369,1,28,71
1370,1,28,71
1371,1,28,71
1372,1,28,71
1373,1,28,71
1374,1,28,71
1375,0,29,71
1376,0,29,71
1377,0,28,72
1378,0,28,72
1379,0,28,72
1380,0,27,73
1381,0,27,73
1382,0,27,73
1383,0,27,73
1384,0,27,73
1385,0,27,73
1386,0,27,73
1387,0,27,73
1388,0,27,73
1389,0,27,73
1390,0,27,73
1391,0,27,73
1392,0,27,73
1393,0,27,73
1394,0,27,73
1395,0,27,73
1396,0,27,73
1397,0,27,73
1398,0,26,74
1399,0,26,74
1400,0,26,74
1401,0,26,74
1402,0,26,74
1403,0,26,74
1404,0,26,74
1405,0,26,74
1406,0,26,74
1407,0,26,74
1408,0,26,74
1409,0,26,74
1410,0,26,74
1411,0,26,74
1412,0,26,74
1413,0,25,75
1414,0,25,75
1415,0,25,75
1416,0,25,75
1417,0,25,75
1418,0,25,75
1419,0,25,75
1420,0,25,75
1421,0,25,75
1422,0,25,75
1423,0,25,75
1424,0,24,76
1425,0,24,76
1426,0,24,76
1427,0,24,76
1428,0,24,76
1429,0,24,76
1430,0,24,76
1431,0,24,76
1432,0,24,76
1433,0,23,77
1434,0,23,77
1435,0,23,77
1436,0,23,77
1437,0,23,77
1438,0,23,77
1439,0,23,77
1440,0,23,77
1441,0,23,77
1442,0,23,77
1443,0,23,77
1444,0,23,77
1445,0,23,77
1446,0,23,77
1447,0,23,77
1448,0,23,77
1449,0,23,77
1450,0,23,77
1451,0,23,77
1452,0,23,77
1453,0,23,77
1454,0,23,77
1455,0,23,77
1456,0,23,77
1457,0,23,77
1458,0,23,77
1459,0,23,77
1460,0,23,77
1461,0,23,77
1462,0,23,77
1463,0,23,77
1464,0,23,77
1465,0,23,77
1466,0,23,77
1467,0,23,77
1468,0,23,77
1469,0,23,77
1470,0,23,77
1471,0,23,77
1472,0,23,77
1473,0,23,77
1474,0,23,77
1475,0,23,77
1476,0,23,77
1477,0,23,77
1478,0,23,77
1479,0,23,77
1480,0,23,77
1481,0,23,77
1482,0,23,77
1483,0,23,77
1484,0,23,77
1485,0,23,77
1486,0,23,77
1487,0,22,78
1488,0,22,78
1489,0,22,78
1490,0,22,78
1491,0,22,78
1492,0,22,78
1493,0,22,78
1494,0,21,79
1495,0,21,79
1496,0,21,79
1497,0,21,79
1498,0,21,79
1499,0,20,80
1500,0,20,80
1501,0,20,80
1502,0,20,80
1503,0,19,81
1504,0,19,81
1505,0,19,81
1506,0,19,81
1507,0,19,81
1508,0,19,81
1509,0,19,81
1510,0,19,81
1511,0,19,81
1512,0,19,81
1513,0,19,81
1514,0,19,81
1515,0,19,81
1516,0,19,81
1517,0,19,81
1518,0,18,82
1519,0,18,82
1520,0,18,82
1521,0,18,82
1522,0,18,82
1523,0,18,82
1524,0,18,82
1525,0,17,83
1526,0,17,83
1527,0,17,83
1528,0,17,83
1529,0,17,83
1530,0,17,83
1531,0,17,83
1532,0,17,83
1533,0,17,83
1534,0,17,83
1535,0,17,83
1536,0,17,83
1537,0,17,83
1538,0,17,83
1539,0,17,83
1540,0,17,83
1541,0,17,83
1542,0,17,83
1543,0,17,83
1544,0,17,83
1545,0,17,83
1546,0,17,83
1547,0,17,83
1548,0,17,83
1549,0,17,83
1550,0,17,83
1551,0,17,83
1552,0,17,83
1553,0,17,83
1554,0,17,83
1555,0,17,83
1556,0,17,83
1557,0,17,83
1558,0,17,83
1559,0,17,83
1560,0,17,83
1561,0,17,83
1562,0,17,83
1563,0,17,83
1564,0,17,83
1565,0,17,83
1566,0,17,83
1567,0,17,83
1568,0,17,83
1569,0,17,83
1570,0,17,83
1571,0,17,83
1572,0,17,83
1573,0,17,83
1574,0,17,83
1575,0,17,83
1576,0,17,83
1577,0,17,83
1578,0,17,83
1579,0,17,83
1580,0,17,83
1581,0,17,83
1582,0,17,83
1583,0,17,83
1584,0,17,83
1585,0,17,83
1586,0,17,83
1587,0,17,83
1588,0,17,83
1589,0,17,83
1590,0,17,83
1591,0,17,83
1592,0,17,83
1593,0,17,83
1594,0,17,83
1595,0,17,83
1596,0,17,83
1597,0,17,83
1598,0,17,83
1599,0,17,83
1600,0,17,83
1601,0,17,83
1602,0,17,83
1603,0,17,83
1604,0,17,83
1605,0,17,83
1606,0,17,83
1607,0,17,83
1608,0,17,83
1609,0,17,83
1610,0,17,83
1611,0,17,83
1612,0,17,83
1613,0,17,83
1614,0,16,84
1615,0,16,84
1616,0,16,84
1617,0,16,84
1618,0,16,84
1619,0,16,84
1620,0,16,84
1621,0,16,84
1622,0,16,84
1623,0,16,84
1624,0,16,84
1625,0,16,84
1626,0,16,84
1627,0,16,84
1628,0,16,84
1629,0,16,84
1630,0,16,84
1631,0,16,84
1632,0,16,84
1633,0,16,84
1634,0,16,84
1635,0,16,84
1636,0,16,84
1637,0,16,84
1638,0,16,84
1639,0,16,84
1640,0,16,84
1641,0,16,84
1642,0,16,84
1643,0,16,84
1644,0,16,84
1645,0,16,84
1646,0,16,84
1647,0,16,84
1648,0,16,84
1649,0,16,84
1650,0,16,84
1651,0,16,84
1652,0,16,84
1653,0,16,84
1654,0,16,84
1655,0,16,84
1656,0,16,84
1657,0,16,84
1658,0,16,84
1659,0,16,84
1660,0,16,84
1661,0,16,84
1662,0,16,84
1663,0,16,84
1664,0,16,84
1665,0,16,84
1666,0,16,84
1667,0,16,84
1668,0,16,84
1669,0,16,84
1670,0,16,84
1671,0,16,84
1672,0,16,84
1673,0,16,84
1674,0,16,84
1675,0,16,84
1676,0,16,84
1677,0,16,84
1678,0,16,84
1679,0,16,84
1680,0,16,84
1681,0,16,84
1682,0,16,84
1683,0,16,84
1684,0,16,84
1685,0,16,84
1686,0,16,84
1687,0,16,84
1688,0,16,84
1689,0,16,84
1690,0,16,84
1691,0,16,84
1692,0,16,84
1693,0,16,84
1694,0,16,84
1695,0,16,84
1696,0,16,84
1697,0,16,84
1698,0,16,84
1699,0,16,84
1700,0,16,84
1701,0,16,84
1702,0,16,84
1703,0,16,84
1704,0,16,84
1705,0,16,84
1706,0,15,85
1707,0,15,85
1708,0,14,86
1709,0,14,86
1710,0,14,86
1711,0,14,86
1712,0,14,86
1713,0,14,86
1714,0,14,86
1715,0,14,86
1716,0,14,86
1717,0,14,86
1718,0,14,86
1719,0,14,86
1720,0,14,86
1721,0,14,86
1722,0,14,86
1723,0,14,86
1724,0,14,86
1725,0,14,86
1726,0,14,86
1727,0,14,86
1728,0,14,86
1729,0,14,86
1730,0,14,86
1731,0,14,86
1732,0,14,86
1733,0,14,86
1734,0,14,86
1735,0,14,86
1736,0,14,86
1737,0,14,86
1738,0,14,86
1739,0,14,86
1740,0,14,86
1741,0,14,86
1742,0,14,86
1743,0,14,86
1744,0,14,86
1745,0,14,86
1746,0,14,86
1747,0,14,86
1748,0,14,86
1749,0,14,86
1750,0,14,86
1751,0,14,86
1752,0,14,86
1753,0,14,86
1754,0,14,86
1755,0,14,86
1756,0,14,86
1757,0,14,86
1758,0,14,86
1759,0,14,86
1760,0,14,86
1761,0,14,86
1762,0,14,86
1763,0,14,86
1764,0,14,86
1765,0,14,86
1766,0,14,86
1767,0,14,86
1768,0,14,86
1769,0,14,86
1770,0,14,86
1771,0,14,86
1772,0,14,86
1773,0,14,86
1774,0,14,86
1775,0,14,86
1776,0,14,86
1777,0,14,86
1778,0,14,86
1779,0,14,86
1780,0,14,86
1781,0,14,86
1782,0,14,86
1783,0,14,86
1784,0,14,86
1785,0,14,86
1786,0,14,86
1787,0,14,86
1788,0,14,86
1789,0,14,86
1790,0,14,86
1791,0,13,87
1792,0,13,87
1793,0,13,87
1794,0,13,87
1795,0,13,87
1796,0,13,87
1797,0,13,87
1798,0,13,87
1799,0,13,87
1800,0,13,87
1801,0,13,87
1802,0,13,87
1803,0,13,87
1804,0,13,87
1805,0,13,87
1806,0,13,87
1807,0,13,87
1808,0,13,87
1809,0,13,87
1810,0,13,87
1811,0,13,87
1812,0,13,87
1813,0,13,87
1814,0,13,87
1815,0,13,87
1816,0,13,87
1817,0,13,87
1818,0,13,87
1819,0,13,87
1820,0,13,87
1821,0,13,87
1822,0,13,87
1823,0,13,87
1824,0,13,87
1825,0,13,87
1826,0,13,87
1827,0,13,87
1828,0,13,87
1829,0,13,87
1830,0,13,87
1831,0,13,87
1832,0,13,87
1833,0,13,87
1834,0,13,87
1835,0,13,87
1836,0,13,87
1837,0,13,87
1838,0,13,87
1839,0,13,87
1840,0,13,87
1841,0,13,87
1842,0,13,87
1843,0,13,87
1844,0,13,87
1845,0,13,87
1846,0,13,87
1847,0,13,87
1848,0,13,87
1849,0,13,87
1850,0,12,88
1851,0,12,88
1852,0,12,88
1853,0,12,88
1854,0,12,88
1855,0,12,88
1856,0,12,88
1857,0,12,88
1858,0,12,88
1859,0,12,88
1860,0,12,88
1861,0,12,88
1862,0,12,88
1863,0,12,88
1864,0,12,88
1865,0,12,88
1866,0,12,88
1867,0,12,88
1868,0,12,88
1869,0,12,88
1870,0,12,88
1871,0,12,88
1872,0,12,88
1873,0,12,88
1874,0,12,88
1875,0,12,88
1876,0,12,88
1877,0,12,88
1878,0,12,88
1879,0,12,88
1880,0,12,88
1881,0,12,88
1882,0,12,88
1883,0,12,88
1884,0,12,88
1885,0,12,88
1886,0,12,88
1887,0,12,88
1888,0,12,88
1889,0,12,88
1890,0,12,88
1891,0,12,88
1892,0,12,88
1893,0,12,88
1894,0,12,88
1895,0,12,88
1896,0,12,88
1897,0,12,88
1898,0,12,88
1899,0,12,88
1900,0,12,88
1901,0,12,88
1902,0,12,88
1903,0,12,88
1904,0,12,88
1905,0,12,88
1906,0,12,88
1907,0,12,88
1908,0,12,88
1909,0,12,88
1910,0,12,88
1911,0,12,88
1912,0,12,88
1913,0,12,88
1914,0,12,88
1915,0,12,88
1916,0,12,88
1917,0,12,88
1918,0,12,88
1919,0,12,88
1920,0,12,88
1921,0,12,88
1922,0,12,88
1923,0,12,88
1924,0,12,88
1925,0,12,88
1926,0,12,88
1927,0,12,88
1928,0,12,88
1929,0,11,89
1930,0,11,89
1931,0,11,89
1932,0,11,89
1933,0,11,89
1934,0,10,90
1935,0,10,90
1936,0,10,90
1937,0,10,90
1938,0,10,90
1939,0,10,90
1940,0,10,90
1941,0,10,90
1942,0,10,90
1943,0,10,90
1944,0,10,90
1945,0,10,90
1946,0,10,90
1947,0,10,90
1948,0,10,90
1949,0,10,90
1950,0,10,90
1951,0,10,90
1952,0,10,90
1953,0,10,90
1954,0,10,90
1955,0,10,90
1956,0,10,90
1957,0,10,90
1958,0,10,90
1959,0,10,90
1960,0,10,90
1961,0,10,90
1962,0,10,90
1963,0,10,90
1964,0,10,90
1965,0,10,90
1966,0,10,90
1967,0,10,90
1968,0,9,91
1969,0,9,91
1970,0,9,91
1971,0,9,91
1972,0,9,91
1973,0,9,91
1974,0,9,91
1975,0,9,91
1976,0,9,91
1977,0,9,91
1978,0,9,91
1979,0,9,91
1980,0,9,91
1981,0,9,91
1982,0,9,91
1983,0,9,91
1984,0,9,91
1985,0,9,91
1986,0,9,91
1987,0,9,91
1988,0,9,91
1989,0,9,91
1990,0,9,91
1991,0,9,91
1992,0,9,91
1993,0,9,91
1994,0,9,91
1995,0,9,91
1996,0,9,91
1997,0,9,91
1998,0,9,91
1999,0,9,91
2000,0,9,91
2001,0,9,91
2002,0,9,91
2003,0,9,91
2004,0,9,91
2005,0,9,91
2006,0,9,91
2007,0,9,91
2008,0,9,91
2009,0,9,91
2010,0,9,91
2011,0,9,91
2012,0,9,91
2013,0,9,91
2014,0,9,91
2015,0,9,91
2016,0,9,91
2017,0,9,91
2018,0,9,91
2019,0,9,91
2020,0,9,91
2021,0,9,91
2022,0,9,91
2023,0,9,91
2024,0,9,91
2025,0,9,91
2026,0,9,91
2027,0,9,91
2028,0,9,91
2029,0,9,91
2030,0,9,91
2031,0,9,91
2032,0,9,91
2033,0,9,91
2034,0,9,91
2035,0,9,91
2036,0,9,91
2037,0,9,91
2038,0,9,91
2039,0,9,91
2040,0,9,91
2041,0,9,91
2042,0,9,91
2043,0,9,91
2044,0,8,92
2045,0,8,92
2046,0,8,92
2047,0,8,92
2048,0,8,92
2049,0,8,92
2050,0,8,92
2051,0,8,92
2052,0,8,92
2053,0,8,92
2054,0,8,92
2055,0,8,92
2056,0,8,92
2057,0,8,92
2058,0,8,92
2059,0,8,92
2060,0,8,92
2061,0,8,92
2062,0,8,92
2063,0,8,92
2064,0,8,92
2065,0,8,92
2066,0,8,92
2067,0,8,92
2068,0,8,92
2069,0,8,92
2070,0,8,92
2071,0,8,92
2072,0,8,92
2073,0,8,92
2074,0,8,92
2075,0,8,92
2076,0,8,92
2077,0,8,92
2078,0,8,92
2079,0,8,92
2080,0,8,92
2081,0,8,92
2082,0,8,92
2083,0,8,92
2084,0,8,92
2085,0,8,92
2086,0,8,92
2087,0,8,92
2088,0,8,92
2089,0,8,92
2090,0,8,92
2091,0,8,92
2092,0,8,92
2093,0,8,92
2094,0,8,92
2095,0,8,92
2096,0,8,92
2097,0,8,92
2098,0,7,93
2099,0,7,93
2100,0,7,93
2101,0,7,93
2102,0,7,93
2103,0,7,93
2104,0,7,93
2105,0,7,93
2106,0,7,93
2107,0,7,93
2108,0,7,93
2109,0,7,93
2110,0,7,93
2111,0,7,93
2112,0,7,93
2113,0,7,93
2114,0,7,93
2115,0,7,93
2116,0,7,93
2117,0,7,93
2118,0,7,93
2119,0,7,93
2120,0,7,93
2121,0,7,93
2122,0,7,93
2123,0,7,93
2124,0,7,93
2125,0,7,93
2126,0,7,93
2127,0,7,93
2128,0,7,93
2129,0,7,93
2130,0,7,93
2131,0,7,93
2132,0,7,93
2133,0,7,93
2134,0,7,93
2135,0,7,93
2136,0,7,93
2137,0,7,93
2138,0,7,93
2139,0,7,93
2140,0,7,93
2141,0,7,93
2142,0,7,93
2143,0,7,93
2144,0,7,93
2145,0,7,93
2146,0,7,93
2147,0,7,93
2148,0,7,93
2149,0,7,93
2150,0,7,93
2151,0,7,93
2152,0,7,93
2153,0,7,93
2154,0,7,93
2155,0,7,93
2156,0,7,93
2157,0,7,93
2158,0,7,93
2159,0,7,93
2160,0,7,93
2161,0,7,93
2162,0,7,93
2163,0,7,93
2164,0,7,93
2165,0,7,93
2166,0,7,93
2167,0,7,93
2168,0,7,93
2169,0,7,93
2170,0,7,93
2171,0,7,93
2172,0,7,93
2173,0,7,93
2174,0,7,93
2175,0,7,93
2176,0,7,93
2177,0,7,93
2178,0,7,93
2179,0,7,93
2180,0,7,93
2181,0,7,93
2182,0,7,93
2183,0,7,93
2184,0,7,93
2185,0,7,93
2186,0,7,93
2187,0,7,93
2188,0,7,93
2189,0,7,93
2190,0,7,93
2191,0,7,93
2192,0,7,93
2193,0,7,93
2194,0,7,93
2195,0,6,94
2196,0,6,94
2197,0,6,94
2198,0,6,94
2199,0,6,94
2200,0,6,94
2201,0,6,94
2202,0,6,94
2203,0,6,94
2204,0,6,94
2205,0,6,94
2206,0,6,94
2207,0,6,94
2208,0,6,94
2209,0,6,94
2210,0,6,94
2211,0,6,94
2212,0,6,94
2213,0,6,94
2214,0,6,94
2215,0,6,94
2216,0,6,94
2217,0,6,94
2218,0,6,94
2219,0,6,94
2220,0,6,94
2221,0,6,94
2222,0,6,94
2223,0,6,94
2224,0,6,94
2225,0,6,94
2226,0,6,94
2227,0,6,94
2228,0,6,94
2229,0,6,94
2230,0,6,94
2231,0,6,94
2232,0,6,94
2233,0,6,94
2234,0,6,94
2235,0,6,94
2236,0,6,94
2237,0,6,94
2238,0,6,94
2239,0,6,94
2240,0,6,94
2241,0,6,94
2242,0,6,94
2243,0,6,94
2244,0,6,94
2245,0,6,94
2246,0,6,94
2247,0,6,94
2248,0,6,94
2249,0,6,94
2250,0,6,94
2251,0,6,94
2252,0,6,94
2253,0,6,94
2254,0,6,94
2255,0,6,94
2256,0,6,94
2257,0,6,94
2258,0,6,94
2259,0,6,94
2260,0,6,94
2261,0,6,94
2262,0,6,94
2263,0,6,94
2264,0,6,94
2265,0,6,94
2266,0,6,94
2267,0,6,94
2268,0,6,94
2269,0,6,94
2270,0,6,94
2271,0,6,94
2272,0,6,94
2273,0,6,94
2274,0,6,94
2275,0,6,94
2276,0,6,94
2277,0,6,94
2278,0,6,94
2279,0,6,94
2280,0,6,94
2281,0,6,94
2282,0,6,94
2283,0,6,94
2284,0,6,94
2285,0,6,94
2286,0,6,94
2287,0,6,94
2288,0,6,94
2289,0,6,94
2290,0,6,94
2291,0,6,94
2292,0,6,94
2293,0,6,94
2294,0,6,94
2295,0,6,94
2296,0,6,94
2297,0,6,94
2298,0,6,94
2299,0,6,94
2300,0,6,94
2301,0,6,94
2302,0,6,94
2303,0,6,94
2304,0,6,94
2305,0,6,94
2306,0,6,94
2307,0,6,94
2308,0,6,94
2309,0,6,94
2310,0,6,94
2311,0,6,94
2312,0,5,95
2313,0,5,95
2314,0,5,95
2315,0,5,95
2316,0,5,95
2317,0,5,95
2318,0,5,95
2319,0,5,95
2320,0,5,95
2321,0,5,95
2322,0,4,96
2323,0,4,96
2324,0,4,96
2325,0,4,96
2326,0,4,96
2327,0,4,96
2328,0,4,96
2329,0,4,96
2330,0,4,96
2331,0,4,96
2332,0,4,96
2333,0,4,96
2334,0,4,96
2335,0,4,96
2336,0,4,96
2337,0,4,96
2338,0,4,96
2339,0,4,96
2340,0,4,96
2341,0,4,96
2342,0,4,96
2343,0,4,96
2344,0,4,96
2345,0,3,97
2346,0,3,97
2347,0,3,97
2348,0,3,97
2349,0,3,97
2350,0,3,97
2351,0,3,97
2352,0,3,97
2353,0,3,97
2354,0,3,97
2355,0,3,97
2356,0,3,97
2357,0,3,97
2358,0,3,97
2359,0,3,97
2360,0,3,97
2361,0,3,97
2362,0,3,97
2363,0,3,97
2364,0,3,97
2365,0,3,97
2366,0,3,97
2367,0,3,97
2368,0,3,97
2369,0,3,97
2370,0,3,97
2371,0,3,97
2372,0,3,97
2373,0,3,97
2374,0,3,97
2375,0,3,97
2376,0,3,97
2377,0,3,97
2378,0,3,97
2379,0,3,97
2380,0,3,97
2381,0,3,97
2382,0,3,97
2383,0,3,97
2384,0,3,97
2385,0,3,97
2386,0,3,97
2387,0,3,97
2388,0,3,97
2389,0,3,97
2390,0,3,97
2391,0,3,97
2392,0,3,97
2393,0,3,97
2394,0,3,97
2395,0,3,97
2396,0,3,97
2397,0,3,97
2398,0,3,97
2399,0,3,97
2400,0,3,97
2401,0,3,97
2402,0,3,97
2403,0,3,97
2404,0,3,97
2405,0,3,97
2406,0,3,97
2407,0,3,97
2408,0,3,97
2409,0,3,97
2410,0,2,98
2411,0,2,98
2412,0,2,98
2413,0,2,98
2414,0,2,98
2415,0,2,98
2416,0,2,98
2417,0,2,98
2418,0,2,98
2419,0,2,98
2420,0,2,98
2421,0,2,98
2422,0,2,98
2423,0,2,98
2424,0,2,98
2425,0,2,98
2426,0,2,98
2427,0,2,98
2428,0,2,98
2429,0,2,98
2430,0,2,98
2431,0,2,98
2432,0,2,98
2433,0,2,98
2434,0,2,98
2435,0,2,98
2436,0,2,98
2437,0,2,98
2438,0,2,98
2439,0,2,98
2440,0,2,98
2441,0,2,98
2442,0,2,98
2443,0,2,98
2444,0,2,98
2445,0,2,98
2446,0,2,98
2447,0,2,98
2448,0,2,98
2449,0,2,98
2450,0,2,98
2451,0,2,98
2452,0,2,98
2453,0,2,98
2454,0,2,98
2455,0,2,98
2456,0,2,98
2457,0,2,98
2458,0,2,98
2459,0,2,98
2460,0,2,98
2461,0,2,98
2462,0,2,98
2463,0,2,98
2464,0,2,98
2465,0,2,98
2466,0,2,98
2467,0,2,98
2468,0,2,98
2469,0,2,98
2470,0,2,98
2471,0,2,98
2472,0,2,98
2473,0,2,98
2474,0,2,98
2475,0,2,98
2476,0,2,98
2477,0,2,98
2478,0,2,98
2479,0,2,98
2480,0,2,98
2481,0,2,98
2482,0,2,98
2483,0,2,98
2484,0,2,98
2485,0,2,98
2486,0,2,98
2487,0,2,98
2488,0,2,98
2489,0,2,98
2490,0,2,98
2491,0,2,98
2492,0,2,98
2493,0,2,98
2494,0,2,98
2495,0,2,98
2496,0,2,98
2497,0,2,98
2498,0,2,98
2499,0,2,98
2500,0,2,98
2501,0,2,98
2502,0,2,98
2503,0,2,98
2504,0,2,98
2505,0,2,98
2506,0,2,98
2507,0,2,98
2508,0,2,98
2509,0,2,98
2510,0,2,98
2511,0,2,98
2512,0,2,98
2513,0,2,98
2514,0,2,98
2515,0,2,98
2516,0,2,98
2517,0,2,98
2518,0,2,98
2519,0,2,98
2520,0,2,98
2521,0,2,98
2522,0,2,98
2523,0,2,98
2524,0,2,98
2525,0,2,98
2526,0,2,98
2527,0,2,98
2528,0,2,98
2529,0,2,98
2530,0,2,98
2531,0,2,98
2532,0,2,98
2533,0,2,98
2534,0,2,98
2535,0,2,98
2536,0,2,98
2537,0,2,98
2538,0,2,98
2539,0,2,98
2540,0,2,98
2541,0,2,98
2542,0,2,98
2543,0,2,98
2544,0,2,98
2545,0,2,98
2546,0,2,98
2547,0,2,98
2548,0,2,98
2549,0,2,98
2550,0,2,98
2551,0,2,98
2552,0,2,98
2553,0,2,98
2554,0,2,98
2555,0,2,98
2556,0,2,98
2557,0,2,98
2558,0,2,98
2559,0,2,98
2560,0,2,98
2561,0,2,98
2562,0,2,98
2563,0,2,98
2564,0,2,98
2565,0,2,98
2566,0,2,98
2567,0,2,98
2568,0,2,98
2569,0,2,98
2570,0,2,98
2571,0,2,98
2572,0,2,98
2573,0,2,98
2574,0,2,98
2575,0,2,98
2576,0,2,98
2577,0,2,98
2578,0,2,98
2579,0,2,98
2580,0,2,98
2581,0,2,98
2582,0,2,98
2583,0,2,98
2584,0,2,98
2585,0,2,98
2586,0,2,98
2587,0,2,98
2588,0,2,98
2589,0,2,98
2590,0,2,98
2591,0,2,98
2592,0,2,98
2593,0,2,98
2594,0,2,98
2595,0,2,98
2596,0,2,98
2597,0,2,98
2598,0,2,98
2599,0,2,98
2600,0,2,98
2601,0,2,98
2602,0,2,98
2603,0,2,98
2604,0,2,98
2605,0,2,98
2606,0,2,98
2607,0,2,98
2608,0,2,98
2609,0,2,98
2610,0,2,98
2611,0,2,98
2612,0,2,98
2613,0,2,98
2614,0,2,98
2615,0,2,98
2616,0,2,98
2617,0,2,98
2618,0,2,98
2619,0,2,98
2620,0,2,98
2621,0,2,98
2622,0,2,98
2623,0,2,98
2624,0,2,98
2625,0,2,98
2626,0,2,98
2627,0,2,98
2628,0,2,98
2629,0,2,98
2630,0,2,98
2631,0,2,98
2632,0,2,98
2633,0,2,98
2634,0,2,98
2635,0,2,98
2636,0,2,98
2637,0,2,98
2638,0,2,98
2639,0,2,98
2640,0,2,98
2641,0,2,98
2642,0,2,98
2643,0,2,98
2644,0,2,98
2645,0,2,98
2646,0,2,98
2647,0,2,98
2648,0,2,98
2649,0,2,98
2650,0,2,98
2651,0,2,98
2652,0,2,98
2653,0,2,98
2654,0,2,98
2655,0,2,98
2656,0,2,98
2657,0,2,98
2658,0,2,98
2659,0,2,98
2660,0,2,98
2661,0,2,98
2662,0,2,98
2663,0,2,98
2664,0,2,98
2665,0,2,98
2666,0,2,98
2667,0,2,98
2668,0,2,98
2669,0,2,98
2670,0,2,98
2671,0,2,98
2672,0,2,98
2673,0,2,98
2674,0,2,98
2675,0,2,98
2676,0,2,98
2677,0,2,98
2678,0,2,98
2679,0,2,98
2680,0,2,98
2681,0,2,98
2682,0,2,98
2683,0,2,98
2684,0,2,98
2685,0,2,98
2686,0,2,98
2687,0,2,98
2688,0,2,98
2689,0,2,98
2690,0,2,98
2691,0,2,98
2692,0,2,98
2693,0,2,98
2694,0,2,98
2695,0,2,98
2696,0,2,98
2697,0,2,98
2698,0,2,98
2699,0,2,98
2700,0,2,98
2701,0,2,98
2702,0,2,98
2703,0,2,98
2704,0,2,98
2705,0,2,98
2706,0,2,98
2707,0,2,98
2708,0,2,98
2709,0,2,98
2710,0,2,98
2711,0,2,98
2712,0,2,98
2713,0,2,98
2714,0,2,98
2715,0,2,98
2716,0,2,98
2717,0,2,98
2718,0,2,98
2719,0,2,98
2720,0,2,98
2721,0,2,98
2722,0,2,98
2723,0,2,98
2724,0,2,98
2725,0,2,98
2726,0,2,98
2727,0,2,98
2728,0,2,98
2729,0,2,98
2730,0,2,98
2731,0,2,98
2732,0,2,98
2733,0,2,98
2734,0,2,98
2735,0,2,98
2736,0,2,98
2737,0,2,98
2738,0,2,98
2739,0,2,98
2740,0,2,98
2741,0,2,98
2742,0,2,98
2743,0,2,98
2744,0,2,98
2745,0,2,98
2746,0,2,98
2747,0,2,98
2748,0,2,98
2749,0,2,98
2750,0,2,98
2751,0,2,98
2752,0,2,98
2753,0,2,98
2754,0,2,98
2755,0,2,98
2756,0,2,98
2757,0,2,98
2758,0,2,98
2759,0,2,98
2760,0,2,98
2761,0,2,98
2762,0,2,98
2763,0,2,98
2764,0,2,98
2765,0,2,98
2766,0,2,98
2767,0,2,98
2768,0,2,98
2769,0,2,98
2770,0,2,98
2771,0,2,98
2772,0,2,98
2773,0,2,98
2774,0,2,98
2775,0,2,98
2776,0,2,98
2777,0,2,98
2778,0,2,98
2779,0,2,98
2780,0,2,98
2781,0,2,98
2782,0,2,98
2783,0,2,98
2784,0,2,98
2785,0,2,98
2786,0,2,98
2787,0,2,98
2788,0,2,98
2789,0,2,98
2790,0,2,98
2791,0,2,98
2792,0,2,98
2793,0,2,98
2794,0,2,98
2795,0,2,98
2796,0,2,98
2797,0,2,98
2798,0,2,98
2799,0,2,98
2800,0,2,98
2801,0,2,98
2802,0,2,98
2803,0,2,98
2804,0,2,98
2805,0,2,98
2806,0,2,98
2807,0,2,98
2808,0,2,98
2809,0,2,98
2810,0,2,98
2811,0,2,98
2812,0,2,98
2813,0,2,98
2814,0,2,98
2815,0,2,98
2816,0,2,98
2817,0,2,98
2818,0,2,98
2819,0,2,98
2820,0,2,98
2821,0,2,98
2822,0,2,98
2823,0,2,98
2824,0,2,98
2825,0,2,98
2826,0,2,98
2827,0,2,98
2828,0,2,98
2829,0,2,98
2830,0,2,98
2831,0,2,98
2832,0,2,98
2833,0,2,98
2834,0,2,98
2835,0,2,98
2836,0,2,98
2837,0,2,98
2838,0,2,98
2839,0,2,98
2840,0,2,98
2841,0,2,98
2842,0,2,98
2843,0,2,98
2844,0,2,98
2845,0,2,98
2846,0,2,98
2847,0,2,98
2848,0,2,98
2849,0,2,98
2850,0,2,98
2851,0,2,98
2852,0,2,98
2853,0,2,98
2854,0,2,98
2855,0,2,98
2856,0,2,98
2857,0,2,98
2858,0,1,99
2859,0,1,99
2860,0,1,99
2861,0,1,99
2862,0,1,99
2863,0,1,99
2864,0,1,99
2865,0,1,99
2866,0,1,99
2867,0,1,99
2868,0,1,99
2869,0,1,99
2870,0,1,99
2871,0,1,99
2872,0,1,99
2873,0,1,99
2874,0,1,99
2875,0,1,99
2876,0,1,99
2877,0,1,99
2878,0,1,99
2879,0,1,99
2880,0,1,99
2881,0,1,99
2882,0,1,99
2883,0,1,99
2884,0,1,99
2885,0,1,99
2886,0,1,99
2887,0,1,99
2888,0,1,99
2889,0,1,99
2890,0,1,99
2891,0,1,99
2892,0,1,99
2893,0,1,99
2894,0,1,99
2895,0,1,99
2896,0,1,99
2897,0,1,99
2898,0,1,99
2899,0,1,99
2900,0,1,99
2901,0,1,99
2902,0,1,99
2903,0,1,99
2904,0,1,99
2905,0,1,99
2906,0,1,99
2907,0,1,99
2908,0,1,99
2909,0,1,99
2910,0,1,99
2911,0,1,99
2912,0,1,99
2913,0,1,99
2914,0,1,99
2915,0,1,99
2916,0,1,99
2917,0,1,99
2918,0,1,99
2919,0,1,99
2920,0,1,99
2921,0,1,99
2922,0,1,99
2923,0,1,99
2924,0,1,99
2925,0,1,99
2926,0,1,99
2927,0,1,99
2928,0,1,99
2929,0,1,99
2930,0,1,99
2931,0,1,99
2932,0,1,99
2933,0,1,99
2934,0,1,99
2935,0,1,99
2936,0,1,99
2937,0,1,99
2938,0,1,99
2939,0,1,99
2940,0,1,99
2941,0,1,99
2942,0,1,99
2943,0,1,99
2944,0,1,99
2945,0,1,99
2946,0,1,99
2947,0,1,99
2948,0,1,99
2949,0,1,99
2950,0,1,99
2951,0,1,99
2952,0,1,99
2953,0,1,99
2954,0,1,99
2955,0,1,99
2956,0,1,99
2957,0,1,99
2958,0,1,99
2959,0,1,99
2960,0,1,99
2961,0,1,99
2962,0,1,99
2963,0,1,99
2964,0,1,99
2965,0,1,99
2966,0,1,99
2967,0,1,99
2968,0,1,99
2969,0,1,99
2970,0,1,99
2971,0,1,99
2972,0,1,99
2973,0,1,99
2974,0,1,99
2975,0,1,99
2976,0,1,99
2977,0,1,99
2978,0,1,99
2979,0,1,99
2980,0,1,99
2981,0,1,99
2982,0,1,99
2983,0,1,99
2984,0,1,99
2985,0,1,99
2986,0,1,99
2987,0,1,99
2988,0,1,99
2989,0,1,99
2990,0,1,99
2991,0,0,100
2992,0,0,100
2993,0,0,100
2994,0,0,100
2995,0,0,100
2996,0,0,100
2997,0,0,100
2998,0,0,100
2999,0,0,100
3000,0,0,100
