Time,Healthy,Undetectable,Detectable
0,97,3,0
1,97,3,0
2,97,3,0
3,97,3,0
4,97,3,0
5,97,3,0
6,97,3,0
7,97,3,0
8,97,3,0
9,97,3,0
10,97,3,0
11,97,3,0
12,97,3,0
13,97,3,0
14,97,3,0
15,97,3,0
16,97,3,0
17,97,3,0
18,97,3,0
19,97,3,0
20,97,3,0
21,97,3,0
22,97,3,0
23,97,3,0
24,97,3,0
25,97,3,0
26,97,3,0
27,97,3,0
28,97,3,0
29,97,3,0
30,97,3,0
31,97,3,0
32,97,3,0
33,97,3,0
34,97,3,0
35,97,3,0
36,97,3,0
37,97,3,0
38,97,3,0
39,97,3,0
40,97,3,0
41,97,3,0
42,97,3,0
43,97,3,0
44,97,3,0
45,97,3,0
46,97,3,0
47,97,3,0
48,97,3,0
49,97,3,0
50,97,3,0
51,97,3,0
52,97,3,0
53,97,3,0
54,97,3,0
55,97,3,0
56,97,3,0
57,97,3,0
58,97,3,0
59,97,3,0
60,97,3,0
61,97,3,0
62,97,3,0
63,97,3,0
64,97,3,0
65,97,3,0
66,97,3,0
67,97,3,0
68,97,3,0
69,97,3,0
70,97,3,0
71,97,3,0
72,97,3,0
73,97,3,0
74,97,3,0
75,97,3,0
76,97,3,0
77,97,3,0
78,97,3,0
79,97,3,0
80,97,3,0
81,97,3,0
82,97,3,0
83,97,3,0
84,97,3,0
85,97,3,0
86,97,3,0
87,97,3,0
88,97,3,0
89,97,3,0
90,97,3,0
91,97,3,0
92,97,3,0
93,97,3,0
94,97,3,0
95,97,3,0
96,97,3,0
97,97,3,0
98,97,3,0
99,97,3,0
100,97,3,0
101,97,3,0
102,97,3,0
103,97,3,0
104,97,3,0
105,97,3,0
106,97,3,0
107,97,3,0
108,97,3,0
109,97,3,0
110,97,3,0
111,97,3,0
112,97,3,0
113,97,3,0
114,97,3,0
115,97,3,0
116,97,3,0
117,97,3,0
118,97,2,1
119,97,2,1
120,97,2,1
121,97,2,1
122,97,2,1
123,97,2,1
124,97,2,1
125,97,2,1
126,97,2,1
127,97,2,1
128,97,2,1
129,97,2,1
130,97,2,1
131,97,2,1
132,97,2,1
133,97,2,1
134,97,2,1
135,97,2,1
136,97,2,1
137,97,2,1
138,97,2,1
139,97,2,1
140,97,2,1
141,97,2,1
142,97,2,1
143,97,2,1
144,97,2,1
145,97,2,1
146,97,2,1
147,97,2,1
148,97,2,1
149,97,2,1
150,97,2,1
151,97,2,1
152,97,2,1
153,97,2,1
154,97,2,1
155,97,2,1
156,97,2,1
157,97,2,1
158,97,2,1
159,97,2,1
160,97,2,1
161,97,2,1
162,97,2,1
163,97,2,1
164,97,2,1
165,97,2,1
166,97,2,1
167,97,2,1
168,97,2,1
169,97,2,1
170,97,2,1
171,97,2,1
172,97,2,1
173,97,2,1
174,97,2,1
175,97,2,1
176,97,2,1
177,97,2,1
178,97,2,1
179,97,2,1
180,97,2,1
181,97,2,1
182,97,2,1
183,97,2,1
184,97,2,1
185,97,2,1
186,97,2,1
187,97,2,1
188,97,2,1
189,97,2,1
190,97,2,1
191,97,2,1
192,97,2,1
193,97,2,1
194,97,2,1
195,97,2,1
196,97,2,1
197,97,2,1
198,97,2,1
199,97,2,1
200,97,2,1
201,97,2,1
202,97,2,1
203,97,2,1
204,97,2,1
205,97,2,1
206,97,2,1
207,97,2,1
208,97,2,1
209,97,2,1
210,97,2,1
211,97,2,1
212,97,2,1
213,97,2,1
214,97,2,1
215,97,2,1
216,97,2,1
217,97,2,1
218,97,2,1
219,97,2,1
220,97,2,1
221,97,2,1
222,97,2,1
223,97,2,1
224,97,2,1
225,97,2,1
226,97,2,1
227,97,2,1
228,97,2,1
229,97,2,1
230,97,2,1
231,97,2,1
232,97,2,1
233,97,2,1
234,97,2,1
235,97,2,1
236,97,2,1
237,97,2,1
238,97,2,1
239,97,2,1
240,97,2,1
241,97,2,1
242,97,2,1
243,97,2,1
244,97,2,1
245,97,2,1
246,97,2,1
247,97,2,1
248,97,2,1
249,97,2,1
250,97,2,1
251,97,2,1
252,97,2,1
253,97,2,1
254,97,2,1
255,97,2,1
256,97,2,1
257,97,2,1
258,97,2,1
259,97,2,1
260,97,2,1
261,97,2,1
262,97,2,1
263,97,2,1
264,97,2,1
265,97,2,1
266,97,2,1
267,97,2,1
268,97,2,1
269,97,2,1
270,97,2,1
271,97,2,1
272,97,2,1
273,97,2,1
274,97,2,1
275,97,2,1
276,97,2,1
277,97,2,1
278,97,2,1
279,97,2,1
280,97,2,1
281,97,2,1
282,97,2,1
283,97,2,1
284,97,2,1
285,97,2,1
286,97,2,1
287,97,2,1
288,97,2,1
289,97,2,1
290,97,2,1
291,97,2,1
292,97,2,1
293,97,2,1
294,97,2,1
295,97,2,1
296,97,2,1
297,97,2,1
298,97,2,1
299,97,2,1
300,97,2,1
301,97,2,1
302,97,2,1
303,97,2,1
304,97,2,1
305,97,2,1
306,97,2,1
307,97,2,1
308,97,2,1
309,97,2,1
310,97,2,1
311,97,2,1
312,97,2,1
313,97,2,1
314,97,2,1
315,97,2,1
316,97,2,1
317,97,2,1
318,97,2,1
319,97,2,1
320,97,2,1
321,97,2,1
322,97,2,1
323,97,2,1
324,97,2,1
325,97,2,1
326,97,2,1
327,97,2,1
328,97,2,1
329,97,2,1
330,97,2,1
331,97,2,1
332,97,2,1
333,97,2,1
334,97,2,1
335,97,2,1
336,97,2,1
337,97,2,1
338,97,2,1
339,97,2,1
340,97,2,1
341,97,2,1
342,97,2,1
343,97,2,1
344,97,2,1
345,97,2,1
346,97,2,1
347,97,2,1
348,97,2,1
349,97,2,1
350,97,2,1
351,97,2,1
352,97,2,1
353,97,2,1
354,97,2,1
355,97,2,1
356,97,2,1
357,97,2,1
358,97,2,1
359,97,2,1
360,97,2,1
361,97,2,1
362,97,2,1
363,97,2,1
364,97,2,1
365,97,2,1
366,97,2,1
367,97,2,1
368,97,2,1
369,97,2,1
370,97,2,1
371,97,2,1
372,97,2,1
373,97,2,1
374,97,2,1
375,97,2,1
376,97,2,1
377,97,2,1
378,97,2,1
379,97,2,1
380,97,2,1
381,97,2,1
382,97,2,1
383,97,2,1
384,97,2,1
385,97,2,1
386,97,2,1
387,97,2,1
388,97,2,1
389,97,2,1
390,97,2,1
391,97,2,1
392,97,2,1
393,97,2,1
394,97,2,1
395,97,2,1
396,97,2,1
397,97,2,1
398,97,2,1
399,97,2,1
400,97,2,1
401,97,2,1
402,97,2,1
403,97,2,1
404,97,2,1
405,97,2,1
406,97,2,1
407,97,2,1
408,97,2,1
409,97,2,1
410,97,2,1
411,97,2,1
412,97,2,1
413,97,2,1
414,97,2,1
415,97,2,1
416,97,2,1
417,97,2,1
418,97,2,1
419,97,2,1
420,97,2,1
421,97,2,1
422,97,2,1
423,97,2,1
424,97,2,1
425,97,2,1
426,97,2,1
427,97,2,1
428,97,2,1
429,97,2,1
430,97,2,1
431,97,2,1
432,97,2,1
433,97,2,1
434,97,2,1
435,97,2,1
436,97,2,1
437,97,2,1
438,97,2,1
439,97,2,1
440,97,2,1
441,97,2,1
442,97,2,1
443,97,2,1
444,97,2,1
445,97,2,1
446,97,2,1
447,97,2,1
448,97,2,1
449,97,2,1
450,97,2,1
451,97,2,1
452,97,2,1
453,97,2,1
454,97,2,1
455,97,2,1
456,97,2,1
457,97,2,1
458,97,2,1
459,97,2,1
460,97,2,1
461,97,1,2
462,97,1,2
463,97,1,2
464,97,1,2
465,97,1,2
466,97,1,2
467,97,1,2
468,97,1,2
469,97,1,2
470,97,1,2
471,97,1,2
472,97,1,2
473,97,1,2
474,97,1,2
475,97,1,2
476,97,1,2
477,97,1,2
478,97,1,2
479,97,1,2
480,97,1,2
481,97,1,2
482,97,1,2
483,97,1,2
484,97,1,2
485,97,1,2
486,97,1,2
487,97,1,2
488,97,1,2
489,97,1,2
490,97,0,3
491,97,0,3
492,97,0,3
493,97,0,3
494,97,0,3
495,97,0,3
496,97,0,3
497,97,0,3
498,97,0,3
499,97,0,3
500,97,0,3
501,97,0,3
502,97,0,3
503,97,0,3
504,97,0,3
505,97,0,3
506,97,0,3
507,97,0,3
508,97,0,3
509,97,0,3
510,97,0,3
511,97,0,3
512,97,0,3
513,97,0,3
514,97,0,3
515,97,0,3
516,97,0,3
517,97,0,3
518,97,0,3
519,97,0,3
520,97,0,3
521,97,0,3
522,97,0,3
523,97,0,3
524,97,0,3
525,97,0,3
526,97,0,3
527,97,0,3
528,97,0,3
529,97,0,3
530,97,0,3
531,97,0,3
532,97,0,3
533,97,0,3
534,97,0,3
535,97,0,3
536,97,0,3
537,97,0,3
538,97,0,3
539,97,0,3
540,97,0,3
541,97,0,3
542,97,0,3
543,97,0,3
544,97,0,3
545,97,0,3
546,97,0,3
547,97,0,3
548,97,0,3
549,97,0,3
550,97,0,3
551,97,0,3
552,97,0,3
553,97,0,3
554,97,0,3
555,97,0,3
556,97,0,3
557,97,0,3
558,97,0,3
559,97,0,3
560,97,0,3
561,97,0,3
562,97,0,3
563,97,0,3
564,96,1,3
565,96,1,3
566,96,1,3
567,96,1,3
568,96,1,3
569,96,1,3
570,96,1,3
571,96,1,3
572,96,1,3
573,95,2,3
574,95,2,3
575,95,2,3
576,95,2,3
577,95,2,3
578,95,2,3
579,95,2,3
580,95,2,3
581,95,2,3
582,95,2,3
583,95,2,3
584,95,2,3
585,95,2,3
586,95,2,3
587,95,2,3
588,95,2,3
589,95,2,3
590,95,2,3
591,95,2,3
592,95,2,3
593,95,2,3
594,95,2,3
595,95,2,3
596,95,2,3
597,94,3,3
598,94,3,3
599,94,3,3
600,94,3,3
601,94,3,3
602,94,3,3
603,94,3,3
604,94,3,3
605,94,3,3
606,94,3,3
607,94,3,3
608,94,2,4
609,94,2,4
610,94,2,4
611,94,2,4
612,94,2,4
613,93,3,4
614,93,3,4
615,93,3,4
616,93,3,4
617,93,3,4
618,93,3,4
619,93,3,4
620,93,3,4
621,93,3,4
622,93,3,4
623,93,3,4
624,93,3,4
625,93,3,4
626,93,3,4
627,93,3,4
628,93,3,4
629,93,2,5
630,93,2,5
631,93,2,5
632,93,2,5
633,93,2,5
634,93,2,5
635,93,2,5
636,93,2,5
637,93,2,5
638,93,2,5
639,93,2,5
640,93,2,5
641,93,2,5
642,93,2,5
643,93,2,5
644,93,2,5
645,93,2,5
646,93,2,5
647,93,2,5
648,93,2,5
649,93,2,5
650,93,2,5
651,93,2,5
652,93,2,5
653,93,2,5
654,93,2,5
655,93,2,5
656,93,2,5
657,93,2,5
658,93,2,5
659,93,2,5
660,93,2,5
661,93,2,5
662,93,2,5
663,93,2,5
664,93,2,5
665,92,3,5
666,92,3,5
667,92,2,6
668,92,2,6
669,92,2,6
670,92,2,6
671,92,2,6
672,92,2,6
673,92,2,6
674,92,2,6
675,92,2,6
676,92,2,6
677,92,2,6
678,92,2,6
679,92,2,6
680,92,2,6
681,92,2,6
682,92,2,6
683,91,2,7
684,91,2,7
685,91,2,7
686,91,2,7
687,91,2,7
688,91,2,7
689,91,2,7
690,91,2,7
691,90,3,7
692,90,3,7
693,90,3,7
694,90,3,7
695,90,3,7
696,90,3,7
697,90,3,7
698,90,3,7
699,90,3,7
700,90,3,7
701,90,3,7
702,90,3,7
703,90,3,7
704,90,3,7
705,90,3,7
706,90,3,7
707,90,3,7
708,90,3,7
709,90,3,7
710,90,3,7
711,90,3,7
712,90,3,7
713,90,3,7
714,90,3,7
715,90,3,7
716,90,3,7
717,90,3,7
718,90,3,7
719,90,3,7
720,90,2,8
721,90,2,8
722,89,3,8
723,89,3,8
724,89,3,8
725,89,3,8
726,89,3,8
727,89,3,8
728,89,3,8
729,89,3,8
730,89,3,8
731,89,3,8
732,89,3,8
733,89,3,8
734,89,3,8
735,89,3,8
736,89,3,8
737,89,2,9
738,89,2,9
739,89,2,9
740,89,2,9
741,89,2,9
742,88,3,9
743,88,3,9
744,88,3,9
745,88,3,9
746,88,3,9
747,88,3,9
748,87,4,9
749,87,4,9
750,87,4,9
751,87,4,9
752,87,4,9
753,87,4,9
754,86,5,9
755,86,5,9
756,86,5,9
757,86,5,9
758,86,5,9
759,86,5,9
760,86,5,9
761,86,5,9
762,86,5,9
763,86,5,9
764,86,5,9
765,86,5,9
766,86,5,9
767,86,5,9
768,86,5,9
769,86,5,9
770,86,5,9
771,86,5,9
772,86,5,9
773,86,5,9
774,85,6,9
775,84,7,9
776,84,7,9
777,84,7,9
778,84,7,9
779,84,7,9
780,84,7,9
781,83,8,9
782,83,8,9
783,83,8,9
784,83,8,9
785,83,8,9
786,83,8,9
787,82,9,9
788,82,9,9
789,82,9,9
790,82,9,9
791,82,9,9
792,82,9,9
793,82,9,9
794,82,9,9
795,82,9,9
796,82,9,9
797,82,9,9
798,81,10,9
799,81,10,9
800,81,10,9
801,81,10,9
802,81,10,9
803,81,10,9
804,81,10,9
805,81,10,9
806,81,10,9
807,81,10,9
808,80,11,9
809,80,11,9
810,80,11,9
811,80,11,9
812,80,11,9
813,80,10,10
814,80,10,10
815,80,10,10
816,80,10,10
817,80,10,10
818,80,10,10
819,80,10,10
820,80,10,10
821,80,10,10
822,80,10,10
823,80,10,10
824,80,9,11
825,79,10,11
826,79,10,11
827,79,10,11
828,79,10,11
829,79,10,11
830,79,10,11
831,79,10,11
832,79,10,11
833,79,10,11
834,78,11,11
835,78,11,11
836,78,11,11
837,78,11,11
838,78,11,11
839,78,11,11
840,78,11,11
841,78,11,11
842,78,11,11
843,78,11,11
844,77,12,11
845,77,12,11
846,77,12,11
847,77,12,11
848,77,12,11
849,77,12,11
850,77,12,11
851,77,12,11
852,77,12,11
853,77,12,11
854,76,13,11
855,76,13,11
856,76,13,11
857,76,13,11
858,76,13,11
859,76,13,11
860,76,13,11
861,76,13,11
862,76,13,11
863,76,13,11
864,76,13,11
865,76,13,11
866,76,13,11
867,76,13,11
868,75,14,11
869,74,15,11
870,74,15,11
871,74,15,11
872,74,15,11
873,74,15,11
874,74,15,11
875,74,15,11
876,74,15,11
877,74,15,11
878,74,15,11
879,74,15,11
880,74,15,11
881,74,15,11
882,74,15,11
883,74,15,11
884,74,15,11
885,74,15,11
886,74,15,11
887,74,15,11
888,74,15,11
889,74,14,12
890,74,14,12
891,74,14,12
892,74,14,12
893,74,14,12
894,74,14,12
895,74,14,12
896,74,14,12
897,74,14,12
898,74,13,13
899,74,13,13
900,73,14,13
901,73,14,13
902,73,14,13
903,73,14,13
904,73,14,13
905,73,14,13
906,73,14,13
907,72,15,13
908,72,15,13
909,71,16,13
910,71,16,13
911,70,17,13
912,69,18,13
913,68,19,13
914,68,19,13
915,68,19,13
916,68,19,13
917,68,19,13
918,68,19,13
919,68,19,13
920,68,19,13
921,68,19,13
922,68,19,13
923,68,19,13
924,68,19,13
925,68,19,13
926,67,20,13
927,67,20,13
928,67,20,13
929,67,20,13
930,67,20,13
931,67,20,13
932,67,20,13
933,67,20,13
934,67,20,13
935,67,20,13
936,67,20,13
937,67,20,13
938,67,20,13
939,67,20,13
940,67,20,13
941,67,20,13
942,67,20,13
943,67,20,13
944,67,20,13
945,66,21,13
946,66,21,13
947,66,21,13
948,66,21,13
949,66,21,13
950,66,21,13
951,66,21,13
952,66,21,13
953,66,21,13
954,66,21,13
955,66,21,13
956,66,21,13
957,66,21,13
958,65,22,13
959,65,22,13
960,64,23,13
961,64,22,14
962,64,22,14
963,64,22,14
964,63,23,14
965,63,23,14
966,63,23,14
967,63,23,14
968,63,23,14
969,63,23,14
970,63,23,14
971,63,23,14
972,63,23,14
973,63,23,14
974,63,23,14
975,63,23,14
976,63,23,14
977,63,23,14
978,63,23,14
979,63,23,14
980,63,23,14
981,63,22,15
982,62,23,15
983,62,23,15
984,62,23,15
985,62,23,15
986,62,23,15
987,62,23,15
988,62,23,15
989,62,23,15
990,62,23,15
991,62,23,15
992,62,23,15
993,61,24,15
994,61,24,15
995,61,23,16
996,61,23,16
997,61,22,17
998,61,22,17
999,61,22,17
1000,61,22,17
1001,61,22,17
1002,61,22,17
1003,61,22,17
1004,61,22,17
1005,61,22,17
1006,61,22,17
1007,60,23,17
1008,60,23,17
1009,60,23,17
1010,60,23,17
1011,60,23,17
1012,60,23,17
1013,59,24,17
1014,59,24,17
1015,59,24,17
1016,59,24,17
1017,59,24,17
1018,59,24,17
1019,58,25,17
1020,58,25,17
1021,57,26,17
1022,57,26,17
1023,57,26,17
1024,57,26,17
1025,57,26,17
1026,57,26,17
1027,57,24,19
1028,57,24,19
1029,57,24,19
1030,57,24,19
1031,57,24,19
1032,57,24,19
1033,57,23,20
1034,57,23,20
1035,57,23,20
1036,57,23,20
1037,57,23,20
1038,57,23,20
1039,57,23,20
1040,56,24,20
1041,56,24,20
1042,56,24,20
1043,56,24,20
1044,56,24,20
1045,56,24,20
1046,56,24,20
1047,56,24,20
1048,56,24,20
1049,56,24,20
1050,56,24,20
1051,56,24,20
1052,56,23,21
1053,56,23,21
1054,56,23,21
1055,56,23,21
1056,56,23,21
1057,56,23,21
1058,56,23,21
1059,55,24,21
1060,55,24,21
1061,55,24,21
1062,55,24,21
1063,55,24,21
1064,54,25,21
1065,54,25,21
1066,54,25,21
1067,54,24,22
1068,54,24,22
1069,54,24,22
1070,54,23,23
1071,54,23,23
1072,54,23,23
1073,54,23,23
1074,54,23,23
1075,54,23,23
1076,54,23,23
1077,54,23,23
1078,53,23,24
1079,52,24,24
1080,52,24,24
1081,51,24,25
1082,51,24,25
1083,51,24,25
1084,51,24,25
1085,51,24,25
1086,51,24,25
1087,50,25,25
1088,50,25,25
1089,50,25,25
1090,50,25,25
1091,50,25,25
1092,50,25,25
1093,50,25,25
1094,50,25,25
1095,50,25,25
1096,48,27,25
1097,48,27,25
1098,48,27,25
1099,48,27,25
1100,48,27,25
1101,48,27,25
1102,48,27,25
1103,48,26,26
1104,48,26,26
1105,48,26,26
1106,45,29,26
1107,45,29,26
1108,45,29,26
1109,45,29,26
1110,45,29,26
1111,45,29,26
1112,45,29,26
1113,45,29,26
1114,45,29,26
1115,45,29,26
1116,45,29,26
1117,45,29,26
1118,45,29,26
1119,45,29,26
1120,45,29,26
1121,45,29,26
1122,45,29,26
1123,45,29,26
1124,45,29,26
1125,45,29,26
1126,45,29,26
1127,44,30,26
1128,44,30,26
1129,44,30,26
1130,44,30,26
1131,44,29,27
1132,44,29,27
1133,44,29,27
1134,44,29,27
1135,44,29,27
1136,44,29,27
1137,44,29,27
1138,44,29,27
1139,44,29,27
1140,44,29,27
1141,44,29,27
1142,44,29,27
1143,43,30,27
1144,43,30,27
1145,43,30,27
1146,43,30,27
1147,43,30,27
1148,43,30,27
1149,43,30,27
1150,43,30,27
1151,42,31,27
1152,42,31,27
1153,42,31,27
1154,42,31,27
1155,42,30,28
1156,42,30,28
1157,42,30,28
1158,42,30,28
1159,42,30,28
1160,42,30,28
1161,42,29,29
1162,42,29,29
1163,42,29,29
1164,42,29,29
1165,42,29,29
1166,42,29,29
1167,42,29,29
1168,40,31,29
1169,40,31,29
1170,40,30,30
1171,39,31,30
1172,37,33,30
1173,37,33,30
1174,36,34,30
1175,35,35,30
1176,35,35,30
1177,35,35,30
1178,35,35,30
1179,35,35,30
1180,35,35,30
1181,35,35,30
1182,35,35,30
1183,35,35,30
1184,35,34,31
1185,35,34,31
1186,34,35,31
1187,34,34,32
1188,34,34,32
1189,34,34,32
1190,34,34,32
1191,34,34,32
1192,34,34,32
1193,34,34,32
1194,33,35,32
1195,33,35,32
1196,33,35,32
1197,33,35,32
1198,33,35,32
1199,33,35,32
1200,33,35,32
1201,33,35,32
1202,33,35,32
1203,33,35,32
1204,33,35,32
1205,32,36,32
1206,32,36,32
1207,32,36,32
1208,32,36,32
1209,31,37,32
1210,31,37,32
1211,31,37,32
1212,31,37,32
1213,31,37,32
1214,30,37,33
1215,30,37,33
1216,30,37,33
1217,30,37,33
1218,29,38,33
1219,29,38,33
1220,29,38,33
1221,29,38,33
1222,29,38,33
1223,29,38,33
1224,29,38,33
1225,29,38,33
1226,29,38,33
1227,29,38,33
1228,29,38,33
1229,29,38,33
1230,29,38,33
1231,29,38,33
1232,29,38,33
1233,29,38,33
1234,29,38,33
1235,29,38,33
1236,29,37,34
1237,29,37,34
1238,29,37,34
1239,28,38,34
1240,27,39,34
1241,27,39,34
1242,27,39,34
1243,26,40,34
1244,26,40,34
1245,26,40,34
1246,26,40,34
1247,26,39,35
1248,26,38,36
1249,26,38,36
1250,26,38,36
1251,26,38,36
1252,26,38,36
1253,24,40,36
1254,24,39,37
1255,24,39,37
1256,23,40,37
1257,23,39,38
1258,22,39,39
1259,22,38,40
1260,22,38,40
1261,22,38,40
1262,22,38,40
1263,22,38,40
1264,22,38,40
1265,21,39,40
1266,21,39,40
1267,21,39,40
1268,21,38,41
1269,20,39,41
1270,20,39,41
1271,20,39,41
1272,20,39,41
1273,20,39,41
1274,20,39,41
1275,20,38,42
1276,19,39,42
1277,19,39,42
1278,19,38,43
1279,19,38,43
1280,19,37,44
1281,19,37,44
1282,19,37,44
1283,18,38,44
1284,18,38,44
1285,18,38,44
1286,18,38,44
1287,17,39,44
1288,16,40,44
1289,15,41,44
1290,15,41,44
1291,15,41,44
1292,15,41,44
1293,15,41,44
1294,15,41,44
1295,15,41,44
1296,15,41,44
1297,15,41,44
1298,15,41,44
1299,14,42,44
1300,14,42,44
1301,14,42,44
1302,14,42,44
1303,14,42,44
1304,14,42,44
1305,14,41,45
1306,14,41,45
1307,14,41,45
1308,14,41,45
1309,14,41,45
1310,14,41,45
1311,14,41,45
1312,14,41,45
1313,14,41,45
1314,14,41,45
1315,14,41,45
1316,14,41,45
1317,14,41,45
1318,14,41,45
1319,14,41,45
1320,14,41,45
1321,14,41,45
1322,13,42,45
1323,13,42,45
1324,13,41,46
1325,13,41,46
1326,13,41,46
1327,13,41,46
1328,13,41,46
1329,13,41,46
1330,13,41,46
1331,13,41,46
1332,12,42,46
1333,12,42,46
1334,12,42,46
1335,12,42,46
1336,12,40,48
1337,12,40,48
1338,12,40,48
1339,11,41,48
1340,11,40,49
1341,10,39,51
1342,10,39,51
1343,10,39,51
1344,10,39,51
1345,10,39,51
1346,10,39,51
1347,10,39,51
1348,10,39,51
1349,10,39,51
1350,10,39,51
1351,10,39,51
1352,10,39,51
1353,10,39,51
1354,10,39,51
1355,10,39,51
1356,10,39,51
1357,10,39,51
1358,10,39,51
1359,10,39,51
1360,10,38,52
1361,10,38,52
1362,10,38,52
1363,10,38,52
1364,10,38,52
1365,10,38,52
1366,10,37,53
1367,10,37,53
1368,10,37,53
1369,10,37,53
1370,9,38,53
1371,9,38,53
1372,9,38,53
1373,9,38,53
1374,9,37,54
1375,9,37,54
1376,9,37,54
1377,9,37,54
1378,8,38,54
1379,8,38,54
1380,8,38,54
1381,8,38,54
1382,8,38,54
1383,8,38,54
1384,8,38,54
1385,8,38,54
1386,8,38,54
1387,8,38,54
1388,8,38,54
1389,8,38,54
1390,8,38,54
1391,8,38,54
1392,8,38,54
1393,8,38,54
1394,8,38,54
1395,8,38,54
1396,8,38,54
1397,8,38,54
1398,8,38,54
1399,8,38,54
1400,8,38,54
1401,8,38,54
1402,8,38,54
1403,8,38,54
1404,8,38,54
1405,8,38,54
1406,8,38,54
1407,8,37,55
1408,8,37,55
1409,8,37,55
1410,8,37,55
1411,8,37,55
1412,8,37,55
1413,8,37,55
1414,8,37,55
1415,8,37,55
1416,8,37,55
1417,8,37,55
1418,8,37,55
1419,8,37,55
1420,8,37,55
1421,8,37,55
1422,8,37,55
1423,8,37,55
1424,8,37,55
1425,8,37,55
1426,8,37,55
1427,8,37,55
1428,8,37,55
1429,8,37,55
1430,8,37,55
1431,8,37,55
1432,8,37,55
1433,8,37,55
1434,8,37,55
1435,8,37,55
1436,8,37,55
1437,8,37,55
1438,8,37,55
1439,8,37,55
1440,7,38,55
1441,7,38,55
1442,7,38,55
1443,7,38,55
1444,7,38,55
1445,7,38,55
1446,7,38,55
1447,7,38,55
1448,6,39,55
1449,6,39,55
1450,5,40,55
1451,5,40,55
1452,5,40,55
1453,5,39,56
1454,5,39,56
1455,5,39,56
1456,5,39,56
1457,4,40,56
1458,4,40,56
1459,4,40,56
1460,4,40,56
1461,4,40,56
1462,4,40,56
1463,4,40,56
1464,4,40,56
1465,4,40,56
1466,4,39,57
1467,4,39,57
1468,4,39,57
1469,4,39,57
1470,4,39,57
1471,4,39,57
1472,4,39,57
1473,4,39,57
1474,4,38,58
1475,4,38,58
1476,4,38,58
1477,4,37,59
1478,4,36,60
1479,4,36,60
1480,4,36,60
1481,4,36,60
1482,4,36,60
1483,4,36,60
1484,4,36,60
1485,4,36,60
1486,4,36,60
1487,4,36,60
1488,4,36,60
1489,4,36,60
1490,4,35,61
1491,4,35,61
1492,4,35,61
1493,4,35,61
1494,4,35,61
1495,4,34,62
1496,4,34,62
1497,4,34,62
1498,4,34,62
1499,4,34,62
1500,4,34,62
1501,4,34,62
1502,4,34,62
1503,4,34,62
1504,4,34,62
1505,4,34,62
1506,4,34,62
1507,4,34,62
1508,4,34,62
1509,3,35,62
1510,3,35,62
1511,3,35,62
1512,3,35,62
1513,3,34,63
1514,3,34,63
1515,3,34,63
1516,3,34,63
1517,3,34,63
1518,3,34,63
1519,3,34,63
1520,3,34,63
1521,3,34,63
1522,3,33,64
1523,3,33,64
1524,3,33,64
1525,3,33,64
1526,3,33,64
1527,3,33,64
1528,3,33,64
1529,3,33,64
1530,3,33,64
1531,3,33,64
1532,3,33,64
1533,3,33,64
1534,3,33,64
1535,3,33,64
1536,3,33,64
1537,3,33,64
1538,3,33,64
1539,3,33,64
1540,3,33,64
1541,2,34,64
1542,2,34,64
1543,2,34,64
1544,2,34,64
1545,2,34,64
1546,2,34,64
1547,2,34,64
1548,2,34,64
1549,2,34,64
1550,2,34,64
1551,2,34,64
1552,2,34,64
1553,2,33,65
1554,2,33,65
1555,2,33,65
1556,2,33,65
1557,2,33,65
1558,2,32,66
1559,2,31,67
1560,2,31,67
1561,2,31,67
1562,2,31,67
1563,2,31,67
1564,2,31,67
1565,2,31,67
1566,2,31,67
1567,2,31,67
1568,2,31,67
1569,2,31,67
1570,2,31,67
1571,2,31,67
1572,2,31,67
1573,2,31,67
1574,2,31,67
1575,2,31,67
1576,2,31,67
1577,2,31,67
1578,1,32,67
1579,1,32,67
1580,1,32,67
1581,1,31,68
1582,1,31,68
1583,1,31,68
1584,1,30,69
1585,1,30,69
1586,1,30,69
1587,1,30,69
1588,1,30,69
1589,1,30,69
1590,1,30,69
1591,1,30,69
1592,1,30,69
1593,1,29,70
1594,1,29,70
1595,1,29,70
1596,1,29,70
1597,1,29,70
1598,1,29,70
1599,1,29,70
1600,1,29,70
1601,1,29,70
1602,1,28,71
1603,1,28,71
1604,1,28,71
1605,1,27,72
1606,1,27,72
1607,1,27,72
1608,1,27,72
1609,1,27,72
1610,1,27,72
1611,1,27,72
1612,1,26,73
1613,1,26,73
1614,1,26,73
1615,1,26,73
1616,1,26,73
1617,1,26,73
1618,1,26,73
1619,1,26,73
1620,1,26,73
1621,1,26,73
1622,1,26,73
1623,1,26,73
1624,1,26,73
1625,1,26,73
1626,1,26,73
1627,1,26,73
1628,1,26,73
1629,1,26,73
1630,1,26,73
1631,1,26,73
1632,1,26,73
1633,1,26,73
1634,1,26,73
1635,1,26,73
1636,1,26,73
1637,1,26,73
1638,1,26,73
1639,1,26,73
1640,1,26,73
1641,1,26,73
1642,1,26,73
1643,1,26,73
1644,1,26,73
1645,1,26,73
1646,1,26,73
1647,1,26,73
1648,1,26,73
1649,1,26,73
1650,1,26,73
1651,1,26,73
1652,1,26,73
1653,1,26,73
1654,1,26,73
1655,1,26,73
1656,1,26,73
1657,1,26,73
1658,1,26,73
1659,1,26,73
1660,1,26,73
1661,1,26,73
1662,1,26,73
1663,1,26,73
1664,1,26,73
1665,1,26,73
1666,1,26,73
1667,1,26,73
1668,1,26,73
1669,1,26,73
1670,1,26,73
1671,1,26,73
1672,1,26,73
1673,1,26,73
1674,1,26,73
1675,1,26,73
1676,1,26,73
1677,1,26,73
1678,1,26,73
1679,1,26,73
1680,1,26,73
1681,1,26,73
1682,1,26,73
1683,1,26,73
1684,1,26,73
1685,1,25,74
1686,1,25,74
1687,1,24,75
1688,1,24,75
1689,1,24,75
1690,1,24,75
1691,1,24,75
1692,1,24,75
1693,1,24,75
1694,1,24,75
1695,1,24,75
1696,1,24,75
1697,1,23,76
1698,1,23,76
1699,1,23,76
1700,1,23,76
1701,1,23,76
1702,1,23,76
1703,1,23,76
1704,1,23,76
1705,1,23,76
1706,1,23,76
1707,1,23,76
1708,1,23,76
1709,1,23,76
1710,1,23,76
1711,1,23,76
1712,1,23,76
1713,1,23,76
1714,1,23,76
1715,1,23,76
1716,1,23,76
1717,1,23,76
1718,1,23,76
1719,1,23,76
1720,1,23,76
1721,1,23,76
1722,1,23,76
1723,1,23,76
1724,1,23,76
1725,1,23,76
1726,1,23,76
1727,1,23,76
1728,1,23,76
1729,1,23,76
1730,1,23,76
1731,1,23,76
1732,1,23,76
1733,1,22,77
1734,1,22,77
1735,1,22,77
1736,1,22,77
1737,1,22,77
1738,1,22,77
1739,1,22,77
1740,1,22,77
1741,1,22,77
1742,1,21,78
1743,1,21,78
1744,1,21,78
1745,1,21,78
1746,1,21,78
1747,1,21,78
1748,1,21,78
1749,1,21,78
1750,1,21,78
1751,1,21,78
1752,1,21,78
1753,1,21,78
1754,1,21,78
1755,1,21,78
1756,1,21,78
1757,1,21,78
1758,1,21,78
1759,1,21,78
1760,1,21,78
1761,1,21,78
1762,1,21,78
1763,1,21,78
1764,1,21,78
1765,1,21,78
1766,1,21,78
1767,1,21,78
1768,1,21,78
1769,1,21,78
1770,1,21,78
1771,1,21,78
1772,1,21,78
1773,1,21,78
1774,1,21,78
1775,1,21,78
1776,1,21,78
1777,1,21,78
1778,1,21,78
1779,1,21,78
1780,1,21,78
1781,1,21,78
1782,1,21,78
1783,1,19,80
1784,1,19,80
1785,1,19,80
1786,1,19,80
1787,1,19,80
1788,1,18,81
1789,1,18,81
1790,1,18,81
1791,1,18,81
1792,1,18,81
1793,1,18,81
1794,1,18,81
1795,1,18,81
1796,1,18,81
1797,1,18,81
1798,1,18,81
1799,1,18,81
1800,1,18,81
1801,1,18,81
1802,1,18,81
1803,1,18,81
1804,1,18,81
1805,1,18,81
1806,1,18,81
1807,1,18,81
1808,1,18,81
1809,1,18,81
1810,1,18,81
1811,1,18,81
1812,1,18,81
1813,1,18,81
1814,1,18,81
1815,1,18,81
1816,1,18,81
1817,1,18,81
1818,1,18,81
1819,1,18,81
1820,1,18,81
1821,1,18,81
1822,1,18,81
1823,1,18,81
1824,1,18,81
1825,1,18,81
1826,1,17,82
1827,1,16,83
1828,1,16,83
1829,1,16,83
1830,1,16,83
1831,1,16,83
1832,1,16,83
1833,1,16,83
1834,1,16,83
1835,1,16,83
1836,1,16,83
1837,1,15,84
1838,1,15,84
1839,1,15,84
1840,1,14,85
1841,1,14,85
1842,1,14,85
1843,1,14,85
1844,1,14,85
1845,1,14,85
1846,1,14,85
1847,1,14,85
1848,1,14,85
1849,1,14,85
1850,1,14,85
1851,1,14,85
1852,1,14,85
1853,1,14,85
1854,1,14,85
1855,1,14,85
1856,1,14,85
1857,1,14,85
1858,1,13,86
1859,1,12,87
1860,1,12,87
1861,1,12,87
1862,1,12,87
1863,1,12,87
1864,1,11,88
1865,1,11,88
1866,1,11,88
1867,1,11,88
1868,1,11,88
1869,1,11,88
1870,1,11,88
1871,1,11,88
1872,1,11,88
1873,1,11,88
1874,1,11,88
1875,1,11,88
1876,1,11,88
1877,1,11,88
1878,1,11,88
1879,1,11,88
1880,1,11,88
1881,1,11,88
1882,1,11,88
1883,1,11,88
1884,1,11,88
1885,1,11,88
1886,1,11,88
1887,1,10,89
1888,1,10,89
1889,1,10,89
1890,1,10,89
1891,1,10,89
1892,1,10,89
1893,1,10,89
1894,1,10,89
1895,1,10,89
1896,1,10,89
1897,0,11,89
1898,0,11,89
1899,0,11,89
1900,0,11,89
1901,0,11,89
1902,0,11,89
1903,0,11,89
1904,0,11,89
1905,0,11,89
1906,0,11,89
1907,0,11,89
1908,0,11,89
1909,0,11,89
1910,0,11,89
1911,0,11,89
1912,0,11,89
1913,0,11,89
1914,0,11,89
1915,0,11,89
1916,0,11,89
1917,0,11,89
1918,0,11,89
1919,0,11,89
1920,0,11,89
1921,0,10,90
1922,0,10,90
1923,0,10,90
1924,0,10,90
1925,0,10,90
1926,0,10,90
1927,0,10,90
1928,0,10,90
1929,0,10,90
1930,0,10,90
1931,0,10,90
1932,0,10,90
1933,0,10,90
1934,0,10,90
1935,0,10,90
1936,0,10,90
1937,0,10,90
1938,0,10,90
1939,0,10,90
1940,0,10,90
1941,0,10,90
1942,0,10,90
1943,0,10,90
1944,0,10,90
1945,0,10,90
1946,0,10,90
1947,0,10,90
1948,0,9,91
1949,0,9,91
1950,0,9,91
1951,0,8,92
1952,0,8,92
1953,0,8,92
1954,0,7,93
1955,0,7,93
1956,0,7,93
1957,0,7,93
1958,0,7,93
1959,0,7,93
1960,0,7,93
1961,0,7,93
1962,0,7,93
1963,0,7,93
1964,0,7,93
1965,0,7,93
1966,0,7,93
1967,0,7,93
1968,0,7,93
1969,0,7,93
1970,0,7,93
1971,0,7,93
1972,0,7,93
1973,0,7,93
1974,0,7,93
1975,0,7,93
1976,0,7,93
1977,0,7,93
1978,0,7,93
1979,0,7,93
1980,0,7,93
1981,0,7,93
1982,0,7,93
1983,0,7,93
1984,0,7,93
1985,0,7,93
1986,0,7,93
1987,0,7,93
1988,0,7,93
1989,0,7,93
1990,0,7,93
1991,0,7,93
1992,0,7,93
1993,0,7,93
1994,0,7,93
1995,0,7,93
1996,0,7,93
1997,0,7,93
1998,0,7,93
1999,0,7,93
2000,0,7,93
2001,0,7,93
2002,0,7,93
2003,0,7,93
2004,0,7,93
2005,0,7,93
2006,0,7,93
2007,0,7,93
2008,0,7,93
2009,0,7,93
2010,0,7,93
2011,0,7,93
2012,0,7,93
2013,0,7,93
2014,0,7,93
2015,0,7,93
2016,0,7,93
2017,0,7,93
2018,0,7,93
2019,0,7,93
2020,0,7,93
2021,0,7,93
2022,0,7,93
2023,0,7,93
2024,0,7,93
2025,0,7,93
2026,0,7,93
2027,0,7,93
2028,0,7,93
2029,0,7,93
2030,0,7,93
2031,0,7,93
2032,0,7,93
2033,0,7,93
2034,0,7,93
2035,0,7,93
2036,0,7,93
2037,0,7,93
2038,0,7,93
2039,0,7,93
2040,0,7,93
2041,0,7,93
2042,0,7,93
2043,0,7,93
2044,0,7,93
2045,0,7,93
2046,0,7,93
2047,0,7,93
2048,0,7,93
2049,0,7,93
2050,0,7,93
2051,0,7,93
2052,0,7,93
2053,0,7,93
2054,0,7,93
2055,0,7,93
2056,0,7,93
2057,0,7,93
2058,0,7,93
2059,0,7,93
2060,0,7,93
2061,0,7,93
2062,0,7,93
2063,0,7,93
2064,0,7,93
2065,0,7,93
2066,0,7,93
2067,0,7,93
2068,0,7,93
2069,0,7,93
2070,0,7,93
2071,0,7,93
2072,0,7,93
2073,0,7,93
2074,0,7,93
2075,0,7,93
2076,0,7,93
2077,0,7,93
2078,0,6,94
2079,0,6,94
2080,0,6,94
2081,0,6,94
2082,0,6,94
2083,0,6,94
2084,0,6,94
2085,0,6,94
2086,0,6,94
2087,0,6,94
2088,0,6,94
2089,0,6,94
2090,0,6,94
2091,0,6,94
2092,0,6,94
2093,0,6,94
2094,0,6,94
2095,0,6,94
2096,0,6,94
2097,0,6,94
2098,0,6,94
2099,0,6,94
2100,0,6,94
2101,0,6,94
2102,0,6,94
2103,0,6,94
2104,0,6,94
2105,0,6,94
2106,0,6,94
2107,0,6,94
2108,0,6,94
2109,0,6,94
2110,0,6,94
2111,0,6,94
2112,0,6,94
2113,0,6,94
2114,0,6,94
2115,0,6,94
2116,0,6,94
2117,0,6,94
2118,0,6,94
2119,0,6,94
2120,0,6,94
2121,0,6,94
2122,0,6,94
2123,0,6,94
2124,0,6,94
2125,0,6,94
2126,0,6,94
2127,0,6,94
2128,0,6,94
2129,0,6,94
2130,0,6,94
2131,0,6,94
2132,0,6,94
2133,0,6,94
2134,0,6,94
2135,0,6,94
2136,0,6,94
2137,0,6,94
2138,0,6,94
2139,0,6,94
2140,0,6,94
2141,0,6,94
2142,0,6,94
2143,0,6,94
2144,0,6,94
2145,0,6,94
2146,0,6,94
2147,0,6,94
2148,0,6,94
2149,0,6,94
2150,0,6,94
2151,0,6,94
2152,0,6,94
2153,0,6,94
2154,0,6,94
2155,0,6,94
2156,0,6,94
2157,0,6,94
2158,0,6,94
2159,0,6,94
2160,0,6,94
2161,0,6,94
2162,0,6,94
2163,0,6,94
2164,0,6,94
2165,0,6,94
2166,0,6,94
2167,0,6,94
2168,0,6,94
2169,0,6,94
2170,0,6,94
2171,0,6,94
2172,0,6,94
2173,0,6,94
2174,0,6,94
2175,0,6,94
2176,0,6,94
2177,0,6,94
2178,0,6,94
2179,0,6,94
2180,0,6,94
2181,0,6,94
2182,0,6,94
2183,0,6,94
2184,0,6,94
2185,0,6,94
2186,0,6,94
2187,0,6,94
2188,0,6,94
2189,0,6,94
2190,0,6,94
2191,0,6,94
2192,0,6,94
2193,0,6,94
2194,0,6,94
2195,0,6,94
2196,0,6,94
2197,0,6,94
2198,0,6,94
2199,0,6,94
2200,0,6,94
2201,0,6,94
2202,0,6,94
2203,0,6,94
2204,0,6,94
2205,0,6,94
2206,0,6,94
2207,0,6,94
2208,0,6,94
2209,0,6,94
2210,0,6,94
2211,0,6,94
2212,0,6,94
2213,0,6,94
2214,0,6,94
2215,0,6,94
2216,0,6,94
2217,0,6,94
2218,0,6,94
2219,0,6,94
2220,0,6,94
2221,0,6,94
2222,0,6,94
2223,0,6,94
2224,0,6,94
2225,0,6,94
2226,0,6,94
2227,0,6,94
2228,0,6,94
2229,0,6,94
2230,0,6,94
2231,0,6,94
2232,0,6,94
2233,0,6,94
2234,0,6,94
2235,0,6,94
2236,0,6,94
2237,0,6,94
2238,0,6,94
2239,0,6,94
2240,0,6,94
2241,0,6,94
2242,0,6,94
2243,0,6,94
2244,0,6,94
2245,0,6,94
2246,0,6,94
2247,0,6,94
2248,0,6,94
2249,0,6,94
2250,0,6,94
2251,0,6,94
2252,0,6,94
2253,0,6,94
2254,0,6,94
2255,0,6,94
2256,0,6,94
2257,0,6,94
2258,0,6,94
2259,0,6,94
2260,0,6,94
2261,0,6,94
2262,0,6,94
2263,0,6,94
2264,0,6,94
2265,0,6,94
2266,0,6,94
2267,0,6,94
2268,0,6,94
2269,0,6,94
2270,0,6,94
2271,0,6,94
2272,0,6,94
2273,0,6,94
2274,0,6,94
2275,0,6,94
2276,0,6,94
2277,0,6,94
2278,0,6,94
2279,0,6,94
2280,0,6,94
2281,0,6,94
2282,0,6,94
2283,0,6,94
2284,0,6,94
2285,0,6,94
2286,0,6,94
2287,0,6,94
2288,0,6,94
2289,0,6,94
2290,0,6,94
2291,0,6,94
2292,0,6,94
2293,0,6,94
2294,0,6,94
2295,0,6,94
2296,0,5,95
2297,0,5,95
2298,0,5,95
2299,0,5,95
2300,0,5,95
2301,0,5,95
2302,0,5,95
2303,0,5,95
2304,0,5,95
2305,0,5,95
2306,0,5,95
2307,0,5,95
2308,0,5,95
2309,0,5,95
2310,0,5,95
2311,0,5,95
2312,0,5,95
2313,0,5,95
2314,0,5,95
2315,0,5,95
2316,0,5,95
2317,0,5,95
2318,0,5,95
2319,0,5,95
2320,0,5,95
2321,0,5,95
2322,0,5,95
2323,0,5,95
2324,0,5,95
2325,0,5,95
2326,0,5,95
2327,0,5,95
2328,0,5,95
2329,0,5,95
2330,0,5,95
2331,0,5,95
2332,0,5,95
2333,0,5,95
2334,0,5,95
2335,0,5,95
2336,0,5,95
2337,0,5,95
2338,0,5,95
2339,0,5,95
2340,0,5,95
2341,0,5,95
2342,0,5,95
2343,0,5,95
2344,0,4,96
2345,0,4,96
2346,0,3,97
2347,0,3,97
2348,0,3,97
2349,0,3,97
2350,0,3,97
2351,0,3,97
2352,0,3,97
2353,0,3,97
2354,0,3,97
2355,0,3,97
2356,0,3,97
2357,0,3,97
2358,0,3,97
2359,0,3,97
2360,0,3,97
2361,0,3,97
2362,0,3,97
2363,0,3,97
2364,0,3,97
2365,0,3,97
2366,0,3,97
2367,0,3,97
2368,0,3,97
2369,0,3,97
2370,0,3,97
2371,0,3,97
2372,0,3,97
2373,0,3,97
2374,0,3,97
2375,0,3,97
2376,0,3,97
2377,0,3,97
2378,0,3,97
2379,0,3,97
2380,0,3,97
2381,0,3,97
2382,0,3,97
2383,0,3,97
2384,0,3,97
2385,0,3,97
2386,0,3,97
2387,0,3,97
2388,0,3,97
2389,0,3,97
2390,0,3,97
2391,0,3,97
2392,0,3,97
2393,0,3,97
2394,0,3,97
2395,0,3,97
2396,0,3,97
2397,0,3,97
2398,0,3,97
2399,0,3,97
2400,0,3,97
2401,0,3,97
2402,0,3,97
2403,0,3,97
2404,0,3,97
2405,0,3,97
2406,0,3,97
2407,0,3,97
2408,0,3,97
2409,0,3,97
2410,0,3,97
2411,0,3,97
2412,0,3,97
2413,0,3,97
2414,0,3,97
2415,0,3,97
2416,0,3,97
2417,0,3,97
2418,0,3,97
2419,0,3,97
2420,0,3,97
2421,0,3,97
2422,0,3,97
2423,0,3,97
2424,0,3,97
2425,0,3,97
2426,0,3,97
2427,0,3,97
2428,0,3,97
2429,0,3,97
2430,0,3,97
2431,0,3,97
2432,0,3,97
2433,0,3,97
2434,0,3,97
2435,0,3,97
2436,0,3,97
2437,0,3,97
2438,0,3,97
2439,0,3,97
2440,0,3,97
2441,0,3,97
2442,0,3,97
2443,0,3,97
2444,0,3,97
2445,0,3,97
2446,0,3,97
2447,0,3,97
2448,0,3,97
2449,0,3,97
2450,0,3,97
2451,0,3,97
2452,0,3,97
2453,0,3,97
2454,0,3,97
2455,0,3,97
2456,0,3,97
2457,0,3,97
2458,0,3,97
2459,0,3,97
2460,0,3,97
2461,0,3,97
2462,0,3,97
2463,0,3,97
2464,0,3,97
2465,0,3,97
2466,0,3,97
2467,0,3,97
2468,0,3,97
2469,0,3,97
2470,0,3,97
2471,0,3,97
2472,0,3,97
2473,0,3,97
2474,0,3,97
2475,0,3,97
2476,0,3,97
2477,0,3,97
2478,0,3,97
2479,0,3,97
2480,0,3,97
2481,0,3,97
2482,0,3,97
2483,0,3,97
2484,0,3,97
2485,0,3,97
2486,0,3,97
2487,0,3,97
2488,0,3,97
2489,0,3,97
2490,0,3,97
2491,0,3,97
2492,0,3,97
2493,0,3,97
2494,0,3,97
2495,0,3,97
2496,0,3,97
2497,0,3,97
2498,0,3,97
2499,0,3,97
2500,0,3,97
2501,0,3,97
2502,0,3,97
2503,0,3,97
2504,0,3,97
2505,0,3,97
2506,0,3,97
2507,0,3,97
2508,0,3,97
2509,0,3,97
2510,0,3,97
2511,0,3,97
2512,0,3,97
2513,0,3,97
2514,0,3,97
2515,0,3,97
2516,0,3,97
2517,0,3,97
2518,0,3,97
2519,0,3,97
2520,0,3,97
2521,0,3,97
2522,0,3,97
2523,0,3,97
2524,0,3,97
2525,0,3,97
2526,0,3,97
2527,0,3,97
2528,0,3,97
2529,0,3,97
2530,0,3,97
2531,0,3,97
2532,0,3,97
2533,0,3,97
2534,0,3,97
2535,0,3,97
2536,0,3,97
2537,0,3,97
2538,0,3,97
2539,0,3,97
2540,0,3,97
2541,0,3,97
2542,0,3,97
2543,0,3,97
2544,0,3,97
2545,0,3,97
2546,0,3,97
2547,0,3,97
2548,0,3,97
2549,0,3,97
2550,0,3,97
2551,0,3,97
2552,0,3,97
2553,0,3,97
2554,0,3,97
2555,0,3,97
2556,0,3,97
2557,0,3,97
2558,0,3,97
2559,0,3,97
2560,0,3,97
2561,0,3,97
2562,0,3,97
2563,0,3,97
2564,0,3,97
2565,0,3,97
2566,0,3,97
2567,0,3,97
2568,0,3,97
2569,0,3,97
2570,0,3,97
2571,0,3,97
2572,0,3,97
2573,0,3,97
2574,0,3,97
2575,0,3,97
2576,0,3,97
2577,0,3,97
2578,0,3,97
2579,0,3,97
2580,0,3,97
2581,0,3,97
2582,0,3,97
2583,0,3,97
2584,0,3,97
2585,0,3,97
2586,0,3,97
2587,0,3,97
2588,0,3,97
2589,0,3,97
2590,0,3,97
2591,0,3,97
2592,0,3,97
2593,0,3,97
2594,0,2,98
2595,0,2,98
2596,0,2,98
2597,0,2,98
2598,0,2,98
2599,0,2,98
2600,0,2,98
2601,0,2,98
2602,0,2,98
2603,0,2,98
2604,0,2,98
2605,0,2,98
2606,0,2,98
2607,0,2,98
2608,0,2,98
2609,0,2,98
2610,0,2,98
2611,0,2,98
2612,0,2,98
2613,0,2,98
2614,0,2,98
2615,0,2,98
2616,0,2,98
2617,0,2,98
2618,0,2,98
2619,0,2,98
2620,0,2,98
2621,0,2,98
2622,0,2,98
2623,0,2,98
2624,0,2,98
2625,0,2,98
2626,0,2,98
2627,0,2,98
2628,0,2,98
2629,0,2,98
2630,0,2,98
2631,0,2,98
2632,0,2,98
2633,0,2,98
2634,0,2,98
2635,0,2,98
2636,0,2,98
2637,0,2,98
2638,0,2,98
2639,0,2,98
2640,0,2,98
2641,0,2,98
2642,0,2,98
2643,0,2,98
2644,0,2,98
2645,0,2,98
2646,0,2,98
2647,0,2,98
2648,0,2,98
2649,0,2,98
2650,0,2,98
2651,0,2,98
2652,0,2,98
2653,0,2,98
2654,0,2,98
2655,0,2,98
2656,0,2,98
2657,0,2,98
2658,0,2,98
2659,0,2,98
2660,0,2,98
2661,0,2,98
2662,0,2,98
2663,0,2,98
2664,0,2,98
2665,0,2,98
2666,0,2,98
2667,0,2,98
2668,0,2,98
2669,0,2,98
2670,0,2,98
2671,0,2,98
2672,0,2,98
2673,0,2,98
2674,0,2,98
2675,0,2,98
2676,0,2,98
2677,0,1,99
2678,0,1,99
2679,0,1,99
2680,0,1,99
2681,0,1,99
2682,0,1,99
2683,0,1,99
2684,0,1,99
2685,0,1,99
2686,0,1,99
2687,0,1,99
2688,0,1,99
2689,0,1,99
2690,0,1,99
2691,0,1,99
2692,0,1,99
2693,0,1,99
2694,0,1,99
2695,0,1,99
2696,0,1,99
2697,0,1,99
2698,0,1,99
2699,0,1,99
2700,0,1,99
2701,0,1,99
2702,0,1,99
2703,0,1,99
2704,0,1,99
2705,0,1,99
2706,0,1,99
2707,0,1,99
2708,0,1,99
2709,0,1,99
2710,0,1,99
2711,0,1,99
2712,0,1,99
2713,0,1,99
2714,0,1,99
2715,0,1,99
2716,0,1,99
2717,0,1,99
2718,0,1,99
2719,0,1,99
2720,0,1,99
2721,0,1,99
2722,0,1,99
2723,0,1,99
2724,0,1,99
2725,0,1,99
2726,0,1,99
2727,0,1,99
2728,0,1,99
2729,0,1,99
2730,0,1,99
2731,0,1,99
2732,0,1,99
2733,0,1,99
2734,0,1,99
2735,0,1,99
2736,0,1,99
2737,0,1,99
2738,0,1,99
2739,0,1,99
2740,0,1,99
2741,0,1,99
2742,0,1,99
2743,0,1,99
2744,0,1,99
2745,0,1,99
2746,0,1,99
2747,0,1,99
2748,0,1,99
2749,0,1,99
2750,0,1,99
2751,0,1,99
2752,0,1,99
2753,0,1,99
2754,0,1,99
2755,0,1,99
2756,0,1,99
2757,0,1,99
2758,0,1,99
2759,0,1,99
2760,0,1,99
2761,0,1,99
2762,0,1,99
2763,0,1,99
2764,0,1,99
2765,0,1,99
2766,0,1,99
2767,0,1,99
2768,0,1,99
2769,0,1,99
2770,0,1,99
2771,0,1,99
2772,0,1,99
2773,0,1,99
2774,0,1,99
2775,0,1,99
2776,0,1,99
2777,0,1,99
2778,0,1,99
2779,0,1,99
2780,0,1,99
2781,0,1,99
2782,0,1,99
2783,0,1,99
2784,0,1,99
2785,0,1,99
2786,0,1,99
2787,0,1,99
2788,0,1,99
2789,0,1,99
2790,0,1,99
2791,0,1,99
2792,0,1,99
2793,0,1,99
2794,0,1,99
2795,0,1,99
2796,0,1,99
2797,0,1,99
2798,0,1,99
2799,0,1,99
2800,0,1,99
2801,0,1,99
2802,0,1,99
2803,0,1,99
2804,0,1,99
2805,0,1,99
2806,0,1,99
2807,0,1,99
2808,0,1,99
2809,0,1,99
2810,0,1,99
2811,0,1,99
2812,0,1,99
2813,0,1,99
2814,0,1,99
2815,0,1,99
2816,0,1,99
2817,0,1,99
2818,0,1,99
2819,0,1,99
2820,0,1,99
2821,0,1,99
2822,0,1,99
2823,0,1,99
2824,0,1,99
2825,0,1,99
2826,0,1,99
2827,0,1,99
2828,0,1,99
2829,0,1,99
2830,0,1,99
2831,0,1,99
2832,0,1,99
2833,0,1,99
2834,0,1,99
2835,0,1,99
2836,0,1,99
2837,0,1,99
2838,0,1,99
2839,0,1,99
2840,0,1,99
2841,0,1,99
2842,0,1,99
2843,0,1,99
2844,0,1,99
2845,0,1,99
2846,0,1,99
2847,0,1,99
2848,0,1,99
2849,0,1,99
2850,0,1,99
2851,0,1,99
2852,0,1,99
2853,0,1,99
2854,0,1,99
2855,0,1,99
2856,0,1,99
2857,0,1,99
2858,0,1,99
2859,0,1,99
2860,0,1,99
2861,0,1,99
2862,0,1,99
2863,0,1,99
2864,0,1,99
2865,0,1,99
2866,0,1,99
2867,0,1,99
2868,0,1,99
2869,0,1,99
2870,0,1,99
2871,0,1,99
2872,0,1,99
2873,0,1,99
2874,0,1,99
2875,0,1,99
2876,0,1,99
2877,0,1,99
2878,0,1,99
2879,0,1,99
2880,0,1,99
2881,0,1,99
2882,0,1,99
2883,0,1,99
2884,0,1,99
2885,0,1,99
2886,0,1,99
2887,0,1,99
2888,0,1,99
2889,0,1,99
2890,0,1,99
2891,0,1,99
2892,0,1,99
2893,0,1,99
2894,0,1,99
2895,0,1,99
2896,0,1,99
2897,0,1,99
2898,0,1,99
2899,0,1,99
2900,0,1,99
2901,0,1,99
2902,0,1,99
2903,0,1,99
2904,0,1,99
2905,0,1,99
2906,0,1,99
2907,0,1,99
2908,0,1,99
2909,0,1,99
2910,0,1,99
2911,0,1,99
2912,0,1,99
2913,0,1,99
2914,0,1,99
2915,0,1,99
2916,0,1,99
2917,0,1,99
2918,0,1,99
2919,0,1,99
2920,0,1,99
2921,0,1,99
2922,0,1,99
2923,0,1,99
2924,0,1,99
2925,0,1,99
2926,0,1,99
2927,0,1,99
2928,0,1,99
2929,0,1,99
2930,0,1,99
2931,0,1,99
2932,0,1,99
2933,0,1,99
2934,0,1,99
2935,0,1,99
2936,0,1,99
2937,0,1,99
2938,0,1,99
2939,0,1,99
2940,0,1,99
2941,0,1,99
2942,0,1,99
2943,0,1,99
2944,0,1,99
2945,0,1,99
2946,0,1,99
2947,0,1,99
2948,0,1,99
2949,0,1,99
2950,0,1,99
2951,0,1,99
2952,0,1,99
2953,0,1,99
2954,0,1,99
2955,0,1,99
2956,0,1,99
2957,0,1,99
2958,0,1,99
2959,0,1,99
2960,0,1,99
2961,0,1,99
2962,0,1,99
2963,0,1,99
2964,0,1,99
2965,0,1,99
2966,0,1,99
2967,0,1,99
2968,0,1,99
2969,0,1,99
2970,0,1,99
2971,0,1,99
2972,0,1,99
2973,0,1,99
2974,0,1,99
2975,0,1,99
2976,0,1,99
2977,0,1,99
2978,0,1,99
2979,0,1,99
2980,0,1,99
2981,0,1,99
2982,0,1,99
2983,0,1,99
2984,0,1,99
2985,0,1,99
2986,0,1,99
2987,0,1,99
2988,0,1,99
2989,0,1,99
2990,0,1,99
2991,0,1,99
2992,0,1,99
2993,0,1,99
2994,0,1,99
2995,0,1,99
2996,0,1,99
2997,0,1,99
2998,0,1,99
2999,0,1,99
3000,0,1,99
