Time,Healthy,Undetectable,Detectable
0,97,3,0
1,97,3,0
2,97,3,0
3,97,3,0
4,97,3,0
5,97,3,0
6,97,3,0
7,97,3,0
8,97,3,0
9,97,3,0
10,97,3,0
11,97,3,0
12,97,3,0
13,97,3,0
14,97,3,0
15,97,3,0
16,97,3,0
17,97,3,0
18,97,3,0
19,97,3,0
20,97,3,0
21,97,3,0
22,97,3,0
23,97,3,0
24,97,3,0
25,97,3,0
26,97,3,0
27,97,3,0
28,97,3,0
29,97,3,0
30,97,3,0
31,97,3,0
32,97,3,0
33,97,3,0
34,97,3,0
35,97,3,0
36,97,3,0
37,97,3,0
38,97,3,0
39,97,3,0
40,97,3,0
41,97,3,0
42,97,3,0
43,97,3,0
44,97,3,0
45,97,3,0
46,97,3,0
47,97,3,0
48,97,3,0
49,97,3,0
50,97,3,0
51,97,3,0
52,97,3,0
53,97,3,0
54,97,3,0
55,97,3,0
56,97,3,0
57,97,3,0
58,97,3,0
59,97,3,0
60,97,3,0
61,97,3,0
62,97,3,0
63,97,3,0
64,97,3,0
65,97,3,0
66,97,3,0
67,97,3,0
68,97,3,0
69,97,3,0
70,97,3,0
71,97,3,0
72,97,3,0
73,97,3,0
74,97,3,0
75,97,3,0
76,97,3,0
77,97,3,0
78,97,3,0
79,97,3,0
80,97,3,0
81,97,3,0
82,97,3,0
83,97,3,0
84,97,3,0
85,97,3,0
86,97,3,0
87,97,3,0
88,97,3,0
89,97,3,0
90,97,3,0
91,97,3,0
92,97,3,0
93,97,3,0
94,97,3,0
95,97,3,0
96,97,3,0
97,97,3,0
98,97,3,0
99,97,3,0
100,97,3,0
101,97,3,0
102,97,3,0
103,97,3,0
104,97,3,0
105,97,3,0
106,97,3,0
107,97,3,0
108,97,3,0
109,97,3,0
110,97,3,0
111,97,3,0
112,97,3,0
113,97,3,0
114,97,3,0
115,97,3,0
116,97,3,0
117,97,3,0
118,97,3,0
119,97,3,0
120,97,3,0
121,97,3,0
122,97,3,0
123,97,3,0
124,97,3,0
125,97,3,0
126,97,3,0
127,97,3,0
128,97,3,0
129,97,3,0
130,97,3,0
131,97,3,0
132,97,3,0
133,97,3,0
134,97,3,0
135,97,3,0
136,97,3,0
137,97,3,0
138,97,3,0
139,97,3,0
140,97,3,0
141,97,3,0
142,97,3,0
143,97,3,0
144,97,3,0
145,97,3,0
146,97,3,0
147,97,3,0
148,97,3,0
149,97,3,0
150,97,3,0
151,97,3,0
152,97,3,0
153,97,3,0
154,97,3,0
155,97,3,0
156,97,3,0
157,97,3,0
158,97,3,0
159,97,3,0
160,97,3,0
161,97,3,0
162,97,3,0
163,97,3,0
164,97,3,0
165,97,3,0
166,97,3,0
167,97,3,0
168,97,3,0
169,97,3,0
170,97,3,0
171,97,3,0
172,97,3,0
173,97,3,0
174,97,3,0
175,97,3,0
176,97,3,0
177,97,3,0
178,97,3,0
179,97,3,0
180,97,3,0
181,97,3,0
182,97,3,0
183,97,3,0
184,97,3,0
185,97,3,0
186,97,3,0
187,97,3,0
188,97,3,0
189,97,3,0
190,97,3,0
191,97,3,0
192,97,3,0
193,97,3,0
194,97,3,0
195,97,3,0
196,97,3,0
197,97,3,0
198,97,3,0
199,97,3,0
200,97,3,0
201,97,3,0
202,97,3,0
203,97,3,0
204,97,3,0
205,97,3,0
206,97,3,0
207,97,3,0
208,97,3,0
209,97,3,0
210,97,3,0
211,97,3,0
212,97,3,0
213,97,3,0
214,97,3,0
215,97,3,0
216,97,3,0
217,97,3,0
218,97,3,0
219,97,3,0
220,97,3,0
221,97,3,0
222,97,3,0
223,97,3,0
224,97,3,0
225,97,3,0
226,97,3,0
227,97,3,0
228,97,3,0
229,97,3,0
230,97,3,0
231,97,3,0
232,97,3,0
233,97,3,0
234,97,3,0
235,97,3,0
236,97,3,0
237,97,3,0
238,97,3,0
239,97,3,0
240,97,3,0
241,97,3,0
242,97,3,0
243,97,3,0
244,97,3,0
245,97,3,0
246,97,3,0
247,97,3,0
248,97,3,0
249,97,3,0
250,97,3,0
251,97,3,0
252,97,3,0
253,97,3,0
254,97,3,0
255,97,3,0
256,97,3,0
257,97,3,0
258,97,3,0
259,97,3,0
260,97,3,0
261,97,3,0
262,97,3,0
263,97,3,0
264,97,3,0
265,97,3,0
266,97,3,0
267,97,3,0
268,97,3,0
269,97,3,0
270,97,3,0
271,97,3,0
272,97,3,0
273,97,3,0
274,97,3,0
275,97,3,0
276,97,3,0
277,97,3,0
278,97,3,0
279,97,3,0
280,97,3,0
281,97,3,0
282,97,3,0
283,97,3,0
284,97,3,0
285,97,3,0
286,97,3,0
287,97,3,0
288,97,3,0
289,97,3,0
290,97,3,0
291,97,3,0
292,97,3,0
293,97,3,0
294,97,3,0
295,97,3,0
296,97,3,0
297,97,3,0
298,97,3,0
299,97,3,0
300,97,3,0
301,97,3,0
302,97,3,0
303,97,3,0
304,97,3,0
305,97,3,0
306,97,3,0
307,97,3,0
308,97,3,0
309,97,3,0
310,97,3,0
311,97,3,0
312,97,3,0
313,97,3,0
314,97,3,0
315,97,3,0
316,97,3,0
317,97,3,0
318,97,3,0
319,97,3,0
320,97,3,0
321,97,3,0
322,97,3,0
323,97,3,0
324,97,3,0
325,97,3,0
326,97,3,0
327,97,3,0
328,97,3,0
329,97,3,0
330,97,3,0
331,97,3,0
332,97,3,0
333,97,3,0
334,97,3,0
335,97,3,0
336,97,3,0
337,97,3,0
338,97,3,0
339,97,3,0
340,97,3,0
341,97,3,0
342,97,3,0
343,97,3,0
344,97,3,0
345,97,3,0
346,97,3,0
347,97,3,0
348,97,3,0
349,97,3,0
350,97,3,0
351,97,3,0
352,97,3,0
353,97,3,0
354,97,3,0
355,97,3,0
356,97,3,0
357,97,3,0
358,97,3,0
359,97,3,0
360,97,3,0
361,97,3,0
362,97,3,0
363,97,3,0
364,97,3,0
365,97,3,0
366,97,3,0
367,97,3,0
368,97,3,0
369,97,3,0
370,97,3,0
371,97,3,0
372,97,3,0
373,97,3,0
374,97,3,0
375,97,3,0
376,97,3,0
377,97,3,0
378,97,3,0
379,97,3,0
380,97,3,0
381,97,3,0
382,97,3,0
383,97,3,0
384,97,3,0
385,97,3,0
386,97,3,0
387,97,3,0
388,97,3,0
389,97,3,0
390,97,3,0
391,97,3,0
392,97,3,0
393,97,3,0
394,97,3,0
395,97,3,0
396,97,3,0
397,97,3,0
398,97,3,0
399,97,3,0
400,97,3,0
401,97,3,0
402,97,3,0
403,97,3,0
404,97,3,0
405,97,3,0
406,97,3,0
407,97,3,0
408,97,3,0
409,97,3,0
410,97,3,0
411,97,3,0
412,97,3,0
413,97,3,0
414,97,3,0
415,97,3,0
416,97,3,0
417,97,3,0
418,97,3,0
419,97,3,0
420,97,3,0
421,97,3,0
422,97,3,0
423,97,3,0
424,97,3,0
425,97,3,0
426,97,3,0
427,97,3,0
428,97,3,0
429,97,3,0
430,97,3,0
431,97,3,0
432,97,3,0
433,97,3,0
434,97,3,0
435,97,3,0
436,97,3,0
437,97,3,0
438,97,3,0
439,97,3,0
440,97,3,0
441,97,3,0
442,97,3,0
443,97,3,0
444,97,3,0
445,97,3,0
446,97,3,0
447,97,3,0
448,97,3,0
449,97,3,0
450,97,3,0
451,97,3,0
452,97,3,0
453,97,3,0
454,97,3,0
455,97,3,0
456,97,3,0
457,97,3,0
458,97,3,0
459,97,3,0
460,97,3,0
461,97,3,0
462,97,3,0
463,97,3,0
464,97,3,0
465,97,3,0
466,97,3,0
467,97,3,0
468,97,3,0
469,97,3,0
470,97,3,0
471,97,3,0
472,97,3,0
473,97,3,0
474,97,3,0
475,97,3,0
476,97,3,0
477,97,3,0
478,97,3,0
479,97,3,0
480,97,3,0
481,97,3,0
482,97,3,0
483,97,3,0
484,97,3,0
485,97,3,0
486,97,3,0
487,97,3,0
488,97,3,0
489,97,3,0
490,97,3,0
491,97,3,0
492,97,3,0
493,97,3,0
494,97,3,0
495,97,3,0
496,97,3,0
497,97,3,0
498,97,3,0
499,97,3,0
500,97,3,0
501,97,3,0
502,97,3,0
503,97,3,0
504,97,3,0
505,97,3,0
506,97,3,0
507,97,3,0
508,97,3,0
509,97,3,0
510,97,3,0
511,97,3,0
512,97,3,0
513,97,3,0
514,97,3,0
515,97,3,0
516,97,3,0
517,97,3,0
518,97,3,0
519,97,3,0
520,97,3,0
521,97,3,0
522,97,3,0
523,97,3,0
524,97,3,0
525,97,3,0
526,97,3,0
527,97,3,0
528,97,3,0
529,97,3,0
530,97,3,0
531,97,3,0
532,97,3,0
533,97,3,0
534,97,3,0
535,97,3,0
536,97,3,0
537,97,3,0
538,97,3,0
539,97,3,0
540,97,3,0
541,97,3,0
542,97,3,0
543,97,3,0
544,97,3,0
545,97,3,0
546,97,3,0
547,97,3,0
548,97,3,0
549,97,3,0
550,97,3,0
551,97,3,0
552,97,3,0
553,97,3,0
554,97,3,0
555,97,3,0
556,97,3,0
557,97,3,0
558,97,3,0
559,97,3,0
560,97,3,0
561,97,3,0
562,97,3,0
563,97,3,0
564,97,3,0
565,97,3,0
566,97,3,0
567,97,3,0
568,97,3,0
569,97,3,0
570,97,3,0
571,97,3,0
572,97,3,0
573,97,3,0
574,97,3,0
575,97,3,0
576,97,3,0
577,97,3,0
578,97,3,0
579,97,3,0
580,97,3,0
581,97,3,0
582,97,3,0
583,97,3,0
584,97,3,0
585,97,3,0
586,97,3,0
587,97,3,0
588,97,3,0
589,97,3,0
590,97,3,0
591,97,3,0
592,97,3,0
593,97,3,0
594,97,3,0
595,97,3,0
596,97,3,0
597,97,3,0
598,97,3,0
599,97,3,0
600,97,3,0
601,97,3,0
602,97,3,0
603,97,3,0
604,97,3,0
605,97,3,0
606,97,3,0
607,97,3,0
608,97,3,0
609,97,3,0
610,97,3,0
611,97,3,0
612,97,3,0
613,97,3,0
614,97,3,0
615,97,3,0
616,97,3,0
617,97,3,0
618,97,3,0
619,97,3,0
620,97,3,0
621,97,3,0
622,97,3,0
623,97,3,0
624,97,3,0
625,97,3,0
626,97,3,0
627,97,3,0
628,97,3,0
629,97,3,0
630,97,3,0
631,97,3,0
632,97,3,0
633,97,3,0
634,97,3,0
635,97,3,0
636,97,3,0
637,97,3,0
638,97,3,0
639,97,3,0
640,97,3,0
641,97,3,0
642,97,3,0
643,97,3,0
644,97,3,0
645,97,3,0
646,97,3,0
647,97,3,0
648,97,3,0
649,97,3,0
650,97,3,0
651,97,3,0
652,97,3,0
653,97,3,0
654,97,3,0
655,97,3,0
656,97,3,0
657,97,3,0
658,97,3,0
659,97,3,0
660,97,2,1
661,97,2,1
662,97,2,1
663,97,2,1
664,97,2,1
665,97,2,1
666,97,2,1
667,97,2,1
668,97,2,1
669,97,2,1
670,97,2,1
671,97,2,1
672,97,2,1
673,97,2,1
674,97,2,1
675,97,2,1
676,97,2,1
677,97,2,1
678,97,2,1
679,97,2,1
680,97,2,1
681,97,2,1
682,97,2,1
683,97,2,1
684,97,2,1
685,97,2,1
686,97,2,1
687,97,2,1
688,97,2,1
689,97,2,1
690,97,2,1
691,97,2,1
692,97,2,1
693,97,2,1
694,97,2,1
695,97,2,1
696,97,2,1
697,97,2,1
698,97,2,1
699,97,2,1
700,97,2,1
701,97,2,1
702,97,2,1
703,97,2,1
704,97,2,1
705,97,2,1
706,97,2,1
707,97,2,1
708,97,2,1
709,97,2,1
710,97,2,1
711,97,2,1
712,97,2,1
713,97,2,1
714,97,2,1
715,97,2,1
716,97,2,1
717,97,2,1
718,97,2,1
719,97,2,1
720,97,2,1
721,97,2,1
722,97,2,1
723,97,2,1
724,97,2,1
725,97,2,1
726,97,2,1
727,97,2,1
728,97,2,1
729,97,2,1
730,97,2,1
731,97,2,1
732,97,2,1
733,97,2,1
734,97,2,1
735,97,2,1
736,97,2,1
737,97,2,1
738,97,2,1
739,97,2,1
740,97,2,1
741,97,2,1
742,97,2,1
743,97,2,1
744,97,2,1
745,97,2,1
746,97,2,1
747,97,2,1
748,97,2,1
749,97,2,1
750,97,2,1
751,97,2,1
752,97,2,1
753,97,2,1
754,97,2,1
755,97,2,1
756,97,2,1
757,97,2,1
758,97,2,1
759,97,2,1
760,97,2,1
761,97,2,1
762,97,2,1
763,97,2,1
764,97,2,1
765,97,2,1
766,97,2,1
767,97,2,1
768,97,2,1
769,97,2,1
770,97,2,1
771,97,2,1
772,97,2,1
773,97,2,1
774,97,2,1
775,96,3,1
776,96,3,1
777,96,3,1
778,96,3,1
779,96,3,1
780,96,3,1
781,96,3,1
782,96,3,1
783,96,3,1
784,96,3,1
785,96,3,1
786,96,3,1
787,96,3,1
788,96,3,1
789,96,3,1
790,96,3,1
791,96,3,1
792,96,3,1
793,96,3,1
794,96,3,1
795,96,3,1
796,96,3,1
797,96,3,1
798,96,3,1
799,96,3,1
800,96,3,1
801,96,3,1
802,96,3,1
803,96,3,1
804,96,3,1
805,96,3,1
806,96,3,1
807,96,3,1
808,96,3,1
809,96,3,1
810,96,3,1
811,96,3,1
812,96,3,1
813,96,3,1
814,96,3,1
815,96,3,1
816,96,3,1
817,96,3,1
818,96,3,1
819,96,3,1
820,96,3,1
821,96,3,1
822,96,3,1
823,96,3,1
824,96,3,1
825,96,3,1
826,96,3,1
827,96,3,1
828,96,3,1
829,96,3,1
830,96,3,1
831,96,3,1
832,96,3,1
833,96,3,1
834,96,3,1
835,96,3,1
836,96,3,1
837,96,3,1
838,96,3,1
839,96,3,1
840,96,3,1
841,96,3,1
842,96,3,1
843,96,3,1
844,96,3,1
845,96,3,1
846,96,3,1
847,96,3,1
848,96,3,1
849,96,3,1
850,96,3,1
851,96,3,1
852,96,3,1
853,96,3,1
854,96,3,1
855,96,3,1
856,96,3,1
857,96,3,1
858,96,3,1
859,96,2,2
860,96,2,2
861,96,2,2
862,96,2,2
863,96,2,2
864,96,2,2
865,96,2,2
866,96,2,2
867,96,2,2
868,96,2,2
869,96,2,2
870,96,2,2
871,96,2,2
872,96,2,2
873,96,2,2
874,96,2,2
875,96,2,2
876,96,2,2
877,96,2,2
878,96,2,2
879,96,2,2
880,96,2,2
881,96,2,2
882,96,2,2
883,96,2,2
884,96,2,2
885,96,2,2
886,96,2,2
887,96,2,2
888,96,2,2
889,96,2,2
890,96,2,2
891,96,2,2
892,96,2,2
893,96,2,2
894,96,2,2
895,96,2,2
896,96,2,2
897,96,2,2
898,96,2,2
899,96,2,2
900,96,2,2
901,96,2,2
902,96,2,2
903,96,2,2
904,96,2,2
905,96,2,2
906,96,2,2
907,96,2,2
908,96,2,2
909,96,2,2
910,96,2,2
911,96,2,2
912,96,2,2
913,96,2,2
914,96,2,2
915,96,2,2
916,96,2,2
917,96,2,2
918,96,2,2
919,96,2,2
920,96,2,2
921,96,2,2
922,96,2,2
923,96,2,2
924,96,2,2
925,96,2,2
926,96,2,2
927,96,2,2
928,96,2,2
929,96,2,2
930,96,2,2
931,96,2,2
932,96,2,2
933,96,2,2
934,96,2,2
935,96,2,2
936,96,2,2
937,96,2,2
938,96,2,2
939,96,2,2
940,96,2,2
941,96,2,2
942,96,2,2
943,96,2,2
944,96,2,2
945,96,2,2
946,96,2,2
947,96,2,2
948,96,2,2
949,96,2,2
950,96,2,2
951,96,2,2
952,96,2,2
953,96,2,2
954,96,2,2
955,96,2,2
956,96,2,2
957,96,2,2
958,96,2,2
959,96,2,2
960,95,3,2
961,95,3,2
962,95,3,2
963,95,3,2
964,95,3,2
965,95,3,2
966,95,3,2
967,95,3,2
968,95,3,2
969,95,3,2
970,95,3,2
971,95,3,2
972,95,3,2
973,95,3,2
974,95,3,2
975,95,3,2
976,95,3,2
977,95,3,2
978,95,3,2
979,95,3,2
980,95,3,2
981,95,3,2
982,95,3,2
983,95,3,2
984,95,3,2
985,95,3,2
986,95,3,2
987,95,3,2
988,95,3,2
989,95,3,2
990,95,3,2
991,95,3,2
992,95,3,2
993,95,3,2
994,95,3,2
995,95,3,2
996,95,3,2
997,95,3,2
998,95,3,2
999,95,3,2
1000,95,3,2
1001,95,3,2
1002,95,3,2
1003,95,3,2
1004,95,3,2
1005,95,3,2
1006,95,3,2
1007,95,3,2
1008,95,3,2
1009,95,3,2
1010,95,3,2
1011,95,3,2
1012,95,3,2
1013,95,3,2
1014,95,3,2
1015,95,3,2
1016,95,3,2
1017,95,3,2
1018,95,3,2
1019,95,3,2
1020,95,3,2
1021,95,3,2
1022,95,3,2
1023,95,3,2
1024,95,3,2
1025,95,3,2
1026,95,3,2
1027,95,3,2
1028,95,3,2
1029,95,3,2
1030,95,3,2
1031,95,3,2
1032,95,3,2
1033,95,3,2
1034,95,3,2
1035,95,3,2
1036,95,3,2
1037,95,3,2
1038,95,3,2
1039,95,3,2
1040,95,3,2
1041,95,3,2
1042,95,3,2
1043,95,3,2
1044,95,3,2
1045,95,3,2
1046,95,3,2
1047,95,3,2
1048,95,3,2
1049,95,3,2
1050,95,3,2
1051,95,3,2
1052,95,3,2
1053,95,3,2
1054,95,3,2
1055,95,3,2
1056,95,3,2
1057,95,3,2
1058,95,3,2
1059,95,3,2
1060,95,3,2
1061,95,3,2
1062,95,3,2
1063,95,3,2
1064,95,3,2
1065,95,3,2
1066,95,3,2
1067,95,3,2
1068,95,3,2
1069,95,3,2
1070,95,3,2
1071,95,3,2
1072,95,3,2
1073,95,3,2
1074,95,3,2
1075,95,3,2
1076,95,3,2
1077,95,3,2
1078,95,3,2
1079,95,3,2
1080,95,3,2
1081,95,3,2
1082,95,3,2
1083,95,3,2
1084,95,3,2
1085,95,3,2
1086,95,3,2
1087,95,3,2
1088,95,3,2
1089,95,3,2
1090,95,3,2
1091,95,3,2
1092,95,3,2
1093,95,3,2
1094,95,3,2
1095,95,3,2
1096,95,3,2
1097,95,3,2
1098,95,3,2
1099,95,3,2
1100,95,3,2
1101,95,3,2
1102,95,3,2
1103,95,3,2
1104,95,3,2
1105,95,3,2
1106,95,3,2
1107,95,3,2
1108,95,3,2
1109,95,3,2
1110,95,3,2
1111,95,3,2
1112,95,3,2
1113,95,3,2
1114,95,3,2
1115,95,3,2
1116,95,3,2
1117,95,3,2
1118,95,3,2
1119,95,3,2
1120,95,3,2
1121,95,3,2
1122,95,3,2
1123,95,3,2
1124,95,3,2
1125,94,4,2
1126,94,4,2
1127,94,4,2
1128,94,4,2
1129,94,4,2
1130,94,4,2
1131,94,4,2
1132,94,4,2
1133,94,4,2
1134,94,4,2
1135,94,4,2
1136,94,4,2
1137,94,4,2
1138,94,3,3
1139,94,3,3
1140,94,3,3
1141,94,3,3
1142,94,3,3
1143,94,3,3
1144,94,3,3
1145,94,3,3
1146,94,3,3
1147,94,3,3
1148,94,3,3
1149,94,3,3
1150,94,3,3
1151,94,3,3
1152,94,3,3
1153,94,3,3
1154,94,3,3
1155,94,3,3
1156,94,3,3
1157,94,3,3
1158,94,3,3
1159,94,3,3
1160,94,3,3
1161,94,3,3
1162,94,3,3
1163,94,3,3
1164,94,3,3
1165,94,3,3
1166,94,3,3
1167,94,3,3
1168,94,3,3
1169,94,3,3
1170,94,3,3
1171,94,3,3
1172,94,3,3
1173,94,3,3
1174,94,3,3
1175,94,3,3
1176,94,3,3
1177,94,3,3
1178,94,3,3
1179,94,3,3
1180,94,3,3
1181,94,3,3
1182,94,3,3
1183,94,3,3
1184,94,3,3
1185,94,3,3
1186,94,3,3
1187,94,3,3
1188,94,3,3
1189,94,3,3
1190,94,3,3
1191,94,3,3
1192,94,3,3
1193,94,3,3
1194,94,3,3
1195,94,3,3
1196,94,3,3
1197,94,3,3
1198,94,3,3
1199,94,3,3
1200,94,3,3
1201,94,3,3
1202,94,3,3
1203,94,3,3
1204,94,3,3
1205,94,3,3
1206,94,3,3
1207,94,3,3
1208,94,3,3
1209,94,3,3
1210,94,3,3
1211,94,3,3
1212,94,3,3
1213,94,3,3
1214,94,3,3
1215,94,3,3
1216,94,3,3
1217,94,3,3
1218,94,3,3
1219,94,3,3
1220,94,3,3
1221,94,3,3
1222,94,3,3
1223,94,3,3
1224,94,3,3
1225,94,3,3
1226,94,3,3
1227,94,3,3
1228,94,3,3
1229,94,2,4
1230,94,2,4
1231,94,2,4
1232,93,3,4
1233,93,3,4
1234,93,3,4
1235,93,3,4
1236,93,3,4
1237,93,3,4
1238,93,3,4
1239,93,3,4
1240,93,3,4
1241,93,3,4
1242,93,3,4
1243,93,3,4
1244,93,3,4
1245,93,3,4
1246,93,3,4
1247,93,3,4
1248,93,3,4
1249,93,3,4
1250,93,3,4
1251,93,3,4
1252,93,3,4
1253,93,3,4
1254,93,3,4
1255,93,3,4
1256,93,3,4
1257,93,3,4
1258,93,3,4
1259,93,3,4
1260,93,3,4
1261,93,3,4
1262,93,3,4
1263,93,3,4
1264,93,3,4
1265,93,3,4
1266,93,3,4
1267,93,3,4
1268,93,3,4
1269,93,3,4
1270,93,3,4
1271,93,3,4
1272,93,3,4
1273,93,3,4
1274,93,3,4
1275,93,3,4
1276,93,3,4
1277,93,3,4
1278,93,3,4
1279,93,3,4
1280,93,3,4
1281,93,3,4
1282,93,3,4
1283,93,3,4
1284,93,3,4
1285,93,3,4
1286,93,3,4
1287,93,3,4
1288,93,3,4
1289,92,4,4
1290,92,4,4
1291,92,4,4
1292,92,4,4
1293,92,4,4
1294,92,4,4
1295,92,4,4
1296,92,4,4
1297,92,4,4
1298,92,4,4
1299,92,4,4
1300,92,4,4
1301,92,4,4
1302,92,4,4
1303,92,4,4
1304,92,4,4
1305,92,4,4
1306,92,4,4
1307,92,4,4
1308,92,4,4
1309,92,4,4
1310,92,4,4
1311,92,4,4
1312,92,4,4
1313,92,4,4
1314,92,4,4
1315,92,4,4
1316,92,4,4
1317,92,4,4
1318,92,4,4
1319,92,4,4
1320,92,4,4
1321,92,4,4
1322,92,4,4
1323,92,4,4
1324,92,4,4
1325,92,4,4
1326,92,4,4
1327,92,4,4
1328,92,4,4
1329,92,4,4
1330,92,4,4
1331,92,4,4
1332,92,4,4
1333,92,4,4
1334,91,5,4
1335,91,5,4
1336,91,5,4
1337,91,5,4
1338,91,5,4
1339,91,5,4
1340,91,5,4
1341,91,5,4
1342,91,5,4
1343,91,5,4
1344,91,5,4
1345,91,5,4
1346,91,5,4
1347,91,5,4
1348,90,6,4
1349,90,6,4
1350,90,6,4
1351,90,6,4
1352,90,6,4
1353,90,6,4
1354,90,6,4
1355,90,6,4
1356,90,6,4
1357,90,6,4
1358,90,6,4
1359,90,6,4
1360,90,6,4
1361,90,6,4
1362,90,6,4
1363,90,6,4
1364,90,6,4
1365,89,7,4
1366,89,7,4
1367,89,7,4
1368,89,7,4
1369,89,7,4
1370,89,7,4
1371,89,7,4
1372,89,7,4
1373,89,7,4
1374,89,7,4
1375,89,7,4
1376,89,7,4
1377,89,7,4
1378,89,7,4
1379,88,8,4
1380,88,8,4
1381,88,8,4
1382,88,8,4
1383,88,8,4
1384,88,8,4
1385,88,8,4
1386,88,8,4
1387,88,8,4
1388,88,8,4
1389,88,8,4
1390,88,8,4
1391,88,8,4
1392,88,8,4
1393,88,8,4
1394,88,8,4
1395,88,8,4
1396,88,8,4
1397,88,8,4
1398,88,8,4
1399,88,8,4
1400,88,8,4
1401,88,8,4
1402,88,8,4
1403,88,8,4
1404,88,8,4
1405,88,8,4
1406,87,9,4
1407,86,10,4
1408,86,10,4
1409,86,10,4
1410,86,10,4
1411,86,10,4
1412,86,10,4
1413,86,10,4
1414,86,10,4
1415,86,10,4
1416,86,10,4
1417,86,10,4
1418,86,10,4
1419,86,10,4
1420,86,10,4
1421,86,10,4
1422,86,10,4
1423,86,10,4
1424,86,10,4
1425,86,10,4
1426,85,11,4
1427,85,11,4
1428,85,11,4
1429,85,11,4
1430,85,11,4
1431,85,11,4
1432,85,11,4
1433,85,10,5
1434,85,10,5
1435,85,10,5
1436,85,10,5
1437,85,10,5
1438,85,10,5
1439,85,10,5
1440,85,10,5
1441,85,9,6
1442,85,9,6
1443,85,9,6
1444,85,9,6
1445,85,9,6
1446,85,9,6
1447,85,9,6
1448,85,9,6
1449,85,9,6
1450,85,9,6
1451,85,9,6
1452,85,9,6
1453,85,9,6
1454,85,9,6
1455,85,9,6
1456,85,9,6
1457,85,9,6
1458,84,10,6
1459,84,10,6
1460,84,10,6
1461,83,11,6
1462,83,11,6
1463,83,11,6
1464,83,11,6
1465,83,11,6
1466,83,11,6
1467,83,11,6
1468,83,11,6
1469,83,11,6
1470,83,11,6
1471,83,11,6
1472,83,11,6
1473,83,11,6
1474,83,11,6
1475,83,11,6
1476,83,11,6
1477,83,11,6
1478,83,11,6
1479,83,11,6
1480,83,11,6
1481,83,11,6
1482,83,11,6
1483,82,12,6
1484,82,12,6
1485,82,12,6
1486,82,12,6
1487,82,12,6
1488,82,12,6
1489,82,12,6
1490,82,12,6
1491,81,13,6
1492,81,13,6
1493,81,13,6
1494,81,13,6
1495,81,13,6
1496,81,13,6
1497,81,13,6
1498,81,13,6
1499,81,13,6
1500,81,13,6
1501,81,13,6
1502,81,13,6
1503,81,13,6
1504,81,13,6
1505,81,13,6
1506,81,13,6
1507,81,13,6
1508,81,13,6
1509,81,13,6
1510,81,12,7
1511,81,12,7
1512,81,12,7
1513,81,11,8
1514,81,11,8
1515,81,11,8
1516,81,11,8
1517,81,11,8
1518,81,11,8
1519,81,10,9
1520,80,11,9
1521,80,11,9
1522,80,11,9
1523,80,11,9
1524,80,11,9
1525,80,11,9
1526,80,11,9
1527,80,11,9
1528,80,11,9
1529,80,11,9
1530,80,11,9
1531,80,11,9
1532,80,11,9
1533,80,11,9
1534,80,11,9
1535,80,11,9
1536,80,11,9
1537,80,11,9
1538,80,11,9
1539,80,11,9
1540,80,11,9
1541,80,11,9
1542,80,11,9
1543,80,11,9
1544,80,11,9
1545,80,11,9
1546,80,11,9
1547,80,11,9
1548,80,11,9
1549,80,11,9
1550,79,12,9
1551,79,12,9
1552,78,13,9
1553,78,13,9
1554,78,13,9
1555,78,13,9
1556,78,13,9
1557,78,13,9
1558,77,14,9
1559,77,14,9
1560,77,14,9
1561,77,14,9
1562,77,14,9
1563,77,14,9
1564,77,14,9
1565,77,14,9
1566,76,15,9
1567,76,15,9
1568,76,15,9
1569,75,16,9
1570,75,16,9
1571,75,16,9
1572,75,16,9
1573,75,16,9
1574,75,16,9
1575,74,17,9
1576,74,17,9
1577,74,17,9
1578,74,17,9
1579,74,17,9
1580,73,18,9
1581,73,18,9
1582,73,18,9
1583,73,18,9
1584,72,19,9
1585,72,19,9
1586,72,19,9
1587,72,19,9
1588,72,19,9
1589,72,19,9
1590,72,19,9
1591,72,19,9
1592,72,19,9
1593,72,19,9
1594,72,19,9
1595,72,19,9
1596,72,19,9
1597,72,19,9
1598,71,20,9
1599,71,20,9
1600,71,20,9
1601,71,20,9
1602,71,20,9
1603,71,20,9
1604,71,20,9
1605,70,21,9
1606,70,21,9
1607,70,21,9
1608,70,21,9
1609,70,21,9
1610,70,21,9
1611,69,22,9
1612,69,22,9
1613,69,22,9
1614,69,22,9
1615,69,22,9
1616,69,22,9
1617,69,22,9
1618,69,22,9
1619,69,22,9
1620,69,22,9
1621,68,22,10
1622,68,22,10
1623,68,22,10
1624,68,21,11
1625,68,21,11
1626,68,21,11
1627,68,21,11
1628,68,21,11
1629,68,21,11
1630,68,21,11
1631,68,20,12
1632,68,20,12
1633,68,20,12
1634,68,20,12
1635,68,20,12
1636,68,20,12
1637,68,20,12
1638,68,20,12
1639,68,20,12
1640,68,20,12
1641,68,20,12
1642,68,20,12
1643,68,20,12
1644,68,20,12
1645,67,21,12
1646,67,21,12
1647,67,21,12
1648,67,21,12
1649,67,21,12
1650,67,21,12
1651,67,21,12
1652,67,21,12
1653,67,21,12
1654,67,21,12
1655,67,21,12
1656,67,21,12
1657,67,21,12
1658,67,21,12
1659,67,21,12
1660,67,21,12
1661,67,21,12
1662,67,21,12
1663,67,21,12
1664,67,21,12
1665,67,21,12
1666,67,21,12
1667,67,21,12
1668,67,21,12
1669,67,21,12
1670,67,21,12
1671,67,21,12
1672,67,21,12
1673,67,21,12
1674,67,21,12
1675,67,21,12
1676,67,21,12
1677,67,21,12
1678,67,21,12
1679,67,21,12
1680,67,21,12
1681,67,20,13
1682,67,20,13
1683,67,20,13
1684,67,20,13
1685,67,20,13
1686,67,20,13
1687,67,20,13
1688,67,20,13
1689,67,20,13
1690,67,19,14
1691,67,19,14
1692,67,19,14
1693,67,18,15
1694,67,18,15
1695,67,18,15
1696,67,17,16
1697,67,17,16
1698,67,17,16
1699,67,17,16
1700,67,17,16
1701,67,17,16
1702,67,17,16
1703,67,17,16
1704,67,17,16
1705,67,17,16
1706,67,17,16
1707,67,17,16
1708,67,17,16
1709,67,17,16
1710,67,17,16
1711,67,17,16
1712,67,17,16
1713,67,17,16
1714,67,17,16
1715,67,17,16
1716,66,18,16
1717,66,18,16
1718,66,18,16
1719,66,18,16
1720,66,18,16
1721,66,18,16
1722,66,18,16
1723,66,18,16
1724,65,19,16
1725,65,19,16
1726,65,19,16
1727,65,19,16
1728,65,19,16
1729,65,19,16
1730,65,19,16
1731,65,19,16
1732,65,19,16
1733,65,18,17
1734,65,18,17
1735,65,18,17
1736,65,18,17
1737,65,18,17
1738,65,18,17
1739,65,18,17
1740,65,18,17
1741,65,17,18
1742,65,17,18
1743,65,17,18
1744,64,18,18
1745,64,18,18
1746,64,18,18
1747,64,18,18
1748,64,18,18
1749,64,18,18
1750,64,18,18
1751,64,18,18
1752,64,18,18
1753,63,19,18
1754,63,19,18
1755,63,19,18
1756,63,19,18
1757,63,19,18
1758,63,19,18
1759,63,19,18
1760,63,19,18
1761,63,19,18
1762,63,19,18
1763,63,19,18
1764,63,19,18
1765,63,19,18
1766,63,18,19
1767,62,19,19
1768,62,19,19
1769,61,20,19
1770,61,20,19
1771,61,20,19
1772,61,20,19
1773,61,19,20
1774,61,18,21
1775,61,18,21
1776,61,18,21
1777,61,18,21
1778,61,18,21
1779,61,18,21
1780,61,18,21
1781,61,18,21
1782,61,18,21
1783,61,18,21
1784,61,18,21
1785,61,18,21
1786,60,19,21
1787,60,19,21
1788,59,20,21
1789,59,20,21
1790,59,20,21
1791,59,20,21
1792,59,20,21
1793,59,20,21
1794,59,20,21
1795,58,21,21
1796,58,21,21
1797,58,21,21
1798,58,21,21
1799,58,21,21
1800,58,21,21
1801,58,21,21
1802,58,21,21
1803,58,21,21
1804,58,21,21
1805,58,21,21
1806,58,21,21
1807,58,21,21
1808,57,22,21
1809,56,23,21
1810,56,23,21
1811,55,24,21
1812,55,24,21
1813,55,24,21
1814,55,24,21
1815,55,24,21
1816,55,24,21
1817,55,24,21
1818,55,24,21
1819,55,24,21
1820,55,24,21
1821,55,24,21
1822,54,25,21
1823,54,25,21
1824,53,26,21
1825,53,26,21
1826,53,26,21
1827,52,27,21
1828,52,27,21
1829,52,27,21
1830,51,28,21
1831,50,28,22
1832,50,28,22
1833,50,28,22
1834,49,29,22
1835,49,29,22
1836,49,29,22
1837,49,29,22
1838,48,30,22
1839,47,31,22
1840,47,31,22
1841,47,31,22
1842,47,31,22
1843,47,31,22
1844,47,31,22
1845,47,31,22
1846,46,32,22
1847,46,32,22
1848,45,33,22
1849,44,34,22
1850,43,35,22
1851,43,35,22
1852,42,36,22
1853,42,36,22
1854,42,36,22
1855,42,36,22
1856,42,36,22
1857,42,35,23
1858,42,35,23
1859,42,35,23
1860,41,36,23
1861,41,36,23
1862,41,36,23
1863,41,36,23
1864,40,37,23
1865,39,38,23
1866,39,38,23
1867,39,38,23
1868,39,38,23
1869,39,38,23
1870,39,38,23
1871,39,38,23
1872,39,38,23
1873,39,38,23
1874,37,39,24
1875,37,39,24
1876,37,39,24
1877,37,39,24
1878,37,39,24
1879,37,39,24
1880,37,39,24
1881,37,39,24
1882,37,39,24
1883,37,39,24
1884,37,39,24
1885,37,39,24
1886,37,39,24
1887,37,39,24
1888,37,39,24
1889,37,39,24
1890,37,39,24
1891,37,39,24
1892,37,38,25
1893,37,37,26
1894,37,37,26
1895,37,37,26
1896,36,38,26
1897,36,38,26
1898,36,38,26
1899,36,38,26
1900,36,38,26
1901,36,38,26
1902,36,38,26
1903,36,37,27
1904,36,37,27
1905,36,37,27
1906,36,36,28
1907,36,36,28
1908,36,36,28
1909,36,36,28
1910,36,36,28
1911,35,37,28
1912,34,38,28
1913,34,38,28
1914,34,38,28
1915,34,38,28
1916,34,37,29
1917,34,37,29
1918,34,37,29
1919,33,38,29
1920,33,38,29
1921,33,36,31
1922,32,37,31
1923,32,37,31
1924,32,37,31
1925,32,37,31
1926,32,36,32
1927,32,36,32
1928,31,37,32
1929,31,37,32
1930,31,37,32
1931,31,37,32
1932,30,38,32
1933,30,38,32
1934,30,38,32
1935,30,38,32
1936,30,38,32
1937,30,38,32
1938,30,38,32
1939,30,38,32
1940,30,38,32
1941,30,38,32
1942,30,38,32
1943,30,37,33
1944,30,37,33
1945,30,37,33
1946,30,37,33
1947,30,37,33
1948,30,37,33
1949,30,37,33
1950,30,37,33
1951,30,37,33
1952,30,36,34
1953,30,36,34
1954,30,36,34
1955,30,35,35
1956,30,34,36
1957,30,34,36
1958,30,34,36
1959,30,34,36
1960,30,34,36
1961,29,35,36
1962,28,36,36
1963,27,37,36
1964,27,37,36
1965,27,37,36
1966,27,37,36
1967,27,37,36
1968,27,37,36
1969,26,38,36
1970,26,38,36
1971,26,38,36
1972,26,38,36
1973,26,38,36
1974,26,37,37
1975,26,37,37
1976,26,36,38
1977,26,36,38
1978,25,36,39
1979,25,36,39
1980,25,35,40
1981,25,35,40
1982,25,35,40
1983,25,35,40
1984,25,35,40
1985,25,35,40
1986,25,35,40
1987,25,35,40
1988,25,35,40
1989,25,35,40
1990,25,35,40
1991,25,35,40
1992,25,35,40
1993,25,35,40
1994,25,35,40
1995,25,35,40
1996,25,35,40
1997,25,35,40
1998,25,35,40
1999,24,36,40
2000,24,36,40
2001,24,36,40
2002,24,36,40
2003,24,35,41
2004,24,35,41
2005,24,35,41
2006,24,35,41
2007,23,36,41
2008,23,36,41
2009,23,36,41
2010,23,36,41
2011,23,36,41
2012,23,35,42
2013,23,35,42
2014,22,36,42
2015,22,36,42
2016,22,36,42
2017,22,36,42
2018,22,36,42
2019,22,36,42
2020,22,36,42
2021,22,36,42
2022,21,37,42
2023,21,37,42
2024,21,37,42
2025,21,37,42
2026,21,37,42
2027,21,37,42
2028,21,37,42
2029,21,37,42
2030,21,37,42
2031,21,37,42
2032,21,37,42
2033,21,37,42
2034,21,37,42
2035,21,37,42
2036,21,37,42
2037,21,37,42
2038,21,37,42
2039,21,37,42
2040,21,37,42
2041,21,37,42
2042,21,37,42
2043,20,38,42
2044,19,39,42
2045,19,39,42
2046,19,39,42
2047,19,39,42
2048,19,39,42
2049,19,39,42
2050,19,39,42
2051,18,40,42
2052,18,40,42
2053,18,40,42
2054,18,40,42
2055,17,41,42
2056,15,43,42
2057,14,44,42
2058,14,44,42
2059,14,43,43
2060,14,42,44
2061,14,42,44
2062,14,42,44
2063,14,42,44
2064,14,42,44
2065,14,42,44
2066,14,42,44
2067,14,42,44
2068,14,42,44
2069,13,43,44
2070,13,43,44
2071,13,42,45
2072,13,42,45
2073,13,41,46
2074,13,41,46
2075,13,41,46
2076,13,41,46
2077,13,41,46
2078,12,42,46
2079,12,41,47
2080,12,41,47
2081,12,41,47
2082,12,41,47
2083,12,41,47
2084,12,41,47
2085,12,41,47
2086,12,40,48
2087,12,40,48
2088,12,40,48
2089,12,40,48
2090,12,40,48
2091,12,40,48
2092,12,40,48
2093,12,40,48
2094,12,40,48
2095,12,40,48
2096,12,40,48
2097,11,41,48
2098,11,41,48
2099,10,42,48
2100,10,42,48
2101,9,43,48
2102,9,43,48
2103,9,43,48
2104,9,43,48
2105,9,43,48
2106,9,43,48
2107,9,43,48
2108,9,43,48
2109,9,43,48
2110,9,43,48
2111,9,42,49
2112,9,42,49
2113,9,42,49
2114,9,42,49
2115,9,42,49
2116,9,42,49
2117,9,42,49
2118,9,42,49
2119,9,42,49
2120,9,42,49
2121,9,42,49
2122,9,41,50
2123,9,41,50
2124,9,41,50
2125,9,41,50
2126,9,41,50
2127,9,41,50
2128,9,41,50
2129,9,41,50
2130,9,41,50
2131,9,41,50
2132,9,41,50
2133,9,41,50
2134,9,41,50
2135,9,41,50
2136,9,41,50
2137,9,41,50
2138,9,41,50
2139,9,41,50
2140,8,42,50
2141,8,42,50
2142,8,41,51
2143,8,40,52
2144,8,40,52
2145,8,40,52
2146,8,40,52
2147,8,40,52
2148,8,40,52
2149,8,40,52
2150,8,40,52
2151,8,40,52
2152,8,40,52
2153,7,41,52
2154,7,41,52
2155,7,41,52
2156,7,41,52
2157,7,41,52
2158,7,41,52
2159,7,40,53
2160,7,40,53
2161,7,40,53
2162,7,40,53
2163,7,40,53
2164,7,40,53
2165,7,40,53
2166,7,40,53
2167,7,40,53
2168,7,40,53
2169,7,40,53
2170,7,40,53
2171,7,40,53
2172,7,40,53
2173,7,40,53
2174,7,40,53
2175,7,40,53
2176,7,40,53
2177,7,40,53
2178,7,40,53
2179,7,40,53
2180,7,40,53
2181,7,40,53
2182,7,40,53
2183,7,40,53
2184,7,40,53
2185,7,40,53
2186,7,40,53
2187,7,40,53
2188,7,40,53
2189,7,40,53
2190,7,40,53
2191,7,40,53
2192,6,40,54
2193,6,40,54
2194,6,40,54
2195,6,40,54
2196,6,40,54
2197,6,39,55
2198,6,39,55
2199,5,40,55
2200,5,40,55
2201,5,40,55
2202,5,39,56
2203,5,39,56
2204,5,39,56
2205,5,39,56
2206,5,38,57
2207,5,38,57
2208,5,38,57
2209,4,39,57
2210,3,40,57
2211,3,40,57
2212,3,40,57
2213,2,41,57
2214,2,41,57
2215,2,41,57
2216,2,41,57
2217,2,41,57
2218,2,40,58
2219,2,40,58
2220,2,40,58
2221,2,40,58
2222,2,40,58
2223,1,40,59
2224,1,40,59
2225,1,40,59
2226,1,40,59
2227,1,40,59
2228,1,40,59
2229,1,40,59
2230,1,40,59
2231,1,40,59
2232,1,40,59
2233,1,40,59
2234,1,40,59
2235,1,40,59
2236,1,40,59
2237,1,40,59
2238,1,40,59
2239,1,40,59
2240,1,40,59
2241,1,40,59
2242,1,40,59
2243,1,40,59
2244,1,40,59
2245,1,40,59
2246,1,40,59
2247,1,40,59
2248,1,40,59
2249,1,40,59
2250,1,39,60
2251,1,39,60
2252,1,39,60
2253,1,38,61
2254,1,38,61
2255,1,38,61
2256,1,38,61
2257,1,38,61
2258,1,38,61
2259,1,38,61
2260,1,38,61
2261,1,38,61
2262,1,38,61
2263,1,38,61
2264,1,38,61
2265,1,38,61
2266,1,38,61
2267,1,38,61
2268,1,38,61
2269,1,38,61
2270,1,38,61
2271,1,38,61
2272,1,38,61
2273,1,38,61
2274,1,38,61
2275,1,37,62
2276,1,37,62
2277,1,37,62
2278,1,37,62
2279,1,37,62
2280,1,37,62
2281,1,37,62
2282,1,37,62
2283,0,38,62
2284,0,38,62
2285,0,38,62
2286,0,38,62
2287,0,38,62
2288,0,38,62
2289,0,38,62
2290,0,38,62
2291,0,38,62
2292,0,38,62
2293,0,38,62
2294,0,38,62
2295,0,38,62
2296,0,38,62
2297,0,38,62
2298,0,38,62
2299,0,38,62
2300,0,38,62
2301,0,38,62
2302,0,38,62
2303,0,37,63
2304,0,37,63
2305,0,37,63
2306,0,37,63
2307,0,37,63
2308,0,37,63
2309,0,37,63
2310,0,37,63
2311,0,37,63
2312,0,37,63
2313,0,37,63
2314,0,37,63
2315,0,37,63
2316,0,37,63
2317,0,37,63
2318,0,37,63
2319,0,37,63
2320,0,37,63
2321,0,37,63
2322,0,37,63
2323,0,37,63
2324,0,36,64
2325,0,36,64
2326,0,36,64
2327,0,36,64
2328,0,36,64
2329,0,36,64
2330,0,36,64
2331,0,36,64
2332,0,36,64
2333,0,36,64
2334,0,36,64
2335,0,36,64
2336,0,36,64
2337,0,36,64
2338,0,36,64
2339,0,36,64
2340,0,36,64
2341,0,36,64
2342,0,36,64
2343,0,36,64
2344,0,36,64
2345,0,36,64
2346,0,34,66
2347,0,33,67
2348,0,31,69
2349,0,31,69
2350,0,31,69
2351,0,31,69
2352,0,31,69
2353,0,31,69
2354,0,31,69
2355,0,31,69
2356,0,31,69
2357,0,31,69
2358,0,31,69
2359,0,31,69
2360,0,31,69
2361,0,31,69
2362,0,31,69
2363,0,31,69
2364,0,30,70
2365,0,30,70
2366,0,30,70
2367,0,30,70
2368,0,30,70
2369,0,30,70
2370,0,30,70
2371,0,30,70
2372,0,30,70
2373,0,30,70
2374,0,30,70
2375,0,30,70
2376,0,30,70
2377,0,30,70
2378,0,30,70
2379,0,30,70
2380,0,30,70
2381,0,30,70
2382,0,30,70
2383,0,30,70
2384,0,30,70
2385,0,30,70
2386,0,30,70
2387,0,30,70
2388,0,30,70
2389,0,30,70
2390,0,29,71
2391,0,29,71
2392,0,29,71
2393,0,29,71
2394,0,28,72
2395,0,28,72
2396,0,28,72
2397,0,28,72
2398,0,28,72
2399,0,28,72
2400,0,26,74
2401,0,26,74
2402,0,26,74
2403,0,26,74
2404,0,26,74
2405,0,26,74
2406,0,26,74
2407,0,26,74
2408,0,26,74
2409,0,26,74
2410,0,26,74
2411,0,26,74
2412,0,26,74
2413,0,26,74
2414,0,26,74
2415,0,26,74
2416,0,26,74
2417,0,26,74
2418,0,26,74
2419,0,26,74
2420,0,26,74
2421,0,26,74
2422,0,26,74
2423,0,26,74
2424,0,26,74
2425,0,26,74
2426,0,26,74
2427,0,25,75
2428,0,25,75
2429,0,25,75
2430,0,25,75
2431,0,25,75
2432,0,25,75
2433,0,25,75
2434,0,25,75
2435,0,25,75
2436,0,25,75
2437,0,25,75
2438,0,25,75
2439,0,25,75
2440,0,25,75
2441,0,25,75
2442,0,25,75
2443,0,25,75
2444,0,25,75
2445,0,25,75
2446,0,25,75
2447,0,25,75
2448,0,25,75
2449,0,25,75
2450,0,25,75
2451,0,25,75
2452,0,25,75
2453,0,25,75
2454,0,25,75
2455,0,25,75
2456,0,25,75
2457,0,25,75
2458,0,25,75
2459,0,25,75
2460,0,25,75
2461,0,25,75
2462,0,25,75
2463,0,25,75
2464,0,25,75
2465,0,25,75
2466,0,25,75
2467,0,25,75
2468,0,25,75
2469,0,25,75
2470,0,25,75
2471,0,25,75
2472,0,25,75
2473,0,25,75
2474,0,25,75
2475,0,25,75
2476,0,25,75
2477,0,25,75
2478,0,25,75
2479,0,25,75
2480,0,25,75
2481,0,25,75
2482,0,25,75
2483,0,25,75
2484,0,25,75
2485,0,24,76
2486,0,24,76
2487,0,24,76
2488,0,24,76
2489,0,24,76
2490,0,24,76
2491,0,24,76
2492,0,24,76
2493,0,24,76
2494,0,24,76
2495,0,24,76
2496,0,24,76
2497,0,24,76
2498,0,24,76
2499,0,24,76
2500,0,23,77
2501,0,23,77
2502,0,23,77
2503,0,23,77
2504,0,23,77
2505,0,23,77
2506,0,22,78
2507,0,22,78
2508,0,22,78
2509,0,22,78
2510,0,22,78
2511,0,22,78
2512,0,22,78
2513,0,22,78
2514,0,22,78
2515,0,22,78
2516,0,22,78
2517,0,21,79
2518,0,21,79
2519,0,21,79
2520,0,21,79
2521,0,21,79
2522,0,21,79
2523,0,21,79
2524,0,21,79
2525,0,21,79
2526,0,21,79
2527,0,21,79
2528,0,21,79
2529,0,21,79
2530,0,21,79
2531,0,21,79
2532,0,21,79
2533,0,21,79
2534,0,21,79
2535,0,21,79
2536,0,21,79
2537,0,21,79
2538,0,21,79
2539,0,21,79
2540,0,21,79
2541,0,21,79
2542,0,21,79
2543,0,21,79
2544,0,20,80
2545,0,20,80
2546,0,20,80
2547,0,19,81
2548,0,19,81
2549,0,19,81
2550,0,19,81
2551,0,19,81
2552,0,19,81
2553,0,19,81
2554,0,19,81
2555,0,19,81
2556,0,19,81
2557,0,19,81
2558,0,19,81
2559,0,19,81
2560,0,19,81
2561,0,19,81
2562,0,19,81
2563,0,19,81
2564,0,19,81
2565,0,19,81
2566,0,19,81
2567,0,19,81
2568,0,19,81
2569,0,19,81
2570,0,19,81
2571,0,19,81
2572,0,19,81
2573,0,19,81
2574,0,19,81
2575,0,19,81
2576,0,19,81
2577,0,19,81
2578,0,19,81
2579,0,19,81
2580,0,19,81
2581,0,19,81
2582,0,19,81
2583,0,19,81
2584,0,19,81
2585,0,19,81
2586,0,19,81
2587,0,19,81
2588,0,19,81
2589,0,19,81
2590,0,19,81
2591,0,19,81
2592,0,19,81
2593,0,19,81
2594,0,19,81
2595,0,19,81
2596,0,19,81
2597,0,19,81
2598,0,19,81
2599,0,19,81
2600,0,18,82
2601,0,18,82
2602,0,18,82
2603,0,18,82
2604,0,18,82
2605,0,18,82
2606,0,18,82
2607,0,18,82
2608,0,18,82
2609,0,17,83
2610,0,17,83
2611,0,17,83
2612,0,17,83
2613,0,17,83
2614,0,17,83
2615,0,17,83
2616,0,17,83
2617,0,17,83
2618,0,17,83
2619,0,17,83
2620,0,17,83
2621,0,17,83
2622,0,17,83
2623,0,17,83
2624,0,17,83
2625,0,17,83
2626,0,17,83
2627,0,17,83
2628,0,17,83
2629,0,17,83
2630,0,17,83
2631,0,17,83
2632,0,17,83
2633,0,17,83
2634,0,17,83
2635,0,17,83
2636,0,17,83
2637,0,17,83
2638,0,17,83
2639,0,17,83
2640,0,17,83
2641,0,17,83
2642,0,17,83
2643,0,17,83
2644,0,17,83
2645,0,17,83
2646,0,17,83
2647,0,17,83
2648,0,17,83
2649,0,17,83
2650,0,17,83
2651,0,17,83
2652,0,17,83
2653,0,17,83
2654,0,17,83
2655,0,17,83
2656,0,17,83
2657,0,17,83
2658,0,17,83
2659,0,17,83
2660,0,17,83
2661,0,17,83
2662,0,17,83
2663,0,17,83
2664,0,17,83
2665,0,17,83
2666,0,17,83
2667,0,17,83
2668,0,17,83
2669,0,17,83
2670,0,17,83
2671,0,17,83
2672,0,17,83
2673,0,17,83
2674,0,17,83
2675,0,17,83
2676,0,17,83
2677,0,17,83
2678,0,17,83
2679,0,17,83
2680,0,17,83
2681,0,17,83
2682,0,17,83
2683,0,17,83
2684,0,17,83
2685,0,17,83
2686,0,17,83
2687,0,17,83
2688,0,17,83
2689,0,17,83
2690,0,17,83
2691,0,17,83
2692,0,17,83
2693,0,17,83
2694,0,17,83
2695,0,17,83
2696,0,17,83
2697,0,17,83
2698,0,17,83
2699,0,17,83
2700,0,17,83
2701,0,17,83
2702,0,17,83
2703,0,17,83
2704,0,17,83
2705,0,17,83
2706,0,17,83
2707,0,17,83
2708,0,16,84
2709,0,16,84
2710,0,16,84
2711,0,16,84
2712,0,16,84
2713,0,16,84
2714,0,16,84
2715,0,16,84
2716,0,16,84
2717,0,16,84
2718,0,16,84
2719,0,16,84
2720,0,16,84
2721,0,16,84
2722,0,16,84
2723,0,16,84
2724,0,16,84
2725,0,16,84
2726,0,16,84
2727,0,16,84
2728,0,16,84
2729,0,16,84
2730,0,16,84
2731,0,16,84
2732,0,16,84
2733,0,16,84
2734,0,16,84
2735,0,16,84
2736,0,16,84
2737,0,16,84
2738,0,16,84
2739,0,16,84
2740,0,16,84
2741,0,16,84
2742,0,16,84
2743,0,16,84
2744,0,16,84
2745,0,16,84
2746,0,16,84
2747,0,16,84
2748,0,16,84
2749,0,16,84
2750,0,16,84
2751,0,16,84
2752,0,16,84
2753,0,15,85
2754,0,15,85
2755,0,15,85
2756,0,15,85
2757,0,15,85
2758,0,15,85
2759,0,15,85
2760,0,15,85
2761,0,15,85
2762,0,15,85
2763,0,15,85
2764,0,15,85
2765,0,15,85
2766,0,15,85
2767,0,15,85
2768,0,15,85
2769,0,15,85
2770,0,15,85
2771,0,15,85
2772,0,15,85
2773,0,15,85
2774,0,15,85
2775,0,15,85
2776,0,15,85
2777,0,14,86
2778,0,14,86
2779,0,14,86
2780,0,14,86
2781,0,14,86
2782,0,14,86
2783,0,14,86
2784,0,14,86
2785,0,14,86
2786,0,14,86
2787,0,14,86
2788,0,14,86
2789,0,14,86
2790,0,14,86
2791,0,14,86
2792,0,14,86
2793,0,14,86
2794,0,14,86
2795,0,14,86
2796,0,14,86
2797,0,14,86
2798,0,14,86
2799,0,14,86
2800,0,14,86
2801,0,14,86
2802,0,14,86
2803,0,14,86
2804,0,14,86
2805,0,14,86
2806,0,14,86
2807,0,14,86
2808,0,14,86
2809,0,14,86
2810,0,14,86
2811,0,14,86
2812,0,14,86
2813,0,14,86
2814,0,14,86
2815,0,14,86
2816,0,14,86
2817,0,14,86
2818,0,14,86
2819,0,14,86
2820,0,14,86
2821,0,14,86
2822,0,14,86
2823,0,14,86
2824,0,14,86
2825,0,14,86
2826,0,14,86
2827,0,14,86
2828,0,14,86
2829,0,14,86
2830,0,14,86
2831,0,14,86
2832,0,14,86
2833,0,14,86
2834,0,14,86
2835,0,14,86
2836,0,14,86
2837,0,14,86
2838,0,14,86
2839,0,14,86
2840,0,14,86
2841,0,14,86
2842,0,14,86
2843,0,14,86
2844,0,14,86
2845,0,14,86
2846,0,14,86
2847,0,14,86
2848,0,14,86
2849,0,14,86
2850,0,14,86
2851,0,14,86
2852,0,14,86
2853,0,14,86
2854,0,14,86
2855,0,14,86
2856,0,14,86
2857,0,14,86
2858,0,14,86
2859,0,14,86
2860,0,14,86
2861,0,14,86
2862,0,14,86
2863,0,14,86
2864,0,14,86
2865,0,14,86
2866,0,14,86
2867,0,14,86
2868,0,14,86
2869,0,14,86
2870,0,14,86
2871,0,14,86
2872,0,14,86
2873,0,14,86
2874,0,14,86
2875,0,14,86
2876,0,14,86
2877,0,13,87
2878,0,13,87
2879,0,13,87
2880,0,13,87
2881,0,13,87
2882,0,13,87
2883,0,13,87
2884,0,13,87
2885,0,13,87
2886,0,13,87
2887,0,13,87
2888,0,13,87
2889,0,13,87
2890,0,13,87
2891,0,13,87
2892,0,13,87
2893,0,13,87
2894,0,13,87
2895,0,13,87
2896,0,13,87
2897,0,13,87
2898,0,13,87
2899,0,13,87
2900,0,13,87
2901,0,13,87
2902,0,13,87
2903,0,13,87
2904,0,13,87
2905,0,13,87
2906,0,13,87
2907,0,13,87
2908,0,13,87
2909,0,13,87
2910,0,11,89
2911,0,11,89
2912,0,11,89
2913,0,11,89
2914,0,11,89
2915,0,11,89
2916,0,11,89
2917,0,11,89
2918,0,11,89
2919,0,11,89
2920,0,11,89
2921,0,11,89
2922,0,11,89
2923,0,11,89
2924,0,11,89
2925,0,11,89
2926,0,11,89
2927,0,11,89
2928,0,11,89
2929,0,11,89
2930,0,11,89
2931,0,11,89
2932,0,11,89
2933,0,11,89
2934,0,11,89
2935,0,11,89
2936,0,11,89
2937,0,11,89
2938,0,11,89
2939,0,11,89
2940,0,11,89
2941,0,11,89
2942,0,11,89
2943,0,11,89
2944,0,10,90
2945,0,10,90
2946,0,10,90
2947,0,10,90
2948,0,10,90
2949,0,10,90
2950,0,10,90
2951,0,10,90
2952,0,10,90
2953,0,10,90
2954,0,10,90
2955,0,10,90
2956,0,10,90
2957,0,10,90
2958,0,10,90
2959,0,10,90
2960,0,10,90
2961,0,10,90
2962,0,10,90
2963,0,10,90
2964,0,10,90
2965,0,10,90
2966,0,10,90
2967,0,10,90
2968,0,10,90
2969,0,10,90
2970,0,10,90
2971,0,10,90
2972,0,10,90
2973,0,10,90
2974,0,10,90
2975,0,10,90
2976,0,10,90
2977,0,10,90
2978,0,10,90
2979,0,10,90
2980,0,10,90
2981,0,10,90
2982,0,10,90
2983,0,10,90
2984,0,10,90
2985,0,10,90
2986,0,10,90
2987,0,10,90
2988,0,10,90
2989,0,10,90
2990,0,10,90
2991,0,10,90
2992,0,10,90
2993,0,10,90
2994,0,10,90
2995,0,10,90
2996,0,10,90
2997,0,10,90
2998,0,10,90
2999,0,10,90
3000,0,10,90
