Time,Healthy,Undetectable,Detectable
0,97,3,0
1,97,3,0
2,97,3,0
3,97,3,0
4,97,3,0
5,97,3,0
6,97,3,0
7,97,3,0
8,97,3,0
9,97,3,0
10,97,3,0
11,97,3,0
12,97,3,0
13,97,3,0
14,97,3,0
15,97,3,0
16,97,3,0
17,97,3,0
18,97,3,0
19,97,3,0
20,97,3,0
21,97,3,0
22,97,3,0
23,97,3,0
24,97,3,0
25,97,3,0
26,97,3,0
27,97,3,0
28,97,3,0
29,97,3,0
30,97,3,0
31,97,3,0
32,97,3,0
33,97,3,0
34,97,3,0
35,97,3,0
36,97,3,0
37,97,3,0
38,97,3,0
39,97,3,0
40,97,3,0
41,97,3,0
42,97,3,0
43,97,3,0
44,97,3,0
45,97,3,0
46,97,3,0
47,97,3,0
48,97,3,0
49,97,3,0
50,97,3,0
51,97,3,0
52,97,3,0
53,97,3,0
54,97,3,0
55,97,3,0
56,97,3,0
57,97,3,0
58,97,3,0
59,97,3,0
60,97,3,0
61,97,3,0
62,97,3,0
63,97,3,0
64,97,3,0
65,97,3,0
66,97,3,0
67,97,3,0
68,97,3,0
69,97,3,0
70,97,3,0
71,97,3,0
72,97,3,0
73,97,3,0
74,97,3,0
75,97,3,0
76,97,3,0
77,97,3,0
78,97,3,0
79,97,3,0
80,97,3,0
81,97,3,0
82,97,3,0
83,97,3,0
84,97,3,0
85,97,3,0
86,97,3,0
87,97,3,0
88,97,3,0
89,97,3,0
90,97,3,0
91,97,3,0
92,97,3,0
93,97,3,0
94,97,3,0
95,97,3,0
96,97,3,0
97,97,3,0
98,97,3,0
99,97,3,0
100,97,3,0
101,97,3,0
102,97,3,0
103,97,3,0
104,97,3,0
105,97,3,0
106,97,3,0
107,97,3,0
108,97,3,0
109,97,3,0
110,97,3,0
111,97,3,0
112,97,3,0
113,97,3,0
114,97,3,0
115,97,3,0
116,97,3,0
117,97,3,0
118,97,3,0
119,97,3,0
120,97,3,0
121,97,3,0
122,97,3,0
123,97,3,0
124,97,3,0
125,97,3,0
126,97,3,0
127,97,3,0
128,97,3,0
129,97,3,0
130,97,3,0
131,97,3,0
132,97,3,0
133,97,3,0
134,97,3,0
135,97,3,0
136,97,3,0
137,97,3,0
138,97,3,0
139,97,3,0
140,97,3,0
141,97,3,0
142,97,3,0
143,97,3,0
144,97,3,0
145,97,3,0
146,97,3,0
147,97,3,0
148,97,3,0
149,97,3,0
150,97,3,0
151,97,3,0
152,97,3,0
153,97,3,0
154,97,3,0
155,97,3,0
156,97,3,0
157,97,3,0
158,97,3,0
159,97,3,0
160,97,3,0
161,97,3,0
162,97,3,0
163,97,3,0
164,97,3,0
165,97,3,0
166,97,3,0
167,97,3,0
168,97,3,0
169,97,3,0
170,97,3,0
171,97,3,0
172,97,3,0
173,97,3,0
174,97,3,0
175,97,3,0
176,97,3,0
177,97,3,0
178,97,3,0
179,97,3,0
180,97,3,0
181,97,3,0
182,97,3,0
183,97,3,0
184,97,3,0
185,97,3,0
186,97,3,0
187,97,3,0
188,97,3,0
189,97,3,0
190,97,3,0
191,97,3,0
192,97,3,0
193,97,3,0
194,97,3,0
195,97,3,0
196,97,3,0
197,97,3,0
198,97,3,0
199,97,3,0
200,97,3,0
201,97,3,0
202,97,3,0
203,97,3,0
204,97,3,0
205,97,3,0
206,97,3,0
207,97,3,0
208,97,3,0
209,97,3,0
210,97,3,0
211,97,3,0
212,97,3,0
213,97,3,0
214,97,3,0
215,97,3,0
216,97,3,0
217,97,2,1
218,97,2,1
219,97,2,1
220,97,2,1
221,97,2,1
222,97,2,1
223,97,2,1
224,97,2,1
225,97,2,1
226,97,2,1
227,97,2,1
228,97,2,1
229,97,2,1
230,97,2,1
231,97,2,1
232,97,2,1
233,97,1,2
234,97,1,2
235,97,1,2
236,97,1,2
237,97,1,2
238,97,1,2
239,97,1,2
240,97,1,2
241,97,1,2
242,97,1,2
243,97,1,2
244,97,1,2
245,97,1,2
246,97,1,2
247,97,1,2
248,97,1,2
249,97,1,2
250,97,1,2
251,97,1,2
252,97,1,2
253,97,1,2
254,97,1,2
255,97,1,2
256,97,1,2
257,97,1,2
258,97,1,2
259,97,1,2
260,97,1,2
261,97,1,2
262,97,1,2
263,97,1,2
264,97,1,2
265,97,1,2
266,97,1,2
267,97,1,2
268,97,1,2
269,97,1,2
270,97,1,2
271,97,1,2
272,97,1,2
273,97,1,2
274,97,1,2
275,97,1,2
276,97,1,2
277,97,1,2
278,97,1,2
279,97,1,2
280,97,1,2
281,97,1,2
282,97,1,2
283,97,1,2
284,97,1,2
285,97,1,2
286,97,1,2
287,97,1,2
288,97,1,2
289,97,1,2
290,97,1,2
291,97,1,2
292,97,1,2
293,97,1,2
294,97,1,2
295,97,1,2
296,97,1,2
297,97,1,2
298,97,1,2
299,97,1,2
300,97,1,2
301,97,1,2
302,97,1,2
303,97,1,2
304,97,1,2
305,97,1,2
306,97,1,2
307,97,1,2
308,97,1,2
309,97,1,2
310,97,1,2
311,97,1,2
312,97,1,2
313,97,1,2
314,97,1,2
315,97,1,2
316,97,1,2
317,97,1,2
318,97,1,2
319,96,2,2
320,96,2,2
321,96,2,2
322,96,2,2
323,96,2,2
324,96,2,2
325,96,2,2
326,96,2,2
327,96,2,2
328,96,2,2
329,96,2,2
330,96,2,2
331,96,2,2
332,96,2,2
333,96,2,2
334,96,2,2
335,96,2,2
336,96,2,2
337,96,2,2
338,96,2,2
339,96,2,2
340,96,2,2
341,96,2,2
342,96,2,2
343,96,2,2
344,96,2,2
345,96,2,2
346,96,2,2
347,96,2,2
348,96,2,2
349,96,2,2
350,96,2,2
351,96,2,2
352,96,2,2
353,96,2,2
354,96,2,2
355,96,2,2
356,96,2,2
357,96,2,2
358,96,2,2
359,96,2,2
360,96,2,2
361,96,2,2
362,96,2,2
363,96,2,2
364,96,2,2
365,96,2,2
366,96,2,2
367,96,2,2
368,96,2,2
369,96,2,2
370,96,2,2
371,96,2,2
372,96,2,2
373,96,2,2
374,96,2,2
375,96,2,2
376,96,2,2
377,96,2,2
378,96,2,2
379,96,2,2
380,96,2,2
381,96,2,2
382,96,2,2
383,96,2,2
384,96,2,2
385,96,2,2
386,96,2,2
387,96,2,2
388,96,2,2
389,96,2,2
390,96,2,2
391,96,2,2
392,96,2,2
393,96,2,2
394,96,2,2
395,96,2,2
396,96,2,2
397,96,2,2
398,96,2,2
399,96,2,2
400,96,2,2
401,96,2,2
402,96,2,2
403,96,2,2
404,96,2,2
405,96,2,2
406,96,2,2
407,96,2,2
408,96,2,2
409,96,2,2
410,96,2,2
411,96,2,2
412,96,2,2
413,96,2,2
414,96,2,2
415,96,2,2
416,96,2,2
417,96,2,2
418,96,2,2
419,96,2,2
420,96,2,2
421,96,2,2
422,96,2,2
423,96,2,2
424,96,2,2
425,96,2,2
426,96,2,2
427,96,2,2
428,96,2,2
429,96,2,2
430,96,2,2
431,96,2,2
432,96,2,2
433,95,3,2
434,95,3,2
435,95,3,2
436,95,3,2
437,95,3,2
438,95,3,2
439,95,3,2
440,95,3,2
441,95,3,2
442,95,3,2
443,95,3,2
444,95,3,2
445,95,3,2
446,95,3,2
447,95,3,2
448,95,3,2
449,95,3,2
450,95,3,2
451,95,3,2
452,95,3,2
453,95,3,2
454,95,3,2
455,95,3,2
456,95,2,3
457,95,2,3
458,95,2,3
459,95,2,3
460,95,2,3
461,94,3,3
462,94,3,3
463,94,3,3
464,94,3,3
465,94,3,3
466,94,3,3
467,94,3,3
468,94,3,3
469,94,3,3
470,94,3,3
471,94,3,3
472,94,3,3
473,94,3,3
474,94,3,3
475,94,3,3
476,94,3,3
477,94,3,3
478,94,3,3
479,94,3,3
480,94,3,3
481,94,3,3
482,94,3,3
483,94,3,3
484,94,3,3
485,94,3,3
486,94,3,3
487,94,3,3
488,94,3,3
489,94,3,3
490,94,3,3
491,94,3,3
492,94,3,3
493,94,3,3
494,94,3,3
495,94,3,3
496,94,3,3
497,94,3,3
498,94,3,3
499,94,3,3
500,94,3,3
501,94,3,3
502,94,3,3
503,94,3,3
504,94,3,3
505,94,3,3
506,94,3,3
507,94,3,3
508,94,3,3
509,94,3,3
510,94,3,3
511,94,3,3
512,94,3,3
513,94,3,3
514,94,3,3
515,94,3,3
516,94,3,3
517,94,3,3
518,94,3,3
519,94,3,3
520,94,3,3
521,94,3,3
522,94,3,3
523,94,3,3
524,94,3,3
525,94,3,3
526,94,3,3
527,94,3,3
528,94,3,3
529,94,3,3
530,94,3,3
531,94,3,3
532,94,3,3
533,94,3,3
534,94,3,3
535,94,3,3
536,94,3,3
537,94,3,3
538,94,3,3
539,94,3,3
540,94,3,3
541,94,3,3
542,94,3,3
543,93,4,3
544,93,4,3
545,93,4,3
546,93,4,3
547,93,4,3
548,93,4,3
549,93,4,3
550,93,4,3
551,93,4,3
552,93,4,3
553,93,4,3
554,93,4,3
555,93,4,3
556,93,4,3
557,93,4,3
558,93,4,3
559,93,4,3
560,93,4,3
561,93,4,3
562,93,4,3
563,93,4,3
564,92,5,3
565,92,5,3
566,92,5,3
567,92,5,3
568,92,5,3
569,92,5,3
570,92,5,3
571,92,5,3
572,92,5,3
573,92,5,3
574,92,5,3
575,92,5,3
576,92,5,3
577,92,5,3
578,92,5,3
579,92,5,3
580,92,5,3
581,92,5,3
582,92,5,3
583,92,5,3
584,92,5,3
585,92,5,3
586,92,5,3
587,92,5,3
588,92,5,3
589,92,5,3
590,92,5,3
591,92,5,3
592,92,5,3
593,92,5,3
594,92,5,3
595,92,5,3
596,92,5,3
597,92,5,3
598,92,5,3
599,92,5,3
600,92,5,3
601,92,5,3
602,92,5,3
603,92,5,3
604,92,5,3
605,92,5,3
606,92,5,3
607,92,5,3
608,92,5,3
609,92,5,3
610,92,5,3
611,92,5,3
612,91,6,3
613,91,6,3
614,91,6,3
615,91,6,3
616,91,6,3
617,91,6,3
618,91,6,3
619,91,6,3
620,91,6,3
621,91,6,3
622,91,6,3
623,91,6,3
624,91,6,3
625,91,6,3
626,91,6,3
627,91,6,3
628,91,6,3
629,91,6,3
630,91,6,3
631,91,6,3
632,91,6,3
633,91,6,3
634,91,6,3
635,91,6,3
636,91,6,3
637,90,7,3
638,90,7,3
639,90,7,3
640,90,7,3
641,90,7,3
642,90,7,3
643,90,6,4
644,90,6,4
645,90,6,4
646,90,6,4
647,90,6,4
648,90,6,4
649,90,6,4
650,90,6,4
651,90,6,4
652,90,6,4
653,90,6,4
654,90,6,4
655,90,6,4
656,90,6,4
657,90,6,4
658,90,6,4
659,90,6,4
660,90,6,4
661,90,6,4
662,90,6,4
663,90,6,4
664,90,6,4
665,90,6,4
666,90,6,4
667,90,6,4
668,90,6,4
669,90,6,4
670,90,6,4
671,90,6,4
672,90,6,4
673,90,6,4
674,90,6,4
675,90,6,4
676,90,6,4
677,90,6,4
678,90,6,4
679,90,6,4
680,90,6,4
681,90,6,4
682,90,6,4
683,90,6,4
684,90,6,4
685,90,6,4
686,90,6,4
687,90,6,4
688,90,6,4
689,90,6,4
690,89,7,4
691,89,7,4
692,89,7,4
693,89,7,4
694,89,7,4
695,89,7,4
696,89,7,4
697,89,7,4
698,89,7,4
699,89,7,4
700,89,6,5
701,88,7,5
702,88,7,5
703,88,7,5
704,87,8,5
705,87,8,5
706,87,8,5
707,86,9,5
708,86,9,5
709,86,9,5
710,86,9,5
711,86,9,5
712,86,9,5
713,86,9,5
714,86,9,5
715,86,9,5
716,86,9,5
717,86,9,5
718,86,9,5
719,86,9,5
720,86,9,5
721,86,9,5
722,86,9,5
723,86,9,5
724,85,10,5
725,85,10,5
726,85,10,5
727,85,10,5
728,85,10,5
729,85,10,5
730,85,10,5
731,85,10,5
732,85,10,5
733,85,10,5
734,85,10,5
735,85,10,5
736,84,10,6
737,84,10,6
738,84,10,6
739,84,10,6
740,83,11,6
741,82,12,6
742,82,12,6
743,82,12,6
744,82,12,6
745,82,12,6
746,82,12,6
747,82,12,6
748,81,13,6
749,81,13,6
750,81,13,6
751,81,13,6
752,81,13,6
753,81,13,6
754,81,13,6
755,81,13,6
756,81,13,6
757,81,13,6
758,81,13,6
759,81,13,6
760,81,13,6
761,81,13,6
762,81,13,6
763,81,13,6
764,81,13,6
765,81,13,6
766,81,13,6
767,81,13,6
768,81,13,6
769,79,15,6
770,79,15,6
771,79,15,6
772,79,15,6
773,79,15,6
774,79,15,6
775,79,15,6
776,79,15,6
777,79,15,6
778,79,15,6
779,79,15,6
780,79,15,6
781,79,15,6
782,79,15,6
783,79,15,6
784,79,15,6
785,79,14,7
786,79,14,7
787,79,14,7
788,78,15,7
789,78,15,7
790,78,15,7
791,78,15,7
792,77,16,7
793,77,16,7
794,76,17,7
795,76,17,7
796,76,17,7
797,76,17,7
798,76,16,8
799,76,16,8
800,76,16,8
801,76,16,8
802,76,16,8
803,76,15,9
804,76,15,9
805,76,15,9
806,76,15,9
807,76,15,9
808,75,16,9
809,75,16,9
810,75,16,9
811,75,16,9
812,75,16,9
813,75,16,9
814,75,16,9
815,75,16,9
816,75,16,9
817,75,16,9
818,73,18,9
819,73,18,9
820,72,19,9
821,72,19,9
822,72,19,9
823,72,19,9
824,72,19,9
825,72,19,9
826,72,19,9
827,72,19,9
828,72,19,9
829,72,19,9
830,72,19,9
831,72,19,9
832,72,18,10
833,71,19,10
834,71,19,10
835,71,19,10
836,71,19,10
837,71,18,11
838,71,18,11
839,71,18,11
840,71,18,11
841,71,18,11
842,71,18,11
843,71,18,11
844,71,18,11
845,71,18,11
846,71,18,11
847,71,18,11
848,71,18,11
849,71,18,11
850,71,18,11
851,71,18,11
852,71,18,11
853,71,18,11
854,71,18,11
855,71,18,11
856,71,18,11
857,71,18,11
858,70,19,11
859,70,19,11
860,70,19,11
861,70,19,11
862,70,19,11
863,70,19,11
864,70,19,11
865,70,19,11
866,70,19,11
867,70,19,11
868,70,19,11
869,70,19,11
870,70,19,11
871,69,20,11
872,69,20,11
873,69,20,11
874,69,20,11
875,69,20,11
876,69,20,11
877,69,20,11
878,69,20,11
879,69,20,11
880,69,20,11
881,69,20,11
882,69,20,11
883,69,20,11
884,68,21,11
885,68,21,11
886,68,21,11
887,68,21,11
888,68,21,11
889,68,21,11
890,68,21,11
891,68,21,11
892,68,21,11
893,68,21,11
894,67,22,11
895,67,22,11
896,67,22,11
897,67,22,11
898,67,22,11
899,67,22,11
900,67,22,11
901,67,22,11
902,67,22,11
903,67,22,11
904,67,22,11
905,67,22,11
906,67,22,11
907,67,22,11
908,67,22,11
909,66,23,11
910,66,22,12
911,66,22,12
912,66,22,12
913,66,22,12
914,66,22,12
915,66,21,13
916,66,21,13
917,66,21,13
918,66,21,13
919,66,20,14
920,66,20,14
921,66,20,14
922,66,20,14
923,66,20,14
924,65,21,14
925,65,21,14
926,65,21,14
927,64,21,15
928,64,21,15
929,64,21,15
930,64,21,15
931,64,21,15
932,62,23,15
933,62,23,15
934,61,24,15
935,60,25,15
936,60,25,15
937,60,25,15
938,60,25,15
939,60,25,15
940,60,25,15
941,60,25,15
942,60,25,15
943,60,25,15
944,60,25,15
945,60,25,15
946,60,25,15
947,60,25,15
948,59,26,15
949,59,26,15
950,58,26,16
951,58,26,16
952,58,26,16
953,58,26,16
954,58,26,16
955,58,26,16
956,58,26,16
957,58,26,16
958,58,26,16
959,58,26,16
960,58,26,16
961,58,26,16
962,58,26,16
963,58,26,16
964,58,26,16
965,58,26,16
966,58,25,17
967,58,25,17
968,58,25,17
969,58,25,17
970,58,25,17
971,58,25,17
972,57,25,18
973,57,24,19
974,57,24,19
975,57,24,19
976,57,24,19
977,57,24,19
978,57,24,19
979,57,24,19
980,57,24,19
981,57,24,19
982,57,24,19
983,57,24,19
984,57,23,20
985,57,23,20
986,57,23,20
987,57,22,21
988,57,22,21
989,57,22,21
990,57,22,21
991,57,22,21
992,57,22,21
993,57,22,21
994,57,22,21
995,57,22,21
996,57,22,21
997,57,22,21
998,57,22,21
999,57,22,21
1000,57,22,21
1001,57,22,21
1002,57,22,21
1003,57,22,21
1004,57,22,21
1005,57,22,21
1006,57,22,21
1007,57,21,22
1008,57,21,22
1009,57,21,22
1010,57,21,22
1011,57,21,22
1012,57,21,22
1013,57,21,22
1014,57,21,22
1015,56,22,22
1016,55,23,22
1017,55,23,22
1018,55,23,22
1019,55,23,22
1020,55,23,22
1021,55,23,22
1022,55,23,22
1023,55,23,22
1024,55,23,22
1025,55,23,22
1026,55,23,22
1027,55,23,22
1028,55,23,22
1029,55,23,22
1030,55,23,22
1031,55,23,22
1032,55,23,22
1033,55,23,22
1034,55,23,22
1035,55,23,22
1036,55,23,22
1037,54,24,22
1038,54,24,22
1039,54,24,22
1040,54,24,22
1041,53,25,22
1042,53,25,22
1043,53,25,22
1044,53,25,22
1045,53,25,22
1046,53,25,22
1047,53,25,22
1048,53,25,22
1049,53,25,22
1050,53,25,22
1051,53,25,22
1052,52,25,23
1053,52,25,23
1054,52,25,23
1055,52,25,23
1056,52,25,23
1057,52,24,24
1058,51,25,24
1059,51,25,24
1060,50,26,24
1061,50,26,24
1062,50,26,24
1063,50,26,24
1064,50,25,25
1065,50,25,25
1066,50,24,26
1067,50,24,26
1068,50,24,26
1069,50,24,26
1070,50,24,26
1071,50,24,26
1072,50,24,26
1073,50,24,26
1074,50,24,26
1075,50,24,26
1076,49,25,26
1077,49,25,26
1078,49,25,26
1079,49,25,26
1080,49,25,26
1081,49,25,26
1082,49,25,26
1083,49,25,26
1084,48,26,26
1085,48,26,26
1086,48,26,26
1087,48,26,26
1088,48,26,26
1089,48,26,26
1090,48,26,26
1091,47,27,26
1092,47,27,26
1093,47,27,26
1094,47,27,26
1095,47,27,26
1096,47,27,26
1097,47,27,26
1098,47,27,26
1099,46,28,26
1100,46,28,26
1101,46,28,26
1102,46,28,26
1103,46,28,26
1104,46,28,26
1105,46,28,26
1106,46,28,26
1107,46,28,26
1108,46,28,26
1109,46,28,26
1110,46,28,26
1111,45,28,27
1112,45,28,27
1113,45,28,27
1114,45,28,27
1115,45,28,27
1116,45,28,27
1117,45,28,27
1118,45,27,28
1119,45,27,28
1120,45,27,28
1121,44,28,28
1122,44,27,29
1123,44,27,29
1124,44,27,29
1125,44,27,29
1126,44,27,29
1127,44,27,29
1128,44,27,29
1129,43,28,29
1130,43,28,29
1131,43,28,29
1132,43,28,29
1133,42,29,29
1134,42,29,29
1135,42,28,30
1136,42,28,30
1137,42,28,30
1138,42,28,30
1139,42,28,30
1140,42,27,31
1141,42,27,31
1142,42,26,32
1143,42,26,32
1144,40,28,32
1145,40,28,32
1146,40,28,32
1147,39,29,32
1148,39,29,32
1149,39,29,32
1150,39,29,32
1151,39,29,32
1152,39,29,32
1153,39,29,32
1154,39,29,32
1155,39,29,32
1156,39,29,32
1157,39,29,32
1158,38,30,32
1159,38,30,32
1160,38,30,32
1161,37,31,32
1162,37,31,32
1163,37,31,32
1164,37,31,32
1165,37,31,32
1166,37,31,32
1167,36,32,32
1168,36,32,32
1169,36,32,32
1170,36,32,32
1171,36,32,32
1172,36,32,32
1173,36,32,32
1174,36,32,32
1175,35,33,32
1176,35,33,32
1177,35,33,32
1178,35,33,32
1179,34,34,32
1180,33,35,32
1181,33,35,32
1182,33,35,32
1183,33,35,32
1184,33,35,32
1185,33,35,32
1186,33,35,32
1187,33,35,32
1188,33,35,32
1189,33,35,32
1190,33,35,32
1191,33,35,32
1192,33,35,32
1193,33,35,32
1194,33,35,32
1195,32,36,32
1196,31,37,32
1197,31,36,33
1198,31,36,33
1199,31,36,33
1200,31,36,33
1201,31,36,33
1202,31,36,33
1203,31,36,33
1204,31,36,33
1205,31,36,33
1206,31,36,33
1207,31,36,33
1208,30,37,33
1209,30,37,33
1210,30,37,33
1211,30,37,33
1212,30,37,33
1213,30,37,33
1214,30,37,33
1215,30,37,33
1216,30,37,33
1217,30,37,33
1218,30,37,33
1219,30,37,33
1220,30,37,33
1221,30,37,33
1222,30,37,33
1223,30,37,33
1224,29,38,33
1225,29,38,33
1226,29,38,33
1227,29,38,33
1228,29,38,33
1229,29,38,33
1230,29,38,33
1231,29,38,33
1232,29,38,33
1233,29,38,33
1234,29,38,33
1235,29,38,33
1236,29,38,33
1237,29,38,33
1238,29,38,33
1239,28,38,34
1240,27,39,34
1241,27,39,34
1242,27,38,35
1243,27,37,36
1244,27,37,36
1245,27,37,36
1246,27,37,36
1247,27,37,36
1248,27,37,36
1249,27,37,36
1250,27,37,36
1251,27,37,36
1252,27,37,36
1253,27,37,36
1254,27,37,36
1255,27,37,36
1256,26,38,36
1257,26,38,36
1258,26,38,36
1259,26,38,36
1260,26,38,36
1261,26,38,36
1262,26,38,36
1263,25,39,36
1264,25,39,36
1265,25,39,36
1266,25,39,36
1267,25,38,37
1268,24,39,37
1269,24,39,37
1270,24,39,37
1271,23,40,37
1272,23,40,37
1273,23,40,37
1274,23,40,37
1275,23,39,38
1276,23,39,38
1277,23,39,38
1278,23,39,38
1279,23,38,39
1280,23,38,39
1281,23,38,39
1282,23,38,39
1283,23,38,39
1284,22,39,39
1285,22,39,39
1286,22,39,39
1287,22,39,39
1288,20,41,39
1289,20,41,39
1290,19,42,39
1291,18,43,39
1292,18,43,39
1293,18,43,39
1294,17,44,39
1295,16,45,39
1296,16,45,39
1297,16,45,39
1298,16,45,39
1299,16,45,39
1300,16,45,39
1301,16,45,39
1302,15,46,39
1303,15,46,39
1304,15,46,39
1305,13,48,39
1306,13,48,39
1307,13,48,39
1308,13,48,39
1309,13,48,39
1310,13,47,40
1311,13,47,40
1312,13,47,40
1313,13,47,40
1314,12,48,40
1315,12,48,40
1316,12,48,40
1317,12,48,40
1318,12,47,41
1319,12,47,41
1320,12,47,41
1321,12,47,41
1322,12,47,41
1323,12,47,41
1324,12,47,41
1325,12,47,41
1326,12,47,41
1327,12,47,41
1328,12,47,41
1329,12,47,41
1330,12,47,41
1331,12,47,41
1332,12,47,41
1333,12,47,41
1334,12,46,42
1335,12,46,42
1336,12,46,42
1337,12,46,42
1338,12,46,42
1339,12,46,42
1340,12,46,42
1341,12,45,43
1342,12,45,43
1343,12,45,43
1344,12,44,44
1345,12,44,44
1346,12,43,45
1347,12,43,45
1348,12,43,45
1349,12,43,45
1350,12,43,45
1351,12,43,45
1352,12,43,45
1353,12,43,45
1354,11,44,45
1355,11,43,46
1356,11,43,46
1357,11,43,46
1358,11,43,46
1359,11,43,46
1360,11,43,46
1361,11,43,46
1362,11,43,46
1363,11,43,46
1364,11,43,46
1365,11,43,46
1366,10,44,46
1367,10,44,46
1368,10,44,46
1369,10,44,46
1370,9,45,46
1371,9,45,46
1372,9,45,46
1373,9,45,46
1374,9,43,48
1375,9,43,48
1376,9,43,48
1377,9,42,49
1378,9,42,49
1379,9,42,49
1380,9,42,49
1381,9,42,49
1382,9,42,49
1383,9,42,49
1384,9,42,49
1385,9,42,49
1386,9,42,49
1387,9,42,49
1388,9,42,49
1389,9,42,49
1390,9,42,49
1391,9,42,49
1392,8,43,49
1393,8,43,49
1394,8,43,49
1395,8,42,50
1396,8,42,50
1397,8,42,50
1398,8,42,50
1399,8,42,50
1400,8,42,50
1401,7,43,50
1402,7,43,50
1403,7,43,50
1404,7,43,50
1405,7,43,50
1406,7,43,50
1407,7,43,50
1408,6,44,50
1409,6,44,50
1410,6,44,50
1411,6,44,50
1412,6,44,50
1413,6,42,52
1414,6,42,52
1415,6,42,52
1416,6,42,52
1417,6,42,52
1418,6,42,52
1419,6,42,52
1420,6,42,52
1421,6,42,52
1422,6,41,53
1423,6,40,54
1424,6,40,54
1425,6,40,54
1426,6,40,54
1427,6,40,54
1428,6,40,54
1429,6,40,54
1430,6,40,54
1431,6,40,54
1432,6,40,54
1433,6,39,55
1434,6,38,56
1435,6,38,56
1436,6,38,56
1437,6,38,56
1438,6,38,56
1439,6,38,56
1440,6,38,56
1441,6,38,56
1442,6,37,57
1443,6,37,57
1444,6,37,57
1445,6,37,57
1446,6,37,57
1447,6,37,57
1448,6,37,57
1449,6,37,57
1450,6,37,57
1451,6,37,57
1452,6,37,57
1453,6,36,58
1454,6,36,58
1455,6,36,58
1456,6,36,58
1457,6,36,58
1458,6,36,58
1459,6,36,58
1460,6,36,58
1461,6,36,58
1462,6,36,58
1463,6,36,58
1464,6,36,58
1465,6,36,58
1466,6,36,58
1467,6,36,58
1468,6,36,58
1469,6,36,58
1470,6,36,58
1471,6,36,58
1472,6,36,58
1473,6,36,58
1474,6,36,58
1475,6,36,58
1476,6,36,58
1477,6,36,58
1478,6,36,58
1479,6,36,58
1480,5,37,58
1481,5,37,58
1482,5,37,58
1483,5,37,58
1484,5,37,58
1485,5,37,58
1486,5,37,58
1487,5,37,58
1488,5,37,58
1489,5,36,59
1490,5,36,59
1491,5,36,59
1492,4,37,59
1493,4,37,59
1494,4,37,59
1495,4,37,59
1496,4,37,59
1497,4,37,59
1498,4,37,59
1499,4,37,59
1500,4,37,59
1501,4,37,59
1502,4,36,60
1503,4,34,62
1504,4,34,62
1505,4,33,63
1506,4,33,63
1507,4,33,63
1508,4,33,63
1509,4,33,63
1510,4,33,63
1511,4,33,63
1512,4,33,63
1513,4,33,63
1514,4,33,63
1515,4,33,63
1516,4,33,63
1517,4,33,63
1518,4,33,63
1519,4,33,63
1520,4,33,63
1521,4,33,63
1522,4,33,63
1523,4,33,63
1524,4,33,63
1525,4,33,63
1526,4,33,63
1527,4,33,63
1528,4,33,63
1529,4,32,64
1530,4,32,64
1531,4,32,64
1532,4,32,64
1533,4,32,64
1534,4,32,64
1535,4,32,64
1536,4,32,64
1537,4,32,64
1538,4,32,64
1539,4,32,64
1540,4,32,64
1541,4,32,64
1542,4,31,65
1543,4,31,65
1544,4,31,65
1545,4,31,65
1546,4,31,65
1547,4,31,65
1548,4,31,65
1549,4,31,65
1550,4,31,65
1551,4,31,65
1552,4,31,65
1553,4,31,65
1554,4,31,65
1555,4,31,65
1556,4,31,65
1557,4,31,65
1558,4,30,66
1559,4,30,66
1560,4,30,66
1561,4,30,66
1562,4,30,66
1563,4,30,66
1564,4,30,66
1565,4,30,66
1566,4,30,66
1567,4,30,66
1568,4,30,66
1569,4,30,66
1570,4,30,66
1571,4,30,66
1572,4,30,66
1573,3,31,66
1574,3,31,66
1575,3,31,66
1576,3,31,66
1577,3,31,66
1578,3,31,66
1579,3,31,66
1580,3,31,66
1581,3,31,66
1582,3,31,66
1583,3,31,66
1584,3,31,66
1585,3,31,66
1586,3,31,66
1587,3,31,66
1588,3,31,66
1589,3,31,66
1590,3,31,66
1591,3,31,66
1592,3,31,66
1593,3,31,66
1594,3,31,66
1595,3,31,66
1596,2,32,66
1597,2,32,66
1598,2,32,66
1599,2,32,66
1600,1,33,66
1601,1,33,66
1602,1,33,66
1603,1,33,66
1604,1,33,66
1605,1,33,66
1606,1,33,66
1607,1,33,66
1608,1,33,66
1609,1,33,66
1610,1,33,66
1611,1,33,66
1612,1,33,66
1613,1,32,67
1614,1,32,67
1615,1,32,67
1616,1,32,67
1617,1,32,67
1618,1,32,67
1619,1,32,67
1620,1,32,67
1621,1,32,67
1622,1,32,67
1623,1,32,67
1624,1,32,67
1625,1,32,67
1626,1,32,67
1627,1,32,67
1628,1,32,67
1629,1,31,68
1630,1,31,68
1631,1,31,68
1632,1,31,68
1633,1,31,68
1634,1,31,68
1635,1,31,68
1636,1,31,68
1637,0,32,68
1638,0,32,68
1639,0,30,70
1640,0,30,70
1641,0,30,70
1642,0,30,70
1643,0,30,70
1644,0,30,70
1645,0,30,70
1646,0,30,70
1647,0,30,70
1648,0,30,70
1649,0,30,70
1650,0,30,70
1651,0,30,70
1652,0,30,70
1653,0,30,70
1654,0,30,70
1655,0,30,70
1656,0,30,70
1657,0,30,70
1658,0,30,70
1659,0,30,70
1660,0,30,70
1661,0,30,70
1662,0,30,70
1663,0,30,70
1664,0,30,70
1665,0,30,70
1666,0,30,70
1667,0,30,70
1668,0,30,70
1669,0,30,70
1670,0,30,70
1671,0,30,70
1672,0,30,70
1673,0,30,70
1674,0,30,70
1675,0,30,70
1676,0,30,70
1677,0,30,70
1678,0,30,70
1679,0,30,70
1680,0,30,70
1681,0,30,70
1682,0,30,70
1683,0,30,70
1684,0,30,70
1685,0,29,71
1686,0,29,71
1687,0,29,71
1688,0,29,71
1689,0,29,71
1690,0,29,71
1691,0,29,71
1692,0,29,71
1693,0,29,71
1694,0,29,71
1695,0,29,71
1696,0,29,71
1697,0,29,71
1698,0,28,72
1699,0,28,72
1700,0,28,72
1701,0,28,72
1702,0,28,72
1703,0,28,72
1704,0,28,72
1705,0,28,72
1706,0,28,72
1707,0,28,72
1708,0,28,72
1709,0,28,72
1710,0,28,72
1711,0,27,73
1712,0,27,73
1713,0,27,73
1714,0,27,73
1715,0,27,73
1716,0,27,73
1717,0,27,73
1718,0,27,73
1719,0,27,73
1720,0,27,73
1721,0,26,74
1722,0,26,74
1723,0,26,74
1724,0,26,74
1725,0,26,74
1726,0,26,74
1727,0,26,74
1728,0,25,75
1729,0,25,75
1730,0,25,75
1731,0,25,75
1732,0,25,75
1733,0,25,75
1734,0,25,75
1735,0,25,75
1736,0,25,75
1737,0,25,75
1738,0,25,75
1739,0,25,75
1740,0,25,75
1741,0,24,76
1742,0,24,76
1743,0,24,76
1744,0,24,76
1745,0,23,77
1746,0,23,77
1747,0,23,77
1748,0,23,77
1749,0,23,77
1750,0,23,77
1751,0,23,77
1752,0,23,77
1753,0,23,77
1754,0,22,78
1755,0,22,78
1756,0,22,78
1757,0,22,78
1758,0,22,78
1759,0,22,78
1760,0,22,78
1761,0,22,78
1762,0,22,78
1763,0,22,78
1764,0,22,78
1765,0,22,78
1766,0,22,78
1767,0,22,78
1768,0,22,78
1769,0,22,78
1770,0,22,78
1771,0,22,78
1772,0,22,78
1773,0,22,78
1774,0,22,78
1775,0,22,78
1776,0,22,78
1777,0,22,78
1778,0,22,78
1779,0,22,78
1780,0,22,78
1781,0,22,78
1782,0,22,78
1783,0,22,78
1784,0,22,78
1785,0,22,78
1786,0,22,78
1787,0,22,78
1788,0,22,78
1789,0,22,78
1790,0,22,78
1791,0,22,78
1792,0,22,78
1793,0,21,79
1794,0,21,79
1795,0,21,79
1796,0,21,79
1797,0,21,79
1798,0,21,79
1799,0,21,79
1800,0,21,79
1801,0,21,79
1802,0,21,79
1803,0,21,79
1804,0,20,80
1805,0,20,80
1806,0,20,80
1807,0,20,80
1808,0,20,80
1809,0,20,80
1810,0,20,80
1811,0,20,80
1812,0,20,80
1813,0,20,80
1814,0,20,80
1815,0,20,80
1816,0,20,80
1817,0,20,80
1818,0,20,80
1819,0,20,80
1820,0,20,80
1821,0,20,80
1822,0,20,80
1823,0,20,80
1824,0,19,81
1825,0,19,81
1826,0,18,82
1827,0,18,82
1828,0,18,82
1829,0,18,82
1830,0,18,82
1831,0,18,82
1832,0,18,82
1833,0,18,82
1834,0,18,82
1835,0,18,82
1836,0,18,82
1837,0,18,82
1838,0,18,82
1839,0,18,82
1840,0,18,82
1841,0,17,83
1842,0,17,83
1843,0,17,83
1844,0,16,84
1845,0,16,84
1846,0,16,84
1847,0,16,84
1848,0,16,84
1849,0,16,84
1850,0,16,84
1851,0,16,84
1852,0,16,84
1853,0,16,84
1854,0,16,84
1855,0,16,84
1856,0,16,84
1857,0,16,84
1858,0,16,84
1859,0,16,84
1860,0,16,84
1861,0,16,84
1862,0,16,84
1863,0,16,84
1864,0,16,84
1865,0,16,84
1866,0,16,84
1867,0,16,84
1868,0,16,84
1869,0,16,84
1870,0,16,84
1871,0,16,84
1872,0,16,84
1873,0,16,84
1874,0,16,84
1875,0,16,84
1876,0,16,84
1877,0,16,84
1878,0,16,84
1879,0,16,84
1880,0,15,85
1881,0,15,85
1882,0,15,85
1883,0,15,85
1884,0,15,85
1885,0,15,85
1886,0,15,85
1887,0,15,85
1888,0,14,86
1889,0,14,86
1890,0,14,86
1891,0,14,86
1892,0,14,86
1893,0,14,86
1894,0,14,86
1895,0,14,86
1896,0,14,86
1897,0,14,86
1898,0,14,86
1899,0,14,86
1900,0,14,86
1901,0,14,86
1902,0,14,86
1903,0,14,86
1904,0,14,86
1905,0,14,86
1906,0,14,86
1907,0,13,87
1908,0,13,87
1909,0,13,87
1910,0,13,87
1911,0,13,87
1912,0,13,87
1913,0,13,87
1914,0,13,87
1915,0,13,87
1916,0,13,87
1917,0,13,87
1918,0,13,87
1919,0,13,87
1920,0,13,87
1921,0,13,87
1922,0,13,87
1923,0,13,87
1924,0,13,87
1925,0,13,87
1926,0,13,87
1927,0,13,87
1928,0,12,88
1929,0,12,88
1930,0,12,88
1931,0,12,88
1932,0,12,88
1933,0,12,88
1934,0,12,88
1935,0,12,88
1936,0,12,88
1937,0,12,88
1938,0,12,88
1939,0,12,88
1940,0,12,88
1941,0,12,88
1942,0,12,88
1943,0,12,88
1944,0,12,88
1945,0,12,88
1946,0,12,88
1947,0,12,88
1948,0,12,88
1949,0,12,88
1950,0,12,88
1951,0,12,88
1952,0,12,88
1953,0,12,88
1954,0,12,88
1955,0,12,88
1956,0,12,88
1957,0,12,88
1958,0,11,89
1959,0,11,89
1960,0,11,89
1961,0,11,89
1962,0,11,89
1963,0,11,89
1964,0,11,89
1965,0,11,89
1966,0,11,89
1967,0,11,89
1968,0,11,89
1969,0,11,89
1970,0,11,89
1971,0,11,89
1972,0,11,89
1973,0,11,89
1974,0,11,89
1975,0,11,89
1976,0,11,89
1977,0,11,89
1978,0,11,89
1979,0,11,89
1980,0,11,89
1981,0,11,89
1982,0,11,89
1983,0,11,89
1984,0,11,89
1985,0,11,89
1986,0,11,89
1987,0,11,89
1988,0,11,89
1989,0,11,89
1990,0,11,89
1991,0,11,89
1992,0,11,89
1993,0,11,89
1994,0,11,89
1995,0,11,89
1996,0,11,89
1997,0,11,89
1998,0,11,89
1999,0,11,89
2000,0,11,89
2001,0,11,89
2002,0,11,89
2003,0,11,89
2004,0,11,89
2005,0,11,89
2006,0,11,89
2007,0,11,89
2008,0,11,89
2009,0,11,89
2010,0,11,89
2011,0,11,89
2012,0,11,89
2013,0,11,89
2014,0,11,89
2015,0,11,89
2016,0,11,89
2017,0,11,89
2018,0,11,89
2019,0,11,89
2020,0,11,89
2021,0,11,89
2022,0,11,89
2023,0,10,90
2024,0,10,90
2025,0,10,90
2026,0,10,90
2027,0,10,90
2028,0,10,90
2029,0,10,90
2030,0,10,90
2031,0,10,90
2032,0,10,90
2033,0,10,90
2034,0,10,90
2035,0,10,90
2036,0,10,90
2037,0,10,90
2038,0,10,90
2039,0,10,90
2040,0,10,90
2041,0,10,90
2042,0,10,90
2043,0,9,91
2044,0,9,91
2045,0,9,91
2046,0,9,91
2047,0,9,91
2048,0,9,91
2049,0,9,91
2050,0,9,91
2051,0,9,91
2052,0,9,91
2053,0,9,91
2054,0,9,91
2055,0,9,91
2056,0,9,91
2057,0,9,91
2058,0,9,91
2059,0,9,91
2060,0,9,91
2061,0,9,91
2062,0,9,91
2063,0,9,91
2064,0,9,91
2065,0,9,91
2066,0,9,91
2067,0,9,91
2068,0,9,91
2069,0,9,91
2070,0,9,91
2071,0,9,91
2072,0,9,91
2073,0,9,91
2074,0,9,91
2075,0,9,91
2076,0,9,91
2077,0,9,91
2078,0,9,91
2079,0,9,91
2080,0,8,92
2081,0,8,92
2082,0,8,92
2083,0,8,92
2084,0,8,92
2085,0,8,92
2086,0,8,92
2087,0,8,92
2088,0,8,92
2089,0,7,93
2090,0,7,93
2091,0,7,93
2092,0,7,93
2093,0,7,93
2094,0,7,93
2095,0,7,93
2096,0,7,93
2097,0,7,93
2098,0,7,93
2099,0,7,93
2100,0,7,93
2101,0,7,93
2102,0,7,93
2103,0,7,93
2104,0,7,93
2105,0,7,93
2106,0,7,93
2107,0,7,93
2108,0,7,93
2109,0,7,93
2110,0,7,93
2111,0,7,93
2112,0,7,93
2113,0,7,93
2114,0,7,93
2115,0,7,93
2116,0,7,93
2117,0,7,93
2118,0,7,93
2119,0,7,93
2120,0,7,93
2121,0,7,93
2122,0,7,93
2123,0,7,93
2124,0,7,93
2125,0,7,93
2126,0,7,93
2127,0,7,93
2128,0,7,93
2129,0,7,93
2130,0,7,93
2131,0,7,93
2132,0,7,93
2133,0,7,93
2134,0,7,93
2135,0,7,93
2136,0,7,93
2137,0,7,93
2138,0,7,93
2139,0,7,93
2140,0,7,93
2141,0,7,93
2142,0,7,93
2143,0,7,93
2144,0,7,93
2145,0,7,93
2146,0,7,93
2147,0,7,93
2148,0,7,93
2149,0,6,94
2150,0,6,94
2151,0,6,94
2152,0,6,94
2153,0,6,94
2154,0,6,94
2155,0,6,94
2156,0,6,94
2157,0,6,94
2158,0,6,94
2159,0,6,94
2160,0,6,94
2161,0,6,94
2162,0,6,94
2163,0,6,94
2164,0,6,94
2165,0,6,94
2166,0,6,94
2167,0,6,94
2168,0,6,94
2169,0,6,94
2170,0,6,94
2171,0,6,94
2172,0,6,94
2173,0,6,94
2174,0,6,94
2175,0,6,94
2176,0,6,94
2177,0,6,94
2178,0,6,94
2179,0,6,94
2180,0,6,94
2181,0,6,94
2182,0,6,94
2183,0,6,94
2184,0,6,94
2185,0,6,94
2186,0,6,94
2187,0,6,94
2188,0,6,94
2189,0,6,94
2190,0,6,94
2191,0,6,94
2192,0,6,94
2193,0,6,94
2194,0,6,94
2195,0,6,94
2196,0,6,94
2197,0,6,94
2198,0,6,94
2199,0,6,94
2200,0,6,94
2201,0,6,94
2202,0,6,94
2203,0,6,94
2204,0,6,94
2205,0,6,94
2206,0,6,94
2207,0,6,94
2208,0,6,94
2209,0,6,94
2210,0,6,94
2211,0,6,94
2212,0,6,94
2213,0,6,94
2214,0,6,94
2215,0,6,94
2216,0,6,94
2217,0,6,94
2218,0,6,94
2219,0,6,94
2220,0,6,94
2221,0,6,94
2222,0,6,94
2223,0,6,94
2224,0,6,94
2225,0,6,94
2226,0,6,94
2227,0,6,94
2228,0,6,94
2229,0,6,94
2230,0,6,94
2231,0,6,94
2232,0,6,94
2233,0,6,94
2234,0,6,94
2235,0,6,94
2236,0,6,94
2237,0,6,94
2238,0,5,95
2239,0,5,95
2240,0,5,95
2241,0,5,95
2242,0,5,95
2243,0,5,95
2244,0,5,95
2245,0,5,95
2246,0,5,95
2247,0,5,95
2248,0,5,95
2249,0,5,95
2250,0,5,95
2251,0,5,95
2252,0,5,95
2253,0,5,95
2254,0,5,95
2255,0,5,95
2256,0,5,95
2257,0,5,95
2258,0,5,95
2259,0,5,95
2260,0,5,95
2261,0,5,95
2262,0,5,95
2263,0,5,95
2264,0,5,95
2265,0,5,95
2266,0,5,95
2267,0,5,95
2268,0,5,95
2269,0,5,95
2270,0,5,95
2271,0,5,95
2272,0,5,95
2273,0,5,95
2274,0,5,95
2275,0,5,95
2276,0,5,95
2277,0,5,95
2278,0,5,95
2279,0,5,95
2280,0,5,95
2281,0,5,95
2282,0,5,95
2283,0,5,95
2284,0,5,95
2285,0,5,95
2286,0,5,95
2287,0,5,95
2288,0,5,95
2289,0,5,95
2290,0,5,95
2291,0,5,95
2292,0,5,95
2293,0,5,95
2294,0,5,95
2295,0,5,95
2296,0,5,95
2297,0,5,95
2298,0,5,95
2299,0,5,95
2300,0,5,95
2301,0,5,95
2302,0,5,95
2303,0,5,95
2304,0,5,95
2305,0,5,95
2306,0,5,95
2307,0,5,95
2308,0,5,95
2309,0,5,95
2310,0,5,95
2311,0,5,95
2312,0,5,95
2313,0,5,95
2314,0,5,95
2315,0,5,95
2316,0,5,95
2317,0,5,95
2318,0,5,95
2319,0,5,95
2320,0,5,95
2321,0,5,95
2322,0,5,95
2323,0,5,95
2324,0,5,95
2325,0,5,95
2326,0,5,95
2327,0,5,95
2328,0,4,96
2329,0,4,96
2330,0,4,96
2331,0,4,96
2332,0,4,96
2333,0,4,96
2334,0,4,96
2335,0,4,96
2336,0,4,96
2337,0,4,96
2338,0,4,96
2339,0,4,96
2340,0,4,96
2341,0,4,96
2342,0,4,96
2343,0,4,96
2344,0,4,96
2345,0,4,96
2346,0,4,96
2347,0,4,96
2348,0,4,96
2349,0,4,96
2350,0,4,96
2351,0,4,96
2352,0,4,96
2353,0,4,96
2354,0,4,96
2355,0,4,96
2356,0,4,96
2357,0,4,96
2358,0,4,96
2359,0,4,96
2360,0,4,96
2361,0,4,96
2362,0,4,96
2363,0,4,96
2364,0,4,96
2365,0,4,96
2366,0,4,96
2367,0,4,96
2368,0,4,96
2369,0,4,96
2370,0,4,96
2371,0,4,96
2372,0,4,96
2373,0,4,96
2374,0,4,96
2375,0,4,96
2376,0,4,96
2377,0,4,96
2378,0,4,96
2379,0,4,96
2380,0,4,96
2381,0,4,96
2382,0,4,96
2383,0,4,96
2384,0,4,96
2385,0,4,96
2386,0,4,96
2387,0,4,96
2388,0,4,96
2389,0,4,96
2390,0,4,96
2391,0,4,96
2392,0,4,96
2393,0,4,96
2394,0,4,96
2395,0,4,96
2396,0,4,96
2397,0,4,96
2398,0,4,96
2399,0,4,96
2400,0,4,96
2401,0,4,96
2402,0,4,96
2403,0,4,96
2404,0,4,96
2405,0,4,96
2406,0,4,96
2407,0,4,96
2408,0,4,96
2409,0,4,96
2410,0,4,96
2411,0,4,96
2412,0,4,96
2413,0,4,96
2414,0,4,96
2415,0,4,96
2416,0,4,96
2417,0,4,96
2418,0,4,96
2419,0,4,96
2420,0,4,96
2421,0,4,96
2422,0,4,96
2423,0,4,96
2424,0,4,96
2425,0,4,96
2426,0,4,96
2427,0,4,96
2428,0,4,96
2429,0,4,96
2430,0,4,96
2431,0,4,96
2432,0,4,96
2433,0,4,96
2434,0,4,96
2435,0,4,96
2436,0,4,96
2437,0,4,96
2438,0,3,97
2439,0,3,97
2440,0,3,97
2441,0,3,97
2442,0,3,97
2443,0,3,97
2444,0,3,97
2445,0,3,97
2446,0,3,97
2447,0,3,97
2448,0,3,97
2449,0,3,97
2450,0,3,97
2451,0,3,97
2452,0,3,97
2453,0,3,97
2454,0,3,97
2455,0,3,97
2456,0,3,97
2457,0,3,97
2458,0,3,97
2459,0,3,97
2460,0,3,97
2461,0,3,97
2462,0,3,97
2463,0,3,97
2464,0,3,97
2465,0,3,97
2466,0,3,97
2467,0,3,97
2468,0,3,97
2469,0,3,97
2470,0,3,97
2471,0,3,97
2472,0,3,97
2473,0,3,97
2474,0,3,97
2475,0,3,97
2476,0,3,97
2477,0,3,97
2478,0,3,97
2479,0,3,97
2480,0,3,97
2481,0,3,97
2482,0,3,97
2483,0,3,97
2484,0,3,97
2485,0,3,97
2486,0,3,97
2487,0,3,97
2488,0,3,97
2489,0,3,97
2490,0,3,97
2491,0,3,97
2492,0,3,97
2493,0,3,97
2494,0,3,97
2495,0,3,97
2496,0,3,97
2497,0,3,97
2498,0,3,97
2499,0,3,97
2500,0,3,97
2501,0,3,97
2502,0,3,97
2503,0,3,97
2504,0,3,97
2505,0,3,97
2506,0,3,97
2507,0,3,97
2508,0,3,97
2509,0,3,97
2510,0,3,97
2511,0,3,97
2512,0,3,97
2513,0,3,97
2514,0,3,97
2515,0,3,97
2516,0,3,97
2517,0,3,97
2518,0,3,97
2519,0,3,97
2520,0,3,97
2521,0,3,97
2522,0,3,97
2523,0,3,97
2524,0,3,97
2525,0,3,97
2526,0,3,97
2527,0,3,97
2528,0,3,97
2529,0,3,97
2530,0,3,97
2531,0,3,97
2532,0,3,97
2533,0,3,97
2534,0,3,97
2535,0,3,97
2536,0,3,97
2537,0,3,97
2538,0,3,97
2539,0,3,97
2540,0,3,97
2541,0,3,97
2542,0,3,97
2543,0,3,97
2544,0,3,97
2545,0,3,97
2546,0,3,97
2547,0,3,97
2548,0,3,97
2549,0,3,97
2550,0,3,97
2551,0,3,97
2552,0,3,97
2553,0,3,97
2554,0,3,97
2555,0,3,97
2556,0,3,97
2557,0,3,97
2558,0,3,97
2559,0,3,97
2560,0,3,97
2561,0,3,97
2562,0,3,97
2563,0,3,97
2564,0,3,97
2565,0,3,97
2566,0,3,97
2567,0,3,97
2568,0,3,97
2569,0,3,97
2570,0,3,97
2571,0,3,97
2572,0,3,97
2573,0,3,97
2574,0,3,97
2575,0,3,97
2576,0,3,97
2577,0,3,97
2578,0,3,97
2579,0,3,97
2580,0,3,97
2581,0,3,97
2582,0,3,97
2583,0,3,97
2584,0,3,97
2585,0,3,97
2586,0,3,97
2587,0,3,97
2588,0,3,97
2589,0,3,97
2590,0,3,97
2591,0,3,97
2592,0,3,97
2593,0,3,97
2594,0,3,97
2595,0,3,97
2596,0,3,97
2597,0,3,97
2598,0,3,97
2599,0,3,97
2600,0,3,97
2601,0,3,97
2602,0,3,97
2603,0,3,97
2604,0,3,97
2605,0,3,97
2606,0,3,97
2607,0,2,98
2608,0,2,98
2609,0,2,98
2610,0,2,98
2611,0,2,98
2612,0,2,98
2613,0,2,98
2614,0,2,98
2615,0,2,98
2616,0,2,98
2617,0,2,98
2618,0,2,98
2619,0,2,98
2620,0,2,98
2621,0,2,98
2622,0,2,98
2623,0,2,98
2624,0,2,98
2625,0,2,98
2626,0,2,98
2627,0,2,98
2628,0,2,98
2629,0,2,98
2630,0,2,98
2631,0,2,98
2632,0,2,98
2633,0,2,98
2634,0,2,98
2635,0,2,98
2636,0,2,98
2637,0,2,98
2638,0,2,98
2639,0,2,98
2640,0,2,98
2641,0,2,98
2642,0,2,98
2643,0,2,98
2644,0,2,98
2645,0,2,98
2646,0,2,98
2647,0,2,98
2648,0,2,98
2649,0,2,98
2650,0,2,98
2651,0,2,98
2652,0,2,98
2653,0,2,98
2654,0,2,98
2655,0,2,98
2656,0,2,98
2657,0,2,98
2658,0,2,98
2659,0,2,98
2660,0,2,98
2661,0,2,98
2662,0,2,98
2663,0,2,98
2664,0,2,98
2665,0,2,98
2666,0,2,98
2667,0,2,98
2668,0,2,98
2669,0,2,98
2670,0,2,98
2671,0,2,98
2672,0,2,98
2673,0,2,98
2674,0,2,98
2675,0,2,98
2676,0,2,98
2677,0,2,98
2678,0,2,98
2679,0,2,98
2680,0,2,98
2681,0,2,98
2682,0,2,98
2683,0,2,98
2684,0,2,98
2685,0,2,98
2686,0,2,98
2687,0,2,98
2688,0,2,98
2689,0,2,98
2690,0,2,98
2691,0,2,98
2692,0,2,98
2693,0,2,98
2694,0,2,98
2695,0,2,98
2696,0,2,98
2697,0,2,98
2698,0,2,98
2699,0,2,98
2700,0,2,98
2701,0,2,98
2702,0,2,98
2703,0,2,98
2704,0,2,98
2705,0,2,98
2706,0,2,98
2707,0,2,98
2708,0,2,98
2709,0,2,98
2710,0,2,98
2711,0,2,98
2712,0,2,98
2713,0,2,98
2714,0,2,98
2715,0,2,98
2716,0,2,98
2717,0,2,98
2718,0,2,98
2719,0,2,98
2720,0,2,98
2721,0,2,98
2722,0,2,98
2723,0,2,98
2724,0,2,98
2725,0,2,98
2726,0,2,98
2727,0,2,98
2728,0,2,98
2729,0,2,98
2730,0,2,98
2731,0,2,98
2732,0,2,98
2733,0,2,98
2734,0,2,98
2735,0,2,98
2736,0,2,98
2737,0,2,98
2738,0,2,98
2739,0,2,98
2740,0,2,98
2741,0,2,98
2742,0,2,98
2743,0,2,98
2744,0,2,98
2745,0,2,98
2746,0,2,98
2747,0,2,98
2748,0,2,98
2749,0,2,98
2750,0,2,98
2751,0,2,98
2752,0,2,98
2753,0,2,98
2754,0,2,98
2755,0,1,99
2756,0,1,99
2757,0,1,99
2758,0,1,99
2759,0,1,99
2760,0,1,99
2761,0,1,99
2762,0,1,99
2763,0,1,99
2764,0,1,99
2765,0,1,99
2766,0,1,99
2767,0,1,99
2768,0,1,99
2769,0,1,99
2770,0,1,99
2771,0,1,99
2772,0,1,99
2773,0,1,99
2774,0,1,99
2775,0,1,99
2776,0,1,99
2777,0,1,99
2778,0,1,99
2779,0,1,99
2780,0,1,99
2781,0,1,99
2782,0,1,99
2783,0,1,99
2784,0,1,99
2785,0,1,99
2786,0,1,99
2787,0,1,99
2788,0,1,99
2789,0,1,99
2790,0,1,99
2791,0,1,99
2792,0,1,99
2793,0,1,99
2794,0,1,99
2795,0,1,99
2796,0,1,99
2797,0,1,99
2798,0,1,99
2799,0,1,99
2800,0,1,99
2801,0,1,99
2802,0,1,99
2803,0,1,99
2804,0,1,99
2805,0,1,99
2806,0,1,99
2807,0,1,99
2808,0,1,99
2809,0,1,99
2810,0,1,99
2811,0,1,99
2812,0,1,99
2813,0,1,99
2814,0,1,99
2815,0,1,99
2816,0,1,99
2817,0,1,99
2818,0,1,99
2819,0,1,99
2820,0,1,99
2821,0,1,99
2822,0,1,99
2823,0,1,99
2824,0,1,99
2825,0,1,99
2826,0,1,99
2827,0,1,99
2828,0,1,99
2829,0,1,99
2830,0,1,99
2831,0,1,99
2832,0,1,99
2833,0,1,99
2834,0,1,99
2835,0,1,99
2836,0,1,99
2837,0,1,99
2838,0,1,99
2839,0,1,99
2840,0,1,99
2841,0,1,99
2842,0,1,99
2843,0,1,99
2844,0,1,99
2845,0,1,99
2846,0,1,99
2847,0,1,99
2848,0,1,99
2849,0,1,99
2850,0,1,99
2851,0,1,99
2852,0,1,99
2853,0,1,99
2854,0,1,99
2855,0,1,99
2856,0,1,99
2857,0,1,99
2858,0,1,99
2859,0,1,99
2860,0,1,99
2861,0,1,99
2862,0,1,99
2863,0,1,99
2864,0,1,99
2865,0,1,99
2866,0,1,99
2867,0,1,99
2868,0,1,99
2869,0,1,99
2870,0,1,99
2871,0,1,99
2872,0,1,99
2873,0,1,99
2874,0,1,99
2875,0,1,99
2876,0,1,99
2877,0,1,99
2878,0,1,99
2879,0,1,99
2880,0,1,99
2881,0,1,99
2882,0,1,99
2883,0,1,99
2884,0,1,99
2885,0,1,99
2886,0,1,99
2887,0,1,99
2888,0,0,100
2889,0,0,100
2890,0,0,100
2891,0,0,100
2892,0,0,100
2893,0,0,100
2894,0,0,100
2895,0,0,100
2896,0,0,100
2897,0,0,100
2898,0,0,100
2899,0,0,100
2900,0,0,100
2901,0,0,100
2902,0,0,100
2903,0,0,100
2904,0,0,100
2905,0,0,100
2906,0,0,100
2907,0,0,100
2908,0,0,100
2909,0,0,100
2910,0,0,100
2911,0,0,100
2912,0,0,100
2913,0,0,100
2914,0,0,100
2915,0,0,100
2916,0,0,100
2917,0,0,100
2918,0,0,100
2919,0,0,100
2920,0,0,100
2921,0,0,100
2922,0,0,100
2923,0,0,100
2924,0,0,100
2925,0,0,100
2926,0,0,100
2927,0,0,100
2928,0,0,100
2929,0,0,100
2930,0,0,100
2931,0,0,100
2932,0,0,100
2933,0,0,100
2934,0,0,100
2935,0,0,100
2936,0,0,100
2937,0,0,100
2938,0,0,100
2939,0,0,100
2940,0,0,100
2941,0,0,100
2942,0,0,100
2943,0,0,100
2944,0,0,100
2945,0,0,100
2946,0,0,100
2947,0,0,100
2948,0,0,100
2949,0,0,100
2950,0,0,100
2951,0,0,100
2952,0,0,100
2953,0,0,100
2954,0,0,100
2955,0,0,100
2956,0,0,100
2957,0,0,100
2958,0,0,100
2959,0,0,100
2960,0,0,100
2961,0,0,100
2962,0,0,100
2963,0,0,100
2964,0,0,100
2965,0,0,100
2966,0,0,100
2967,0,0,100
2968,0,0,100
2969,0,0,100
2970,0,0,100
2971,0,0,100
2972,0,0,100
2973,0,0,100
2974,0,0,100
2975,0,0,100
2976,0,0,100
2977,0,0,100
2978,0,0,100
2979,0,0,100
2980,0,0,100
2981,0,0,100
2982,0,0,100
2983,0,0,100
2984,0,0,100
2985,0,0,100
2986,0,0,100
2987,0,0,100
2988,0,0,100
2989,0,0,100
2990,0,0,100
2991,0,0,100
2992,0,0,100
2993,0,0,100
2994,0,0,100
2995,0,0,100
2996,0,0,100
2997,0,0,100
2998,0,0,100
2999,0,0,100
3000,0,0,100
