Time,Healthy,Undetectable,Detectable
0,97,3,0
1,97,3,0
2,97,3,0
3,97,3,0
4,97,3,0
5,97,3,0
6,97,3,0
7,97,3,0
8,97,3,0
9,97,3,0
10,97,3,0
11,97,3,0
12,97,3,0
13,97,3,0
14,97,3,0
15,97,3,0
16,97,3,0
17,97,3,0
18,97,3,0
19,97,3,0
20,97,3,0
21,97,3,0
22,97,3,0
23,97,3,0
24,97,3,0
25,97,3,0
26,97,3,0
27,97,3,0
28,97,3,0
29,97,3,0
30,97,3,0
31,97,3,0
32,97,3,0
33,97,3,0
34,97,3,0
35,97,3,0
36,97,3,0
37,97,3,0
38,97,3,0
39,97,3,0
40,97,3,0
41,97,3,0
42,97,3,0
43,97,3,0
44,97,3,0
45,97,3,0
46,97,3,0
47,97,3,0
48,97,3,0
49,97,3,0
50,97,3,0
51,97,3,0
52,97,3,0
53,97,3,0
54,97,3,0
55,97,3,0
56,97,3,0
57,97,3,0
58,97,3,0
59,97,3,0
60,97,3,0
61,97,3,0
62,97,3,0
63,97,3,0
64,97,3,0
65,97,3,0
66,97,3,0
67,97,3,0
68,97,3,0
69,97,3,0
70,97,3,0
71,97,3,0
72,97,3,0
73,97,3,0
74,97,3,0
75,97,3,0
76,97,3,0
77,97,3,0
78,97,3,0
79,97,3,0
80,97,3,0
81,97,3,0
82,97,3,0
83,97,3,0
84,97,3,0
85,97,3,0
86,97,3,0
87,97,3,0
88,97,3,0
89,97,3,0
90,97,3,0
91,97,3,0
92,97,3,0
93,97,3,0
94,97,3,0
95,97,3,0
96,97,3,0
97,97,3,0
98,97,3,0
99,97,3,0
100,97,3,0
101,97,3,0
102,97,3,0
103,97,3,0
104,97,3,0
105,97,3,0
106,97,3,0
107,97,3,0
108,97,3,0
109,97,3,0
110,97,3,0
111,97,3,0
112,97,3,0
113,97,3,0
114,97,3,0
115,97,3,0
116,97,3,0
117,97,3,0
118,97,3,0
119,97,3,0
120,97,3,0
121,97,3,0
122,97,3,0
123,97,3,0
124,97,3,0
125,97,3,0
126,97,3,0
127,97,3,0
128,97,3,0
129,97,3,0
130,97,3,0
131,97,3,0
132,97,3,0
133,97,3,0
134,97,3,0
135,97,3,0
136,97,3,0
137,97,3,0
138,97,3,0
139,97,3,0
140,97,3,0
141,97,3,0
142,97,3,0
143,97,3,0
144,97,3,0
145,97,3,0
146,97,3,0
147,97,3,0
148,97,3,0
149,97,3,0
150,97,3,0
151,97,3,0
152,97,3,0
153,97,3,0
154,97,3,0
155,97,3,0
156,97,3,0
157,97,3,0
158,97,3,0
159,97,3,0
160,97,3,0
161,97,3,0
162,97,3,0
163,97,3,0
164,97,3,0
165,97,3,0
166,97,3,0
167,97,3,0
168,97,3,0
169,97,3,0
170,97,3,0
171,97,3,0
172,97,3,0
173,97,3,0
174,97,3,0
175,97,3,0
176,97,3,0
177,97,3,0
178,97,3,0
179,97,3,0
180,97,3,0
181,97,3,0
182,97,3,0
183,97,3,0
184,97,3,0
185,97,3,0
186,97,3,0
187,97,3,0
188,97,3,0
189,97,3,0
190,97,3,0
191,97,3,0
192,97,3,0
193,97,3,0
194,97,3,0
195,97,3,0
196,97,3,0
197,97,3,0
198,97,3,0
199,97,3,0
200,97,3,0
201,97,3,0
202,97,3,0
203,97,3,0
204,97,3,0
205,97,3,0
206,97,3,0
207,97,3,0
208,97,3,0
209,97,3,0
210,97,3,0
211,97,3,0
212,97,3,0
213,97,3,0
214,97,3,0
215,97,3,0
216,97,3,0
217,97,3,0
218,97,3,0
219,97,3,0
220,97,3,0
221,97,3,0
222,97,3,0
223,97,3,0
224,97,3,0
225,97,3,0
226,97,3,0
227,97,3,0
228,97,3,0
229,97,3,0
230,97,3,0
231,97,3,0
232,97,3,0
233,97,3,0
234,97,3,0
235,97,3,0
236,97,3,0
237,97,3,0
238,97,3,0
239,97,3,0
240,97,3,0
241,97,2,1
242,97,2,1
243,97,2,1
244,97,2,1
245,97,2,1
246,97,2,1
247,97,2,1
248,97,2,1
249,97,2,1
250,97,2,1
251,97,2,1
252,97,2,1
253,97,2,1
254,97,2,1
255,97,1,2
256,97,1,2
257,97,1,2
258,97,1,2
259,97,1,2
260,97,1,2
261,97,1,2
262,97,1,2
263,97,1,2
264,97,1,2
265,97,1,2
266,97,1,2
267,97,1,2
268,97,1,2
269,97,1,2
270,97,1,2
271,97,1,2
272,97,1,2
273,97,1,2
274,97,1,2
275,97,1,2
276,97,1,2
277,97,1,2
278,97,1,2
279,97,1,2
280,97,1,2
281,97,1,2
282,97,1,2
283,96,2,2
284,96,2,2
285,96,2,2
286,96,2,2
287,96,2,2
288,96,2,2
289,96,2,2
290,96,2,2
291,96,2,2
292,96,2,2
293,96,2,2
294,96,2,2
295,96,2,2
296,96,2,2
297,96,2,2
298,96,2,2
299,96,2,2
300,96,2,2
301,96,2,2
302,96,2,2
303,96,2,2
304,96,2,2
305,96,2,2
306,96,2,2
307,96,2,2
308,96,2,2
309,96,2,2
310,96,2,2
311,96,2,2
312,96,2,2
313,96,2,2
314,96,2,2
315,96,2,2
316,96,2,2
317,96,2,2
318,96,2,2
319,96,2,2
320,96,2,2
321,96,2,2
322,96,2,2
323,96,2,2
324,96,2,2
325,96,2,2
326,96,2,2
327,96,2,2
328,96,2,2
329,96,2,2
330,96,2,2
331,96,2,2
332,96,2,2
333,96,2,2
334,96,2,2
335,96,2,2
336,96,2,2
337,96,2,2
338,96,2,2
339,96,2,2
340,96,2,2
341,96,2,2
342,96,2,2
343,96,2,2
344,96,2,2
345,96,2,2
346,96,2,2
347,96,2,2
348,96,2,2
349,96,2,2
350,96,2,2
351,96,2,2
352,96,2,2
353,96,2,2
354,96,2,2
355,96,2,2
356,96,2,2
357,96,2,2
358,96,2,2
359,96,2,2
360,96,2,2
361,96,2,2
362,96,2,2
363,96,2,2
364,96,2,2
365,96,2,2
366,96,2,2
367,96,2,2
368,96,2,2
369,96,2,2
370,96,2,2
371,96,2,2
372,96,2,2
373,96,2,2
374,96,2,2
375,96,2,2
376,96,2,2
377,96,2,2
378,96,2,2
379,96,2,2
380,96,2,2
381,96,2,2
382,96,2,2
383,96,2,2
384,96,2,2
385,96,2,2
386,96,2,2
387,96,2,2
388,96,2,2
389,96,2,2
390,96,2,2
391,96,2,2
392,96,2,2
393,96,2,2
394,96,2,2
395,96,2,2
396,96,2,2
397,96,2,2
398,96,2,2
399,96,2,2
400,96,2,2
401,96,2,2
402,96,2,2
403,96,2,2
404,96,2,2
405,96,2,2
406,96,2,2
407,96,2,2
408,96,2,2
409,96,2,2
410,96,2,2
411,96,2,2
412,96,2,2
413,96,2,2
414,96,2,2
415,96,2,2
416,96,2,2
417,96,2,2
418,96,2,2
419,96,2,2
420,96,2,2
421,96,2,2
422,96,2,2
423,96,2,2
424,96,2,2
425,96,2,2
426,95,3,2
427,95,3,2
428,95,3,2
429,95,3,2
430,95,3,2
431,95,3,2
432,95,3,2
433,95,3,2
434,95,3,2
435,95,3,2
436,95,3,2
437,95,3,2
438,95,3,2
439,94,4,2
440,94,4,2
441,94,4,2
442,94,4,2
443,94,4,2
444,94,4,2
445,94,4,2
446,94,4,2
447,94,4,2
448,94,4,2
449,94,4,2
450,94,4,2
451,94,3,3
452,94,3,3
453,94,3,3
454,94,3,3
455,94,3,3
456,94,3,3
457,94,3,3
458,94,3,3
459,94,3,3
460,94,3,3
461,94,3,3
462,94,3,3
463,94,3,3
464,94,3,3
465,94,3,3
466,94,3,3
467,94,3,3
468,94,3,3
469,94,3,3
470,94,3,3
471,94,3,3
472,94,3,3
473,94,3,3
474,94,3,3
475,94,3,3
476,94,3,3
477,94,3,3
478,94,3,3
479,94,3,3
480,94,3,3
481,94,3,3
482,94,3,3
483,94,3,3
484,94,3,3
485,94,3,3
486,94,3,3
487,94,3,3
488,94,3,3
489,94,3,3
490,94,3,3
491,94,3,3
492,94,3,3
493,94,3,3
494,94,3,3
495,94,3,3
496,93,4,3
497,93,4,3
498,93,4,3
499,93,4,3
500,93,4,3
501,93,4,3
502,93,4,3
503,93,4,3
504,93,4,3
505,93,4,3
506,93,4,3
507,93,4,3
508,93,4,3
509,93,4,3
510,93,4,3
511,93,4,3
512,93,4,3
513,93,4,3
514,93,4,3
515,93,4,3
516,93,4,3
517,93,4,3
518,93,4,3
519,93,4,3
520,93,4,3
521,93,4,3
522,93,4,3
523,93,4,3
524,93,4,3
525,93,4,3
526,93,4,3
527,93,4,3
528,93,4,3
529,91,6,3
530,91,6,3
531,91,6,3
532,90,7,3
533,90,7,3
534,90,7,3
535,90,7,3
536,90,7,3
537,90,7,3
538,90,7,3
539,90,7,3
540,90,7,3
541,90,7,3
542,90,7,3
543,90,7,3
544,90,7,3
545,90,7,3
546,90,7,3
547,90,7,3
548,90,7,3
549,90,7,3
550,90,7,3
551,90,7,3
552,89,8,3
553,89,8,3
554,89,8,3
555,89,8,3
556,89,8,3
557,89,8,3
558,89,8,3
559,89,8,3
560,89,8,3
561,89,8,3
562,89,8,3
563,89,8,3
564,89,8,3
565,89,8,3
566,89,8,3
567,89,8,3
568,89,8,3
569,89,8,3
570,89,8,3
571,89,8,3
572,89,8,3
573,89,8,3
574,89,8,3
575,88,9,3
576,88,8,4
577,88,8,4
578,88,8,4
579,88,8,4
580,88,8,4
581,88,8,4
582,88,8,4
583,87,9,4
584,87,9,4
585,87,9,4
586,87,9,4
587,87,9,4
588,86,10,4
589,86,10,4
590,86,10,4
591,86,10,4
592,86,10,4
593,86,10,4
594,86,10,4
595,86,10,4
596,86,10,4
597,86,10,4
598,85,11,4
599,85,11,4
600,85,11,4
601,85,11,4
602,84,12,4
603,84,12,4
604,84,12,4
605,84,12,4
606,82,14,4
607,81,15,4
608,81,15,4
609,81,15,4
610,80,16,4
611,80,16,4
612,80,16,4
613,80,16,4
614,79,17,4
615,79,17,4
616,79,17,4
617,79,17,4
618,79,17,4
619,79,17,4
620,79,17,4
621,79,17,4
622,79,17,4
623,79,16,5
624,79,16,5
625,79,16,5
626,79,16,5
627,78,17,5
628,78,16,6
629,78,16,6
630,78,15,7
631,78,15,7
632,78,15,7
633,78,15,7
634,77,16,7
635,77,16,7
636,77,16,7
637,77,16,7
638,77,16,7
639,77,15,8
640,77,15,8
641,77,15,8
642,77,15,8
643,77,15,8
644,77,15,8
645,77,15,8
646,77,15,8
647,77,15,8
648,77,15,8
649,77,15,8
650,77,15,8
651,77,14,9
652,77,14,9
653,77,14,9
654,76,15,9
655,76,15,9
656,76,15,9
657,76,15,9
658,76,15,9
659,76,15,9
660,76,15,9
661,76,15,9
662,76,15,9
663,76,15,9
664,76,15,9
665,76,15,9
666,75,16,9
667,75,16,9
668,75,16,9
669,75,16,9
670,75,16,9
671,75,16,9
672,75,16,9
673,75,15,10
674,74,15,11
675,74,15,11
676,74,15,11
677,74,15,11
678,74,15,11
679,74,15,11
680,74,15,11
681,74,15,11
682,73,16,11
683,72,17,11
684,70,19,11
685,70,19,11
686,70,19,11
687,70,19,11
688,70,19,11
689,70,18,12
690,70,18,12
691,70,18,12
692,70,18,12
693,69,19,12
694,69,19,12
695,69,19,12
696,68,20,12
697,68,20,12
698,68,20,12
699,68,20,12
700,67,21,12
701,67,21,12
702,67,21,12
703,67,20,13
704,67,20,13
705,67,20,13
706,67,20,13
707,67,19,14
708,67,19,14
709,67,19,14
710,67,19,14
711,67,19,14
712,67,19,14
713,67,19,14
714,67,19,14
715,67,19,14
716,67,19,14
717,67,19,14
718,67,18,15
719,67,18,15
720,67,18,15
721,66,19,15
722,66,19,15
723,66,19,15
724,66,19,15
725,66,19,15
726,65,20,15
727,65,20,15
728,65,20,15
729,65,20,15
730,65,20,15
731,65,20,15
732,65,20,15
733,65,20,15
734,65,20,15
735,65,20,15
736,65,20,15
737,65,19,16
738,65,19,16
739,65,19,16
740,65,19,16
741,65,19,16
742,64,20,16
743,64,20,16
744,64,20,16
745,64,20,16
746,64,20,16
747,63,20,17
748,63,19,18
749,63,19,18
750,63,19,18
751,62,20,18
752,61,21,18
753,61,21,18
754,60,22,18
755,60,22,18
756,60,21,19
757,59,22,19
758,59,22,19
759,59,22,19
760,59,22,19
761,59,22,19
762,59,22,19
763,59,22,19
764,58,23,19
765,58,23,19
766,58,23,19
767,57,24,19
768,57,24,19
769,57,24,19
770,57,24,19
771,57,24,19
772,57,24,19
773,57,23,20
774,57,23,20
775,57,23,20
776,57,23,20
777,57,23,20
778,57,23,20
779,57,23,20
780,56,24,20
781,56,24,20
782,56,24,20
783,56,24,20
784,56,24,20
785,56,24,20
786,56,24,20
787,55,25,20
788,55,25,20
789,55,25,20
790,54,26,20
791,54,26,20
792,54,26,20
793,53,27,20
794,53,27,20
795,52,28,20
796,52,28,20
797,52,28,20
798,52,28,20
799,52,28,20
800,52,27,21
801,52,27,21
802,52,26,22
803,52,26,22
804,52,26,22
805,52,26,22
806,51,27,22
807,50,28,22
808,50,28,22
809,50,28,22
810,50,27,23
811,49,28,23
812,48,29,23
813,48,29,23
814,47,30,23
815,47,30,23
816,47,30,23
817,47,30,23
818,47,30,23
819,47,30,23
820,47,30,23
821,46,31,23
822,46,31,23
823,46,31,23
824,46,31,23
825,46,31,23
826,46,31,23
827,44,33,23
828,44,33,23
829,43,34,23
830,43,33,24
831,43,33,24
832,43,33,24
833,43,33,24
834,43,33,24
835,43,33,24
836,43,33,24
837,43,33,24
838,43,33,24
839,43,33,24
840,43,33,24
841,43,33,24
842,43,33,24
843,43,33,24
844,43,33,24
845,43,33,24
846,42,34,24
847,42,34,24
848,42,34,24
849,42,34,24
850,42,34,24
851,42,34,24
852,42,34,24
853,42,34,24
854,42,34,24
855,42,34,24
856,42,34,24
857,42,34,24
858,42,34,24
859,42,34,24
860,42,34,24
861,42,34,24
862,42,34,24
863,42,34,24
864,42,34,24
865,42,34,24
866,41,35,24
867,40,36,24
868,40,36,24
869,40,36,24
870,40,36,24
871,40,36,24
872,40,36,24
873,40,36,24
874,40,36,24
875,40,36,24
876,40,36,24
877,40,36,24
878,40,36,24
879,40,36,24
880,40,36,24
881,40,36,24
882,40,36,24
883,40,35,25
884,40,35,25
885,40,35,25
886,40,35,25
887,40,35,25
888,40,35,25
889,40,35,25
890,40,35,25
891,40,35,25
892,40,35,25
893,40,35,25
894,40,35,25
895,40,35,25
896,39,36,25
897,39,36,25
898,39,36,25
899,39,36,25
900,39,36,25
901,39,36,25
902,39,36,25
903,39,36,25
904,39,36,25
905,39,36,25
906,39,36,25
907,39,36,25
908,39,36,25
909,39,36,25
910,39,35,26
911,39,35,26
912,38,36,26
913,38,35,27
914,38,35,27
915,38,35,27
916,38,35,27
917,38,34,28
918,38,34,28
919,37,35,28
920,36,36,28
921,36,36,28
922,36,36,28
923,36,36,28
924,36,36,28
925,36,36,28
926,36,36,28
927,36,36,28
928,36,36,28
929,35,37,28
930,35,37,28
931,35,37,28
932,35,36,29
933,35,36,29
934,35,36,29
935,35,36,29
936,35,36,29
937,35,35,30
938,35,35,30
939,35,35,30
940,35,35,30
941,35,35,30
942,35,35,30
943,35,35,30
944,35,35,30
945,35,35,30
946,35,35,30
947,35,35,30
948,35,35,30
949,35,35,30
950,35,35,30
951,35,35,30
952,35,35,30
953,35,35,30
954,35,35,30
955,35,35,30
956,35,35,30
957,34,36,30
958,34,36,30
959,34,36,30
960,34,36,30
961,34,36,30
962,33,37,30
963,33,37,30
964,33,37,30
965,33,37,30
966,32,38,30
967,32,38,30
968,32,38,30
969,31,39,30
970,31,39,30
971,31,39,30
972,31,39,30
973,31,39,30
974,31,39,30
975,31,39,30
976,31,39,30
977,31,39,30
978,31,39,30
979,31,39,30
980,31,39,30
981,31,39,30
982,31,39,30
983,31,39,30
984,31,38,31
985,31,38,31
986,31,38,31
987,31,38,31
988,31,38,31
989,31,38,31
990,31,38,31
991,31,38,31
992,31,38,31
993,31,38,31
994,31,37,32
995,31,37,32
996,31,37,32
997,31,37,32
998,31,37,32
999,31,37,32
1000,31,37,32
1001,31,37,32
1002,31,37,32
1003,31,37,32
1004,31,37,32
1005,31,37,32
1006,31,37,32
1007,31,37,32
1008,31,37,32
1009,30,38,32
1010,30,38,32
1011,30,37,33
1012,29,38,33
1013,29,38,33
1014,29,38,33
1015,28,39,33
1016,28,39,33
1017,28,38,34
1018,28,38,34
1019,28,38,34
1020,28,38,34
1021,27,39,34
1022,27,39,34
1023,27,38,35
1024,27,38,35
1025,27,36,37
1026,27,36,37
1027,27,36,37
1028,27,35,38
1029,27,35,38
1030,27,35,38
1031,27,35,38
1032,27,34,39
1033,26,35,39
1034,26,35,39
1035,26,35,39
1036,26,35,39
1037,26,35,39
1038,26,35,39
1039,26,35,39
1040,26,35,39
1041,26,35,39
1042,26,35,39
1043,25,36,39
1044,25,36,39
1045,25,36,39
1046,25,36,39
1047,24,37,39
1048,24,37,39
1049,24,37,39
1050,24,37,39
1051,24,37,39
1052,24,36,40
1053,24,36,40
1054,24,36,40
1055,24,36,40
1056,24,36,40
1057,24,36,40
1058,24,36,40
1059,24,36,40
1060,24,36,40
1061,24,36,40
1062,24,36,40
1063,24,36,40
1064,24,36,40
1065,24,36,40
1066,24,36,40
1067,24,36,40
1068,24,36,40
1069,24,36,40
1070,24,36,40
1071,24,36,40
1072,23,37,40
1073,23,37,40
1074,23,37,40
1075,23,37,40
1076,23,37,40
1077,23,37,40
1078,23,37,40
1079,23,36,41
1080,23,36,41
1081,23,36,41
1082,23,36,41
1083,23,36,41
1084,23,36,41
1085,23,36,41
1086,23,35,42
1087,23,35,42
1088,23,35,42
1089,23,34,43
1090,23,33,44
1091,23,33,44
1092,23,33,44
1093,23,33,44
1094,23,33,44
1095,22,34,44
1096,22,34,44
1097,22,34,44
1098,22,34,44
1099,22,34,44
1100,22,33,45
1101,21,34,45
1102,21,34,45
1103,21,34,45
1104,21,34,45
1105,21,34,45
1106,21,34,45
1107,21,34,45
1108,21,34,45
1109,21,34,45
1110,21,34,45
1111,21,33,46
1112,21,33,46
1113,21,32,47
1114,21,32,47
1115,21,32,47
1116,21,31,48
1117,20,32,48
1118,20,32,48
1119,20,32,48
1120,20,32,48
1121,20,32,48
1122,20,32,48
1123,20,32,48
1124,20,32,48
1125,20,32,48
1126,20,32,48
1127,20,32,48
1128,20,32,48
1129,20,32,48
1130,19,33,48
1131,19,33,48
1132,19,33,48
1133,19,33,48
1134,18,34,48
1135,18,34,48
1136,18,34,48
1137,18,34,48
1138,18,34,48
1139,18,34,48
1140,18,34,48
1141,17,35,48
1142,17,35,48
1143,17,35,48
1144,17,35,48
1145,17,35,48
1146,17,35,48
1147,17,35,48
1148,16,36,48
1149,15,37,48
1150,15,37,48
1151,15,37,48
1152,15,37,48
1153,15,37,48
1154,15,37,48
1155,15,37,48
1156,15,37,48
1157,15,37,48
1158,15,37,48
1159,15,37,48
1160,15,37,48
1161,15,37,48
1162,15,36,49
1163,15,36,49
1164,15,36,49
1165,15,35,50
1166,14,36,50
1167,14,36,50
1168,14,36,50
1169,14,36,50
1170,14,36,50
1171,14,36,50
1172,13,37,50
1173,13,37,50
1174,13,37,50
1175,13,37,50
1176,13,37,50
1177,13,37,50
1178,13,37,50
1179,13,37,50
1180,13,37,50
1181,13,37,50
1182,13,37,50
1183,12,38,50
1184,12,38,50
1185,12,38,50
1186,12,38,50
1187,12,38,50
1188,12,38,50
1189,12,38,50
1190,12,37,51
1191,12,36,52
1192,12,36,52
1193,11,36,53
1194,11,36,53
1195,11,36,53
1196,11,36,53
1197,11,36,53
1198,11,36,53
1199,11,35,54
1200,11,35,54
1201,11,35,54
1202,11,34,55
1203,11,34,55
1204,11,34,55
1205,11,34,55
1206,11,34,55
1207,11,34,55
1208,11,34,55
1209,11,34,55
1210,11,34,55
1211,11,34,55
1212,11,34,55
1213,11,34,55
1214,11,34,55
1215,11,34,55
1216,10,35,55
1217,10,35,55
1218,10,35,55
1219,10,35,55
1220,9,36,55
1221,9,36,55
1222,9,36,55
1223,9,36,55
1224,9,36,55
1225,9,36,55
1226,9,36,55
1227,9,36,55
1228,9,36,55
1229,9,36,55
1230,9,36,55
1231,9,36,55
1232,9,36,55
1233,9,36,55
1234,9,36,55
1235,9,36,55
1236,9,36,55
1237,9,35,56
1238,9,35,56
1239,9,35,56
1240,9,35,56
1241,9,35,56
1242,9,34,57
1243,9,34,57
1244,9,34,57
1245,9,34,57
1246,9,34,57
1247,9,34,57
1248,9,34,57
1249,9,33,58
1250,9,33,58
1251,9,33,58
1252,9,33,58
1253,9,33,58
1254,9,33,58
1255,9,33,58
1256,9,33,58
1257,9,33,58
1258,9,33,58
1259,9,32,59
1260,9,32,59
1261,9,32,59
1262,9,32,59
1263,9,32,59
1264,9,32,59
1265,9,32,59
1266,9,32,59
1267,7,34,59
1268,7,34,59
1269,7,34,59
1270,7,34,59
1271,7,34,59
1272,7,34,59
1273,7,34,59
1274,7,34,59
1275,7,34,59
1276,7,34,59
1277,7,34,59
1278,7,33,60
1279,7,33,60
1280,7,33,60
1281,7,33,60
1282,7,33,60
1283,7,33,60
1284,7,33,60
1285,7,33,60
1286,7,33,60
1287,7,33,60
1288,7,32,61
1289,7,32,61
1290,7,32,61
1291,7,32,61
1292,7,32,61
1293,7,32,61
1294,7,32,61
1295,7,32,61
1296,7,32,61
1297,7,32,61
1298,7,32,61
1299,7,32,61
1300,7,32,61
1301,7,32,61
1302,5,33,62
1303,4,34,62
1304,4,34,62
1305,4,34,62
1306,4,33,63
1307,4,33,63
1308,4,33,63
1309,4,33,63
1310,4,33,63
1311,3,34,63
1312,3,34,63
1313,3,34,63
1314,3,34,63
1315,3,34,63
1316,3,33,64
1317,3,33,64
1318,3,33,64
1319,3,33,64
1320,3,33,64
1321,3,33,64
1322,3,33,64
1323,3,33,64
1324,3,33,64
1325,3,33,64
1326,3,33,64
1327,3,33,64
1328,3,33,64
1329,3,33,64
1330,3,33,64
1331,3,33,64
1332,3,33,64
1333,3,33,64
1334,3,33,64
1335,3,33,64
1336,2,34,64
1337,2,33,65
1338,2,33,65
1339,2,33,65
1340,2,33,65
1341,2,33,65
1342,2,33,65
1343,2,32,66
1344,2,32,66
1345,2,32,66
1346,2,32,66
1347,2,32,66
1348,1,33,66
1349,1,33,66
1350,1,33,66
1351,1,33,66
1352,1,33,66
1353,1,33,66
1354,1,33,66
1355,1,33,66
1356,1,33,66
1357,1,33,66
1358,1,33,66
1359,1,33,66
1360,0,34,66
1361,0,34,66
1362,0,34,66
1363,0,34,66
1364,0,34,66
1365,0,34,66
1366,0,34,66
1367,0,34,66
1368,0,34,66
1369,0,34,66
1370,0,34,66
1371,0,33,67
1372,0,33,67
1373,0,33,67
1374,0,33,67
1375,0,33,67
1376,0,33,67
1377,0,33,67
1378,0,33,67
1379,0,33,67
1380,0,33,67
1381,0,33,67
1382,0,33,67
1383,0,33,67
1384,0,33,67
1385,0,33,67
1386,0,33,67
1387,0,33,67
1388,0,33,67
1389,0,33,67
1390,0,33,67
1391,0,33,67
1392,0,33,67
1393,0,33,67
1394,0,33,67
1395,0,33,67
1396,0,33,67
1397,0,33,67
1398,0,33,67
1399,0,33,67
1400,0,33,67
1401,0,33,67
1402,0,33,67
1403,0,33,67
1404,0,33,67
1405,0,33,67
1406,0,33,67
1407,0,33,67
1408,0,33,67
1409,0,33,67
1410,0,33,67
1411,0,32,68
1412,0,32,68
1413,0,32,68
1414,0,32,68
1415,0,32,68
1416,0,32,68
1417,0,32,68
1418,0,32,68
1419,0,32,68
1420,0,31,69
1421,0,31,69
1422,0,31,69
1423,0,31,69
1424,0,31,69
1425,0,31,69
1426,0,31,69
1427,0,31,69
1428,0,31,69
1429,0,31,69
1430,0,31,69
1431,0,31,69
1432,0,30,70
1433,0,30,70
1434,0,30,70
1435,0,30,70
1436,0,30,70
1437,0,30,70
1438,0,30,70
1439,0,30,70
1440,0,30,70
1441,0,30,70
1442,0,30,70
1443,0,30,70
1444,0,30,70
1445,0,30,70
1446,0,30,70
1447,0,30,70
1448,0,30,70
1449,0,30,70
1450,0,30,70
1451,0,30,70
1452,0,30,70
1453,0,30,70
1454,0,30,70
1455,0,30,70
1456,0,30,70
1457,0,30,70
1458,0,30,70
1459,0,30,70
1460,0,30,70
1461,0,30,70
1462,0,30,70
1463,0,30,70
1464,0,30,70
1465,0,30,70
1466,0,30,70
1467,0,30,70
1468,0,30,70
1469,0,30,70
1470,0,30,70
1471,0,30,70
1472,0,30,70
1473,0,30,70
1474,0,30,70
1475,0,30,70
1476,0,30,70
1477,0,30,70
1478,0,30,70
1479,0,29,71
1480,0,29,71
1481,0,29,71
1482,0,29,71
1483,0,29,71
1484,0,29,71
1485,0,29,71
1486,0,29,71
1487,0,29,71
1488,0,29,71
1489,0,29,71
1490,0,29,71
1491,0,29,71
1492,0,29,71
1493,0,29,71
1494,0,29,71
1495,0,29,71
1496,0,29,71
1497,0,29,71
1498,0,29,71
1499,0,29,71
1500,0,29,71
1501,0,29,71
1502,0,29,71
1503,0,29,71
1504,0,29,71
1505,0,29,71
1506,0,29,71
1507,0,29,71
1508,0,29,71
1509,0,29,71
1510,0,29,71
1511,0,29,71
1512,0,29,71
1513,0,29,71
1514,0,29,71
1515,0,29,71
1516,0,29,71
1517,0,29,71
1518,0,29,71
1519,0,29,71
1520,0,29,71
1521,0,29,71
1522,0,29,71
1523,0,29,71
1524,0,29,71
1525,0,28,72
1526,0,28,72
1527,0,28,72
1528,0,28,72
1529,0,28,72
1530,0,28,72
1531,0,28,72
1532,0,28,72
1533,0,28,72
1534,0,28,72
1535,0,28,72
1536,0,28,72
1537,0,28,72
1538,0,27,73
1539,0,27,73
1540,0,27,73
1541,0,27,73
1542,0,27,73
1543,0,27,73
1544,0,27,73
1545,0,27,73
1546,0,27,73
1547,0,27,73
1548,0,27,73
1549,0,27,73
1550,0,27,73
1551,0,27,73
1552,0,27,73
1553,0,27,73
1554,0,27,73
1555,0,27,73
1556,0,27,73
1557,0,27,73
1558,0,27,73
1559,0,27,73
1560,0,26,74
1561,0,26,74
1562,0,26,74
1563,0,26,74
1564,0,26,74
1565,0,26,74
1566,0,25,75
1567,0,25,75
1568,0,25,75
1569,0,25,75
1570,0,25,75
1571,0,25,75
1572,0,25,75
1573,0,25,75
1574,0,25,75
1575,0,24,76
1576,0,24,76
1577,0,24,76
1578,0,24,76
1579,0,24,76
1580,0,24,76
1581,0,24,76
1582,0,24,76
1583,0,24,76
1584,0,24,76
1585,0,24,76
1586,0,24,76
1587,0,24,76
1588,0,24,76
1589,0,24,76
1590,0,24,76
1591,0,24,76
1592,0,24,76
1593,0,24,76
1594,0,24,76
1595,0,24,76
1596,0,24,76
1597,0,24,76
1598,0,24,76
1599,0,24,76
1600,0,24,76
1601,0,24,76
1602,0,24,76
1603,0,24,76
1604,0,24,76
1605,0,24,76
1606,0,24,76
1607,0,24,76
1608,0,24,76
1609,0,24,76
1610,0,24,76
1611,0,24,76
1612,0,24,76
1613,0,24,76
1614,0,24,76
1615,0,24,76
1616,0,24,76
1617,0,24,76
1618,0,24,76
1619,0,24,76
1620,0,24,76
1621,0,24,76
1622,0,24,76
1623,0,24,76
1624,0,24,76
1625,0,24,76
1626,0,24,76
1627,0,24,76
1628,0,23,77
1629,0,23,77
1630,0,23,77
1631,0,23,77
1632,0,23,77
1633,0,23,77
1634,0,23,77
1635,0,22,78
1636,0,22,78
1637,0,22,78
1638,0,22,78
1639,0,22,78
1640,0,22,78
1641,0,22,78
1642,0,22,78
1643,0,22,78
1644,0,22,78
1645,0,22,78
1646,0,22,78
1647,0,22,78
1648,0,22,78
1649,0,22,78
1650,0,22,78
1651,0,22,78
1652,0,22,78
1653,0,22,78
1654,0,22,78
1655,0,22,78
1656,0,22,78
1657,0,22,78
1658,0,22,78
1659,0,22,78
1660,0,22,78
1661,0,22,78
1662,0,22,78
1663,0,22,78
1664,0,22,78
1665,0,22,78
1666,0,22,78
1667,0,22,78
1668,0,22,78
1669,0,22,78
1670,0,22,78
1671,0,22,78
1672,0,22,78
1673,0,22,78
1674,0,22,78
1675,0,22,78
1676,0,22,78
1677,0,22,78
1678,0,22,78
1679,0,22,78
1680,0,22,78
1681,0,22,78
1682,0,22,78
1683,0,22,78
1684,0,21,79
1685,0,21,79
1686,0,21,79
1687,0,21,79
1688,0,21,79
1689,0,21,79
1690,0,21,79
1691,0,21,79
1692,0,21,79
1693,0,21,79
1694,0,21,79
1695,0,21,79
1696,0,21,79
1697,0,21,79
1698,0,21,79
1699,0,21,79
1700,0,21,79
1701,0,21,79
1702,0,21,79
1703,0,21,79
1704,0,21,79
1705,0,21,79
1706,0,21,79
1707,0,21,79
1708,0,21,79
1709,0,21,79
1710,0,21,79
1711,0,21,79
1712,0,21,79
1713,0,21,79
1714,0,21,79
1715,0,21,79
1716,0,21,79
1717,0,21,79
1718,0,21,79
1719,0,21,79
1720,0,21,79
1721,0,21,79
1722,0,21,79
1723,0,21,79
1724,0,21,79
1725,0,21,79
1726,0,21,79
1727,0,21,79
1728,0,21,79
1729,0,21,79
1730,0,21,79
1731,0,21,79
1732,0,21,79
1733,0,21,79
1734,0,20,80
1735,0,20,80
1736,0,20,80
1737,0,20,80
1738,0,20,80
1739,0,20,80
1740,0,20,80
1741,0,20,80
1742,0,20,80
1743,0,20,80
1744,0,20,80
1745,0,20,80
1746,0,20,80
1747,0,20,80
1748,0,19,81
1749,0,19,81
1750,0,19,81
1751,0,18,82
1752,0,18,82
1753,0,18,82
1754,0,18,82
1755,0,18,82
1756,0,18,82
1757,0,18,82
1758,0,18,82
1759,0,17,83
1760,0,17,83
1761,0,16,84
1762,0,16,84
1763,0,16,84
1764,0,16,84
1765,0,16,84
1766,0,16,84
1767,0,16,84
1768,0,16,84
1769,0,16,84
1770,0,16,84
1771,0,16,84
1772,0,16,84
1773,0,16,84
1774,0,16,84
1775,0,16,84
1776,0,16,84
1777,0,16,84
1778,0,16,84
1779,0,16,84
1780,0,16,84
1781,0,16,84
1782,0,16,84
1783,0,16,84
1784,0,16,84
1785,0,16,84
1786,0,16,84
1787,0,16,84
1788,0,16,84
1789,0,16,84
1790,0,16,84
1791,0,16,84
1792,0,16,84
1793,0,16,84
1794,0,16,84
1795,0,16,84
1796,0,16,84
1797,0,16,84
1798,0,16,84
1799,0,16,84
1800,0,16,84
1801,0,16,84
1802,0,16,84
1803,0,16,84
1804,0,16,84
1805,0,16,84
1806,0,16,84
1807,0,16,84
1808,0,16,84
1809,0,16,84
1810,0,16,84
1811,0,16,84
1812,0,16,84
1813,0,16,84
1814,0,16,84
1815,0,16,84
1816,0,16,84
1817,0,16,84
1818,0,16,84
1819,0,16,84
1820,0,16,84
1821,0,16,84
1822,0,16,84
1823,0,16,84
1824,0,16,84
1825,0,16,84
1826,0,16,84
1827,0,16,84
1828,0,16,84
1829,0,16,84
1830,0,16,84
1831,0,16,84
1832,0,16,84
1833,0,16,84
1834,0,16,84
1835,0,16,84
1836,0,16,84
1837,0,16,84
1838,0,15,85
1839,0,15,85
1840,0,15,85
1841,0,15,85
1842,0,15,85
1843,0,15,85
1844,0,15,85
1845,0,15,85
1846,0,15,85
1847,0,15,85
1848,0,15,85
1849,0,15,85
1850,0,15,85
1851,0,15,85
1852,0,15,85
1853,0,15,85
1854,0,15,85
1855,0,15,85
1856,0,15,85
1857,0,15,85
1858,0,15,85
1859,0,15,85
1860,0,15,85
1861,0,15,85
1862,0,15,85
1863,0,15,85
1864,0,15,85
1865,0,15,85
1866,0,15,85
1867,0,15,85
1868,0,15,85
1869,0,15,85
1870,0,15,85
1871,0,15,85
1872,0,15,85
1873,0,15,85
1874,0,15,85
1875,0,15,85
1876,0,15,85
1877,0,15,85
1878,0,15,85
1879,0,15,85
1880,0,15,85
1881,0,15,85
1882,0,15,85
1883,0,15,85
1884,0,15,85
1885,0,15,85
1886,0,15,85
1887,0,15,85
1888,0,15,85
1889,0,15,85
1890,0,15,85
1891,0,15,85
1892,0,15,85
1893,0,15,85
1894,0,15,85
1895,0,15,85
1896,0,15,85
1897,0,15,85
1898,0,15,85
1899,0,15,85
1900,0,15,85
1901,0,15,85
1902,0,15,85
1903,0,15,85
1904,0,15,85
1905,0,15,85
1906,0,15,85
1907,0,15,85
1908,0,15,85
1909,0,15,85
1910,0,15,85
1911,0,15,85
1912,0,15,85
1913,0,15,85
1914,0,15,85
1915,0,15,85
1916,0,15,85
1917,0,15,85
1918,0,15,85
1919,0,15,85
1920,0,15,85
1921,0,15,85
1922,0,15,85
1923,0,15,85
1924,0,15,85
1925,0,15,85
1926,0,15,85
1927,0,15,85
1928,0,15,85
1929,0,15,85
1930,0,15,85
1931,0,15,85
1932,0,15,85
1933,0,15,85
1934,0,15,85
1935,0,15,85
1936,0,15,85
1937,0,15,85
1938,0,15,85
1939,0,15,85
1940,0,15,85
1941,0,15,85
1942,0,15,85
1943,0,15,85
1944,0,15,85
1945,0,15,85
1946,0,15,85
1947,0,15,85
1948,0,15,85
1949,0,15,85
1950,0,15,85
1951,0,15,85
1952,0,15,85
1953,0,15,85
1954,0,15,85
1955,0,15,85
1956,0,15,85
1957,0,15,85
1958,0,15,85
1959,0,15,85
1960,0,15,85
1961,0,15,85
1962,0,15,85
1963,0,15,85
1964,0,15,85
1965,0,15,85
1966,0,15,85
1967,0,15,85
1968,0,15,85
1969,0,15,85
1970,0,15,85
1971,0,14,86
1972,0,14,86
1973,0,14,86
1974,0,14,86
1975,0,14,86
1976,0,14,86
1977,0,14,86
1978,0,14,86
1979,0,14,86
1980,0,14,86
1981,0,14,86
1982,0,14,86
1983,0,14,86
1984,0,14,86
1985,0,14,86
1986,0,14,86
1987,0,14,86
1988,0,14,86
1989,0,14,86
1990,0,14,86
1991,0,14,86
1992,0,14,86
1993,0,14,86
1994,0,14,86
1995,0,14,86
1996,0,14,86
1997,0,14,86
1998,0,14,86
1999,0,14,86
2000,0,14,86
2001,0,14,86
2002,0,14,86
2003,0,14,86
2004,0,14,86
2005,0,14,86
2006,0,14,86
2007,0,14,86
2008,0,14,86
2009,0,14,86
2010,0,14,86
2011,0,14,86
2012,0,14,86
2013,0,14,86
2014,0,14,86
2015,0,14,86
2016,0,14,86
2017,0,14,86
2018,0,14,86
2019,0,14,86
2020,0,14,86
2021,0,14,86
2022,0,14,86
2023,0,14,86
2024,0,14,86
2025,0,13,87
2026,0,13,87
2027,0,13,87
2028,0,13,87
2029,0,13,87
2030,0,13,87
2031,0,13,87
2032,0,13,87
2033,0,13,87
2034,0,13,87
2035,0,13,87
2036,0,13,87
2037,0,13,87
2038,0,13,87
2039,0,13,87
2040,0,13,87
2041,0,13,87
2042,0,13,87
2043,0,13,87
2044,0,12,88
2045,0,12,88
2046,0,12,88
2047,0,12,88
2048,0,12,88
2049,0,12,88
2050,0,12,88
2051,0,12,88
2052,0,12,88
2053,0,12,88
2054,0,12,88
2055,0,12,88
2056,0,12,88
2057,0,12,88
2058,0,12,88
2059,0,12,88
2060,0,12,88
2061,0,12,88
2062,0,12,88
2063,0,12,88
2064,0,12,88
2065,0,12,88
2066,0,12,88
2067,0,12,88
2068,0,12,88
2069,0,12,88
2070,0,12,88
2071,0,12,88
2072,0,12,88
2073,0,12,88
2074,0,12,88
2075,0,12,88
2076,0,12,88
2077,0,12,88
2078,0,12,88
2079,0,12,88
2080,0,12,88
2081,0,12,88
2082,0,12,88
2083,0,12,88
2084,0,12,88
2085,0,12,88
2086,0,12,88
2087,0,12,88
2088,0,12,88
2089,0,12,88
2090,0,12,88
2091,0,12,88
2092,0,12,88
2093,0,12,88
2094,0,11,89
2095,0,11,89
2096,0,11,89
2097,0,11,89
2098,0,11,89
2099,0,11,89
2100,0,11,89
2101,0,11,89
2102,0,11,89
2103,0,11,89
2104,0,11,89
2105,0,11,89
2106,0,11,89
2107,0,11,89
2108,0,11,89
2109,0,11,89
2110,0,11,89
2111,0,11,89
2112,0,11,89
2113,0,11,89
2114,0,11,89
2115,0,11,89
2116,0,11,89
2117,0,11,89
2118,0,11,89
2119,0,11,89
2120,0,11,89
2121,0,11,89
2122,0,11,89
2123,0,11,89
2124,0,11,89
2125,0,10,90
2126,0,10,90
2127,0,10,90
2128,0,10,90
2129,0,10,90
2130,0,10,90
2131,0,10,90
2132,0,10,90
2133,0,10,90
2134,0,10,90
2135,0,10,90
2136,0,10,90
2137,0,10,90
2138,0,10,90
2139,0,10,90
2140,0,10,90
2141,0,10,90
2142,0,10,90
2143,0,9,91
2144,0,9,91
2145,0,9,91
2146,0,9,91
2147,0,9,91
2148,0,9,91
2149,0,9,91
2150,0,9,91
2151,0,9,91
2152,0,9,91
2153,0,9,91
2154,0,9,91
2155,0,9,91
2156,0,9,91
2157,0,9,91
2158,0,9,91
2159,0,9,91
2160,0,9,91
2161,0,9,91
2162,0,9,91
2163,0,9,91
2164,0,9,91
2165,0,9,91
2166,0,9,91
2167,0,9,91
2168,0,9,91
2169,0,9,91
2170,0,9,91
2171,0,9,91
2172,0,9,91
2173,0,9,91
2174,0,9,91
2175,0,9,91
2176,0,9,91
2177,0,9,91
2178,0,9,91
2179,0,9,91
2180,0,9,91
2181,0,9,91
2182,0,9,91
2183,0,9,91
2184,0,9,91
2185,0,9,91
2186,0,8,92
2187,0,8,92
2188,0,8,92
2189,0,8,92
2190,0,8,92
2191,0,8,92
2192,0,8,92
2193,0,8,92
2194,0,8,92
2195,0,8,92
2196,0,8,92
2197,0,8,92
2198,0,8,92
2199,0,8,92
2200,0,8,92
2201,0,8,92
2202,0,8,92
2203,0,8,92
2204,0,8,92
2205,0,8,92
2206,0,8,92
2207,0,8,92
2208,0,8,92
2209,0,8,92
2210,0,8,92
2211,0,8,92
2212,0,8,92
2213,0,8,92
2214,0,8,92
2215,0,8,92
2216,0,8,92
2217,0,8,92
2218,0,8,92
2219,0,8,92
2220,0,8,92
2221,0,8,92
2222,0,8,92
2223,0,8,92
2224,0,8,92
2225,0,8,92
2226,0,8,92
2227,0,8,92
2228,0,8,92
2229,0,8,92
2230,0,8,92
2231,0,8,92
2232,0,8,92
2233,0,8,92
2234,0,8,92
2235,0,8,92
2236,0,8,92
2237,0,8,92
2238,0,8,92
2239,0,8,92
2240,0,8,92
2241,0,8,92
2242,0,8,92
2243,0,8,92
2244,0,8,92
2245,0,8,92
2246,0,8,92
2247,0,8,92
2248,0,8,92
2249,0,8,92
2250,0,8,92
2251,0,8,92
2252,0,7,93
2253,0,7,93
2254,0,7,93
2255,0,7,93
2256,0,7,93
2257,0,7,93
2258,0,7,93
2259,0,7,93
2260,0,7,93
2261,0,7,93
2262,0,7,93
2263,0,7,93
2264,0,7,93
2265,0,7,93
2266,0,7,93
2267,0,7,93
2268,0,7,93
2269,0,7,93
2270,0,7,93
2271,0,7,93
2272,0,7,93
2273,0,7,93
2274,0,7,93
2275,0,7,93
2276,0,7,93
2277,0,7,93
2278,0,7,93
2279,0,7,93
2280,0,7,93
2281,0,7,93
2282,0,7,93
2283,0,7,93
2284,0,7,93
2285,0,7,93
2286,0,7,93
2287,0,7,93
2288,0,7,93
2289,0,7,93
2290,0,7,93
2291,0,7,93
2292,0,7,93
2293,0,7,93
2294,0,7,93
2295,0,7,93
2296,0,7,93
2297,0,7,93
2298,0,7,93
2299,0,7,93
2300,0,7,93
2301,0,7,93
2302,0,7,93
2303,0,7,93
2304,0,7,93
2305,0,7,93
2306,0,7,93
2307,0,7,93
2308,0,7,93
2309,0,7,93
2310,0,7,93
2311,0,7,93
2312,0,7,93
2313,0,7,93
2314,0,7,93
2315,0,7,93
2316,0,7,93
2317,0,7,93
2318,0,7,93
2319,0,7,93
2320,0,7,93
2321,0,7,93
2322,0,7,93
2323,0,7,93
2324,0,7,93
2325,0,7,93
2326,0,7,93
2327,0,7,93
2328,0,7,93
2329,0,7,93
2330,0,7,93
2331,0,7,93
2332,0,7,93
2333,0,7,93
2334,0,7,93
2335,0,7,93
2336,0,7,93
2337,0,7,93
2338,0,7,93
2339,0,7,93
2340,0,7,93
2341,0,7,93
2342,0,7,93
2343,0,7,93
2344,0,7,93
2345,0,7,93
2346,0,7,93
2347,0,7,93
2348,0,7,93
2349,0,7,93
2350,0,7,93
2351,0,7,93
2352,0,7,93
2353,0,7,93
2354,0,7,93
2355,0,7,93
2356,0,7,93
2357,0,7,93
2358,0,7,93
2359,0,7,93
2360,0,7,93
2361,0,7,93
2362,0,7,93
2363,0,7,93
2364,0,7,93
2365,0,7,93
2366,0,7,93
2367,0,7,93
2368,0,7,93
2369,0,7,93
2370,0,7,93
2371,0,7,93
2372,0,7,93
2373,0,7,93
2374,0,7,93
2375,0,7,93
2376,0,7,93
2377,0,7,93
2378,0,7,93
2379,0,7,93
2380,0,6,94
2381,0,6,94
2382,0,6,94
2383,0,6,94
2384,0,6,94
2385,0,6,94
2386,0,6,94
2387,0,6,94
2388,0,6,94
2389,0,6,94
2390,0,6,94
2391,0,6,94
2392,0,6,94
2393,0,6,94
2394,0,6,94
2395,0,5,95
2396,0,5,95
2397,0,5,95
2398,0,5,95
2399,0,5,95
2400,0,5,95
2401,0,5,95
2402,0,5,95
2403,0,5,95
2404,0,5,95
2405,0,5,95
2406,0,5,95
2407,0,5,95
2408,0,5,95
2409,0,5,95
2410,0,5,95
2411,0,5,95
2412,0,5,95
2413,0,5,95
2414,0,5,95
2415,0,5,95
2416,0,5,95
2417,0,5,95
2418,0,5,95
2419,0,5,95
2420,0,5,95
2421,0,5,95
2422,0,5,95
2423,0,5,95
2424,0,5,95
2425,0,5,95
2426,0,5,95
2427,0,5,95
2428,0,5,95
2429,0,5,95
2430,0,5,95
2431,0,5,95
2432,0,5,95
2433,0,5,95
2434,0,5,95
2435,0,5,95
2436,0,5,95
2437,0,5,95
2438,0,5,95
2439,0,5,95
2440,0,5,95
2441,0,5,95
2442,0,5,95
2443,0,5,95
2444,0,5,95
2445,0,5,95
2446,0,5,95
2447,0,5,95
2448,0,5,95
2449,0,5,95
2450,0,5,95
2451,0,5,95
2452,0,5,95
2453,0,5,95
2454,0,5,95
2455,0,5,95
2456,0,5,95
2457,0,5,95
2458,0,5,95
2459,0,5,95
2460,0,5,95
2461,0,5,95
2462,0,5,95
2463,0,5,95
2464,0,5,95
2465,0,5,95
2466,0,5,95
2467,0,5,95
2468,0,5,95
2469,0,5,95
2470,0,5,95
2471,0,5,95
2472,0,5,95
2473,0,5,95
2474,0,5,95
2475,0,5,95
2476,0,5,95
2477,0,5,95
2478,0,5,95
2479,0,5,95
2480,0,5,95
2481,0,5,95
2482,0,5,95
2483,0,5,95
2484,0,5,95
2485,0,5,95
2486,0,5,95
2487,0,5,95
2488,0,5,95
2489,0,5,95
2490,0,5,95
2491,0,5,95
2492,0,5,95
2493,0,5,95
2494,0,5,95
2495,0,5,95
2496,0,5,95
2497,0,5,95
2498,0,5,95
2499,0,5,95
2500,0,5,95
2501,0,5,95
2502,0,5,95
2503,0,5,95
2504,0,5,95
2505,0,4,96
2506,0,4,96
2507,0,4,96
2508,0,4,96
2509,0,4,96
2510,0,4,96
2511,0,4,96
2512,0,4,96
2513,0,4,96
2514,0,4,96
2515,0,4,96
2516,0,4,96
2517,0,4,96
2518,0,4,96
2519,0,4,96
2520,0,4,96
2521,0,4,96
2522,0,4,96
2523,0,4,96
2524,0,4,96
2525,0,4,96
2526,0,4,96
2527,0,4,96
2528,0,4,96
2529,0,4,96
2530,0,4,96
2531,0,4,96
2532,0,4,96
2533,0,4,96
2534,0,4,96
2535,0,4,96
2536,0,4,96
2537,0,4,96
2538,0,4,96
2539,0,4,96
2540,0,4,96
2541,0,4,96
2542,0,4,96
2543,0,4,96
2544,0,4,96
2545,0,4,96
2546,0,4,96
2547,0,4,96
2548,0,4,96
2549,0,4,96
2550,0,3,97
2551,0,3,97
2552,0,3,97
2553,0,3,97
2554,0,3,97
2555,0,3,97
2556,0,3,97
2557,0,3,97
2558,0,3,97
2559,0,3,97
2560,0,2,98
2561,0,2,98
2562,0,2,98
2563,0,2,98
2564,0,2,98
2565,0,2,98
2566,0,2,98
2567,0,2,98
2568,0,2,98
2569,0,2,98
2570,0,2,98
2571,0,2,98
2572,0,2,98
2573,0,2,98
2574,0,2,98
2575,0,2,98
2576,0,2,98
2577,0,2,98
2578,0,2,98
2579,0,2,98
2580,0,2,98
2581,0,2,98
2582,0,2,98
2583,0,2,98
2584,0,2,98
2585,0,2,98
2586,0,2,98
2587,0,2,98
2588,0,2,98
2589,0,2,98
2590,0,2,98
2591,0,2,98
2592,0,2,98
2593,0,2,98
2594,0,2,98
2595,0,2,98
2596,0,2,98
2597,0,2,98
2598,0,2,98
2599,0,2,98
2600,0,2,98
2601,0,2,98
2602,0,2,98
2603,0,2,98
2604,0,2,98
2605,0,2,98
2606,0,2,98
2607,0,2,98
2608,0,2,98
2609,0,2,98
2610,0,2,98
2611,0,2,98
2612,0,2,98
2613,0,2,98
2614,0,2,98
2615,0,2,98
2616,0,2,98
2617,0,2,98
2618,0,2,98
2619,0,1,99
2620,0,1,99
2621,0,1,99
2622,0,1,99
2623,0,1,99
2624,0,1,99
2625,0,1,99
2626,0,1,99
2627,0,1,99
2628,0,1,99
2629,0,1,99
2630,0,1,99
2631,0,1,99
2632,0,1,99
2633,0,1,99
2634,0,1,99
2635,0,1,99
2636,0,1,99
2637,0,1,99
2638,0,1,99
2639,0,1,99
2640,0,1,99
2641,0,1,99
2642,0,1,99
2643,0,1,99
2644,0,1,99
2645,0,1,99
2646,0,1,99
2647,0,1,99
2648,0,1,99
2649,0,1,99
2650,0,1,99
2651,0,1,99
2652,0,1,99
2653,0,1,99
2654,0,1,99
2655,0,1,99
2656,0,1,99
2657,0,1,99
2658,0,1,99
2659,0,1,99
2660,0,1,99
2661,0,1,99
2662,0,1,99
2663,0,1,99
2664,0,1,99
2665,0,1,99
2666,0,1,99
2667,0,1,99
2668,0,1,99
2669,0,1,99
2670,0,1,99
2671,0,1,99
2672,0,1,99
2673,0,1,99
2674,0,1,99
2675,0,1,99
2676,0,1,99
2677,0,1,99
2678,0,1,99
2679,0,1,99
2680,0,1,99
2681,0,1,99
2682,0,1,99
2683,0,1,99
2684,0,1,99
2685,0,1,99
2686,0,1,99
2687,0,1,99
2688,0,1,99
2689,0,1,99
2690,0,1,99
2691,0,1,99
2692,0,1,99
2693,0,1,99
2694,0,1,99
2695,0,1,99
2696,0,1,99
2697,0,1,99
2698,0,1,99
2699,0,1,99
2700,0,1,99
2701,0,1,99
2702,0,1,99
2703,0,1,99
2704,0,1,99
2705,0,1,99
2706,0,1,99
2707,0,1,99
2708,0,1,99
2709,0,1,99
2710,0,1,99
2711,0,1,99
2712,0,1,99
2713,0,1,99
2714,0,1,99
2715,0,1,99
2716,0,1,99
2717,0,1,99
2718,0,1,99
2719,0,1,99
2720,0,1,99
2721,0,1,99
2722,0,1,99
2723,0,1,99
2724,0,1,99
2725,0,1,99
2726,0,1,99
2727,0,1,99
2728,0,1,99
2729,0,1,99
2730,0,1,99
2731,0,1,99
2732,0,1,99
2733,0,1,99
2734,0,1,99
2735,0,1,99
2736,0,1,99
2737,0,1,99
2738,0,1,99
2739,0,1,99
2740,0,1,99
2741,0,0,100
2742,0,0,100
2743,0,0,100
2744,0,0,100
2745,0,0,100
2746,0,0,100
2747,0,0,100
2748,0,0,100
2749,0,0,100
2750,0,0,100
2751,0,0,100
2752,0,0,100
2753,0,0,100
2754,0,0,100
2755,0,0,100
2756,0,0,100
2757,0,0,100
2758,0,0,100
2759,0,0,100
2760,0,0,100
2761,0,0,100
2762,0,0,100
2763,0,0,100
2764,0,0,100
2765,0,0,100
2766,0,0,100
2767,0,0,100
2768,0,0,100
2769,0,0,100
2770,0,0,100
2771,0,0,100
2772,0,0,100
2773,0,0,100
2774,0,0,100
2775,0,0,100
2776,0,0,100
2777,0,0,100
2778,0,0,100
2779,0,0,100
2780,0,0,100
2781,0,0,100
2782,0,0,100
2783,0,0,100
2784,0,0,100
2785,0,0,100
2786,0,0,100
2787,0,0,100
2788,0,0,100
2789,0,0,100
2790,0,0,100
2791,0,0,100
2792,0,0,100
2793,0,0,100
2794,0,0,100
2795,0,0,100
2796,0,0,100
2797,0,0,100
2798,0,0,100
2799,0,0,100
2800,0,0,100
2801,0,0,100
2802,0,0,100
2803,0,0,100
2804,0,0,100
2805,0,0,100
2806,0,0,100
2807,0,0,100
2808,0,0,100
2809,0,0,100
2810,0,0,100
2811,0,0,100
2812,0,0,100
2813,0,0,100
2814,0,0,100
2815,0,0,100
2816,0,0,100
2817,0,0,100
2818,0,0,100
2819,0,0,100
2820,0,0,100
2821,0,0,100
2822,0,0,100
2823,0,0,100
2824,0,0,100
2825,0,0,100
2826,0,0,100
2827,0,0,100
2828,0,0,100
2829,0,0,100
2830,0,0,100
2831,0,0,100
2832,0,0,100
2833,0,0,100
2834,0,0,100
2835,0,0,100
2836,0,0,100
2837,0,0,100
2838,0,0,100
2839,0,0,100
2840,0,0,100
2841,0,0,100
2842,0,0,100
2843,0,0,100
2844,0,0,100
2845,0,0,100
2846,0,0,100
2847,0,0,100
2848,0,0,100
2849,0,0,100
2850,0,0,100
2851,0,0,100
2852,0,0,100
2853,0,0,100
2854,0,0,100
2855,0,0,100
2856,0,0,100
2857,0,0,100
2858,0,0,100
2859,0,0,100
2860,0,0,100
2861,0,0,100
2862,0,0,100
2863,0,0,100
2864,0,0,100
2865,0,0,100
2866,0,0,100
2867,0,0,100
2868,0,0,100
2869,0,0,100
2870,0,0,100
2871,0,0,100
2872,0,0,100
2873,0,0,100
2874,0,0,100
2875,0,0,100
2876,0,0,100
2877,0,0,100
2878,0,0,100
2879,0,0,100
2880,0,0,100
2881,0,0,100
2882,0,0,100
2883,0,0,100
2884,0,0,100
2885,0,0,100
2886,0,0,100
2887,0,0,100
2888,0,0,100
2889,0,0,100
2890,0,0,100
2891,0,0,100
2892,0,0,100
2893,0,0,100
2894,0,0,100
2895,0,0,100
2896,0,0,100
2897,0,0,100
2898,0,0,100
2899,0,0,100
2900,0,0,100
2901,0,0,100
2902,0,0,100
2903,0,0,100
2904,0,0,100
2905,0,0,100
2906,0,0,100
2907,0,0,100
2908,0,0,100
2909,0,0,100
2910,0,0,100
2911,0,0,100
2912,0,0,100
2913,0,0,100
2914,0,0,100
2915,0,0,100
2916,0,0,100
2917,0,0,100
2918,0,0,100
2919,0,0,100
2920,0,0,100
2921,0,0,100
2922,0,0,100
2923,0,0,100
2924,0,0,100
2925,0,0,100
2926,0,0,100
2927,0,0,100
2928,0,0,100
2929,0,0,100
2930,0,0,100
2931,0,0,100
2932,0,0,100
2933,0,0,100
2934,0,0,100
2935,0,0,100
2936,0,0,100
2937,0,0,100
2938,0,0,100
2939,0,0,100
2940,0,0,100
2941,0,0,100
2942,0,0,100
2943,0,0,100
2944,0,0,100
2945,0,0,100
2946,0,0,100
2947,0,0,100
2948,0,0,100
2949,0,0,100
2950,0,0,100
2951,0,0,100
2952,0,0,100
2953,0,0,100
2954,0,0,100
2955,0,0,100
2956,0,0,100
2957,0,0,100
2958,0,0,100
2959,0,0,100
2960,0,0,100
2961,0,0,100
2962,0,0,100
2963,0,0,100
2964,0,0,100
2965,0,0,100
2966,0,0,100
2967,0,0,100
2968,0,0,100
2969,0,0,100
2970,0,0,100
2971,0,0,100
2972,0,0,100
2973,0,0,100
2974,0,0,100
2975,0,0,100
2976,0,0,100
2977,0,0,100
2978,0,0,100
2979,0,0,100
2980,0,0,100
2981,0,0,100
2982,0,0,100
2983,0,0,100
2984,0,0,100
2985,0,0,100
2986,0,0,100
2987,0,0,100
2988,0,0,100
2989,0,0,100
2990,0,0,100
2991,0,0,100
2992,0,0,100
2993,0,0,100
2994,0,0,100
2995,0,0,100
2996,0,0,100
2997,0,0,100
2998,0,0,100
2999,0,0,100
3000,0,0,100
