Time,Healthy,Undetectable,Detectable
0,97,3,0
1,97,3,0
2,97,3,0
3,97,3,0
4,97,3,0
5,97,3,0
6,97,3,0
7,97,3,0
8,97,3,0
9,97,3,0
10,97,3,0
11,97,3,0
12,97,3,0
13,97,3,0
14,97,3,0
15,97,3,0
16,97,3,0
17,97,3,0
18,97,3,0
19,97,3,0
20,97,3,0
21,97,3,0
22,97,3,0
23,97,3,0
24,97,3,0
25,97,3,0
26,97,3,0
27,97,3,0
28,97,2,1
29,97,2,1
30,97,2,1
31,97,2,1
32,97,2,1
33,97,2,1
34,97,2,1
35,97,2,1
36,97,2,1
37,97,2,1
38,97,2,1
39,97,2,1
40,97,2,1
41,97,2,1
42,97,2,1
43,97,2,1
44,97,2,1
45,97,2,1
46,97,2,1
47,97,2,1
48,97,2,1
49,97,2,1
50,97,2,1
51,97,2,1
52,97,2,1
53,97,2,1
54,97,2,1
55,97,2,1
56,97,2,1
57,97,2,1
58,97,2,1
59,97,2,1
60,97,2,1
61,97,2,1
62,97,2,1
63,97,2,1
64,97,2,1
65,97,2,1
66,97,2,1
67,97,2,1
68,97,2,1
69,97,2,1
70,97,2,1
71,97,2,1
72,97,2,1
73,97,2,1
74,97,2,1
75,97,2,1
76,97,2,1
77,97,2,1
78,97,2,1
79,97,2,1
80,97,2,1
81,97,2,1
82,97,2,1
83,97,2,1
84,97,2,1
85,97,2,1
86,97,2,1
87,97,2,1
88,97,2,1
89,97,2,1
90,97,2,1
91,97,2,1
92,97,2,1
93,97,2,1
94,97,2,1
95,97,2,1
96,97,2,1
97,97,2,1
98,97,2,1
99,97,2,1
100,97,2,1
101,97,2,1
102,97,2,1
103,97,2,1
104,97,2,1
105,97,2,1
106,97,2,1
107,97,2,1
108,97,2,1
109,97,2,1
110,97,2,1
111,97,2,1
112,97,2,1
113,97,2,1
114,97,2,1
115,97,2,1
116,97,2,1
117,97,2,1
118,97,2,1
119,97,2,1
120,97,2,1
121,97,2,1
122,97,2,1
123,97,2,1
124,97,2,1
125,97,2,1
126,97,2,1
127,97,2,1
128,97,2,1
129,97,2,1
130,97,2,1
131,97,2,1
132,97,2,1
133,97,2,1
134,97,2,1
135,97,2,1
136,97,2,1
137,97,2,1
138,97,2,1
139,97,2,1
140,97,2,1
141,97,2,1
142,97,2,1
143,97,2,1
144,97,2,1
145,97,2,1
146,97,2,1
147,97,2,1
148,97,2,1
149,97,2,1
150,97,2,1
151,97,2,1
152,97,2,1
153,97,2,1
154,97,2,1
155,97,2,1
156,97,1,2
157,97,1,2
158,97,1,2
159,97,1,2
160,97,1,2
161,97,1,2
162,97,1,2
163,97,1,2
164,97,1,2
165,97,1,2
166,97,1,2
167,97,1,2
168,97,1,2
169,97,1,2
170,97,1,2
171,97,1,2
172,97,1,2
173,97,1,2
174,97,1,2
175,97,1,2
176,97,1,2
177,97,1,2
178,97,1,2
179,97,1,2
180,97,1,2
181,97,1,2
182,97,1,2
183,97,1,2
184,97,1,2
185,97,1,2
186,97,1,2
187,97,1,2
188,97,1,2
189,97,1,2
190,97,1,2
191,97,1,2
192,97,1,2
193,97,1,2
194,97,1,2
195,97,1,2
196,97,1,2
197,97,1,2
198,97,1,2
199,96,2,2
200,96,2,2
201,96,2,2
202,96,2,2
203,96,2,2
204,96,2,2
205,96,2,2
206,96,2,2
207,96,2,2
208,96,2,2
209,96,2,2
210,96,2,2
211,96,2,2
212,96,2,2
213,96,2,2
214,96,2,2
215,96,2,2
216,96,2,2
217,96,2,2
218,96,2,2
219,96,2,2
220,96,2,2
221,96,2,2
222,96,2,2
223,96,2,2
224,96,2,2
225,96,2,2
226,96,2,2
227,96,1,3
228,96,1,3
229,96,1,3
230,96,1,3
231,96,1,3
232,96,1,3
233,96,1,3
234,96,1,3
235,96,1,3
236,96,1,3
237,96,1,3
238,96,1,3
239,96,1,3
240,96,1,3
241,96,1,3
242,96,1,3
243,96,1,3
244,96,1,3
245,96,1,3
246,96,1,3
247,96,1,3
248,96,1,3
249,96,1,3
250,96,1,3
251,96,1,3
252,96,1,3
253,96,1,3
254,96,1,3
255,96,1,3
256,96,1,3
257,96,1,3
258,96,1,3
259,96,1,3
260,96,1,3
261,96,1,3
262,96,1,3
263,96,1,3
264,95,2,3
265,95,2,3
266,95,2,3
267,95,2,3
268,95,2,3
269,95,2,3
270,95,2,3
271,95,2,3
272,95,2,3
273,95,2,3
274,95,2,3
275,95,2,3
276,95,2,3
277,95,2,3
278,95,2,3
279,95,2,3
280,95,2,3
281,95,2,3
282,95,2,3
283,95,2,3
284,95,2,3
285,95,2,3
286,95,2,3
287,95,2,3
288,95,2,3
289,95,2,3
290,95,2,3
291,95,2,3
292,95,2,3
293,95,2,3
294,95,2,3
295,95,2,3
296,95,2,3
297,95,2,3
298,95,2,3
299,95,2,3
300,95,2,3
301,95,2,3
302,95,2,3
303,95,2,3
304,95,2,3
305,95,2,3
306,95,2,3
307,95,2,3
308,95,2,3
309,95,2,3
310,95,2,3
311,95,2,3
312,95,2,3
313,95,1,4
314,95,1,4
315,95,1,4
316,95,1,4
317,95,1,4
318,95,1,4
319,95,1,4
320,95,1,4
321,95,1,4
322,95,1,4
323,95,1,4
324,95,1,4
325,95,1,4
326,95,1,4
327,95,1,4
328,95,1,4
329,95,1,4
330,95,1,4
331,95,1,4
332,95,1,4
333,95,1,4
334,95,1,4
335,95,1,4
336,95,1,4
337,95,1,4
338,95,1,4
339,95,1,4
340,95,1,4
341,95,1,4
342,95,1,4
343,95,1,4
344,95,1,4
345,95,1,4
346,95,1,4
347,95,1,4
348,95,1,4
349,95,1,4
350,95,1,4
351,95,1,4
352,95,1,4
353,95,1,4
354,95,1,4
355,95,1,4
356,95,1,4
357,95,1,4
358,95,1,4
359,95,1,4
360,95,1,4
361,95,1,4
362,95,1,4
363,95,1,4
364,95,1,4
365,95,1,4
366,95,1,4
367,95,1,4
368,95,1,4
369,95,1,4
370,95,1,4
371,95,1,4
372,95,1,4
373,95,1,4
374,95,1,4
375,95,1,4
376,94,2,4
377,94,2,4
378,94,2,4
379,94,2,4
380,94,2,4
381,94,2,4
382,94,2,4
383,94,2,4
384,93,3,4
385,93,3,4
386,93,3,4
387,93,3,4
388,93,3,4
389,93,3,4
390,93,3,4
391,93,3,4
392,93,3,4
393,93,3,4
394,93,3,4
395,93,3,4
396,93,3,4
397,93,3,4
398,93,3,4
399,93,3,4
400,93,3,4
401,93,3,4
402,93,3,4
403,93,3,4
404,93,3,4
405,92,4,4
406,92,4,4
407,92,4,4
408,92,4,4
409,92,4,4
410,92,4,4
411,92,4,4
412,92,4,4
413,92,4,4
414,91,5,4
415,91,5,4
416,91,5,4
417,91,5,4
418,91,5,4
419,91,5,4
420,91,5,4
421,91,5,4
422,91,5,4
423,91,5,4
424,91,5,4
425,91,5,4
426,91,5,4
427,91,5,4
428,91,5,4
429,91,5,4
430,90,6,4
431,90,6,4
432,90,6,4
433,90,6,4
434,90,6,4
435,90,6,4
436,90,6,4
437,90,6,4
438,90,6,4
439,90,6,4
440,90,6,4
441,90,6,4
442,90,6,4
443,90,6,4
444,90,6,4
445,90,6,4
446,90,6,4
447,90,6,4
448,90,6,4
449,90,6,4
450,90,6,4
451,90,6,4
452,90,6,4
453,90,6,4
454,90,6,4
455,90,6,4
456,90,6,4
457,90,6,4
458,90,6,4
459,90,6,4
460,90,6,4
461,90,6,4
462,89,7,4
463,89,7,4
464,89,7,4
465,88,8,4
466,88,8,4
467,88,8,4
468,87,9,4
469,87,9,4
470,87,9,4
471,87,9,4
472,87,9,4
473,87,9,4
474,86,10,4
475,86,10,4
476,86,10,4
477,86,10,4
478,86,10,4
479,86,10,4
480,86,10,4
481,86,10,4
482,86,10,4
483,86,10,4
484,86,10,4
485,86,10,4
486,86,10,4
487,86,10,4
488,86,10,4
489,86,10,4
490,86,10,4
491,86,10,4
492,86,10,4
493,86,10,4
494,86,10,4
495,86,10,4
496,86,10,4
497,86,10,4
498,86,10,4
499,86,10,4
500,86,10,4
501,86,10,4
502,86,10,4
503,86,10,4
504,86,9,5
505,86,9,5
506,86,9,5
507,86,9,5
508,86,9,5
509,86,9,5
510,86,9,5
511,85,10,5
512,85,10,5
513,85,10,5
514,85,10,5
515,85,10,5
516,85,10,5
517,85,10,5
518,85,10,5
519,85,10,5
520,85,10,5
521,85,10,5
522,85,10,5
523,85,10,5
524,85,10,5
525,85,10,5
526,85,10,5
527,84,11,5
528,84,10,6
529,84,10,6
530,83,11,6
531,83,11,6
532,83,11,6
533,83,11,6
534,83,11,6
535,83,11,6
536,83,10,7
537,83,10,7
538,83,10,7
539,83,10,7
540,83,10,7
541,83,10,7
542,83,10,7
543,82,11,7
544,82,11,7
545,82,11,7
546,82,11,7
547,82,11,7
548,82,11,7
549,82,11,7
550,82,11,7
551,82,11,7
552,82,11,7
553,82,11,7
554,82,11,7
555,81,12,7
556,81,12,7
557,81,12,7
558,81,12,7
559,81,12,7
560,81,12,7
561,81,12,7
562,81,12,7
563,81,12,7
564,81,12,7
565,81,12,7
566,81,12,7
567,81,12,7
568,81,12,7
569,81,12,7
570,81,12,7
571,81,12,7
572,81,12,7
573,81,12,7
574,81,12,7
575,81,12,7
576,80,13,7
577,79,14,7
578,79,14,7
579,79,14,7
580,79,14,7
581,79,14,7
582,79,14,7
583,79,14,7
584,79,14,7
585,79,14,7
586,79,14,7
587,79,14,7
588,79,14,7
589,79,14,7
590,79,14,7
591,79,13,8
592,79,13,8
593,79,12,9
594,79,12,9
595,79,12,9
596,79,12,9
597,79,12,9
598,79,12,9
599,79,12,9
600,79,12,9
601,79,12,9
602,79,12,9
603,79,12,9
604,79,12,9
605,79,12,9
606,79,12,9
607,79,12,9
608,79,12,9
609,79,12,9
610,79,12,9
611,79,12,9
612,79,12,9
613,79,12,9
614,78,13,9
615,78,13,9
616,78,13,9
617,77,14,9
618,77,14,9
619,77,14,9
620,77,14,9
621,77,14,9
622,76,15,9
623,76,15,9
624,76,15,9
625,76,15,9
626,76,15,9
627,76,15,9
628,76,15,9
629,76,15,9
630,76,15,9
631,76,15,9
632,75,16,9
633,75,16,9
634,75,16,9
635,75,16,9
636,75,16,9
637,75,16,9
638,74,17,9
639,74,17,9
640,74,17,9
641,74,17,9
642,74,17,9
643,74,17,9
644,74,17,9
645,74,17,9
646,74,17,9
647,74,17,9
648,74,17,9
649,74,17,9
650,74,17,9
651,74,17,9
652,74,17,9
653,74,17,9
654,74,17,9
655,74,17,9
656,74,17,9
657,74,17,9
658,74,17,9
659,74,17,9
660,74,17,9
661,74,17,9
662,74,17,9
663,74,17,9
664,74,17,9
665,74,17,9
666,74,17,9
667,74,17,9
668,74,17,9
669,74,17,9
670,74,17,9
671,74,17,9
672,74,17,9
673,74,17,9
674,74,17,9
675,74,17,9
676,74,17,9
677,74,17,9
678,74,17,9
679,74,17,9
680,73,18,9
681,73,18,9
682,72,19,9
683,72,19,9
684,72,19,9
685,72,19,9
686,72,19,9
687,72,19,9
688,72,19,9
689,72,19,9
690,72,19,9
691,72,19,9
692,72,19,9
693,72,19,9
694,72,19,9
695,72,18,10
696,72,18,10
697,72,18,10
698,71,19,10
699,70,20,10
700,69,21,10
701,69,21,10
702,69,21,10
703,69,21,10
704,69,21,10
705,68,22,10
706,65,25,10
707,65,25,10
708,65,25,10
709,65,25,10
710,65,25,10
711,65,25,10
712,65,25,10
713,65,25,10
714,65,25,10
715,65,25,10
716,65,24,11
717,65,24,11
718,65,24,11
719,64,25,11
720,64,25,11
721,63,26,11
722,63,26,11
723,63,26,11
724,63,26,11
725,63,26,11
726,63,26,11
727,63,26,11
728,63,26,11
729,63,26,11
730,63,26,11
731,63,26,11
732,63,26,11
733,63,26,11
734,63,26,11
735,63,26,11
736,63,26,11
737,63,26,11
738,63,26,11
739,63,26,11
740,63,26,11
741,63,26,11
742,63,26,11
743,63,26,11
744,63,26,11
745,63,26,11
746,62,26,12
747,62,25,13
748,62,25,13
749,61,26,13
750,61,26,13
751,61,26,13
752,61,26,13
753,61,26,13
754,61,26,13
755,61,26,13
756,59,28,13
757,59,27,14
758,59,27,14
759,59,27,14
760,59,27,14
761,59,27,14
762,59,27,14
763,59,27,14
764,59,27,14
765,59,27,14
766,59,27,14
767,59,27,14
768,59,27,14
769,59,27,14
770,59,27,14
771,59,27,14
772,59,27,14
773,59,27,14
774,59,27,14
775,59,27,14
776,59,27,14
777,59,27,14
778,59,27,14
779,59,26,15
780,58,27,15
781,58,27,15
782,58,27,15
783,58,27,15
784,58,27,15
785,58,27,15
786,58,27,15
787,58,27,15
788,58,27,15
789,58,27,15
790,58,27,15
791,58,27,15
792,58,27,15
793,57,28,15
794,57,28,15
795,57,28,15
796,57,28,15
797,57,28,15
798,56,29,15
799,55,30,15
800,55,30,15
801,54,31,15
802,54,31,15
803,54,31,15
804,54,31,15
805,53,32,15
806,53,32,15
807,53,32,15
808,53,32,15
809,53,32,15
810,53,32,15
811,53,32,15
812,53,32,15
813,53,32,15
814,53,31,16
815,53,31,16
816,53,31,16
817,53,31,16
818,51,33,16
819,51,33,16
820,51,33,16
821,51,33,16
822,51,33,16
823,51,33,16
824,51,33,16
825,51,33,16
826,51,33,16
827,51,33,16
828,50,34,16
829,50,34,16
830,50,34,16
831,50,34,16
832,48,36,16
833,48,36,16
834,48,35,17
835,48,35,17
836,48,35,17
837,48,35,17
838,48,35,17
839,48,35,17
840,46,37,17
841,46,37,17
842,45,38,17
843,45,38,17
844,45,38,17
845,45,38,17
846,45,38,17
847,45,38,17
848,45,38,17
849,45,38,17
850,45,38,17
851,45,38,17
852,45,38,17
853,44,39,17
854,44,39,17
855,43,39,18
856,43,39,18
857,43,39,18
858,43,39,18
859,43,39,18
860,43,38,19
861,43,38,19
862,42,39,19
863,42,39,19
864,42,39,19
865,42,39,19
866,42,39,19
867,42,38,20
868,42,38,20
869,42,38,20
870,41,39,20
871,40,40,20
872,40,40,20
873,40,39,21
874,40,39,21
875,40,39,21
876,40,39,21
877,40,39,21
878,40,39,21
879,40,39,21
880,40,39,21
881,39,40,21
882,39,40,21
883,39,40,21
884,39,40,21
885,39,40,21
886,39,40,21
887,39,40,21
888,39,40,21
889,39,40,21
890,39,40,21
891,38,41,21
892,38,41,21
893,38,41,21
894,38,41,21
895,38,41,21
896,38,41,21
897,38,41,21
898,38,41,21
899,38,41,21
900,38,41,21
901,38,40,22
902,38,40,22
903,38,40,22
904,38,40,22
905,38,40,22
906,38,40,22
907,38,40,22
908,38,40,22
909,38,40,22
910,36,42,22
911,35,43,22
912,35,43,22
913,35,43,22
914,35,43,22
915,35,43,22
916,35,42,23
917,35,42,23
918,35,42,23
919,35,42,23
920,35,42,23
921,35,42,23
922,35,42,23
923,35,42,23
924,34,43,23
925,34,43,23
926,34,43,23
927,34,43,23
928,33,44,23
929,33,44,23
930,33,44,23
931,32,45,23
932,32,45,23
933,32,45,23
934,32,45,23
935,32,45,23
936,32,44,24
937,32,44,24
938,32,44,24
939,32,44,24
940,32,44,24
941,32,44,24
942,32,44,24
943,32,44,24
944,32,44,24
945,32,44,24
946,32,44,24
947,32,44,24
948,32,44,24
949,32,44,24
950,32,44,24
951,32,44,24
952,32,44,24
953,32,43,25
954,32,43,25
955,32,43,25
956,31,44,25
957,30,45,25
958,30,45,25
959,30,45,25
960,30,45,25
961,29,46,25
962,29,46,25
963,29,46,25
964,28,47,25
965,28,47,25
966,28,47,25
967,28,47,25
968,27,48,25
969,27,48,25
970,27,48,25
971,27,48,25
972,27,48,25
973,27,48,25
974,27,48,25
975,27,48,25
976,27,48,25
977,27,48,25
978,27,48,25
979,26,49,25
980,26,49,25
981,26,49,25
982,26,49,25
983,26,49,25
984,26,48,26
985,26,48,26
986,26,48,26
987,26,48,26
988,26,48,26
989,26,48,26
990,25,49,26
991,25,49,26
992,25,49,26
993,25,49,26
994,23,51,26
995,23,51,26
996,23,51,26
997,23,51,26
998,23,51,26
999,23,51,26
1000,23,51,26
1001,22,52,26
1002,22,52,26
1003,22,52,26
1004,22,52,26
1005,22,51,27
1006,21,52,27
1007,21,52,27
1008,21,52,27
1009,21,52,27
1010,21,52,27
1011,21,52,27
1012,21,52,27
1013,21,52,27
1014,21,52,27
1015,21,52,27
1016,21,52,27
1017,21,51,28
1018,21,51,28
1019,21,51,28
1020,21,51,28
1021,21,51,28
1022,21,51,28
1023,21,51,28
1024,21,51,28
1025,21,51,28
1026,21,51,28
1027,21,51,28
1028,20,52,28
1029,19,52,29
1030,19,52,29
1031,19,51,30
1032,19,50,31
1033,19,50,31
1034,19,50,31
1035,19,50,31
1036,19,50,31
1037,19,50,31
1038,19,49,32
1039,19,49,32
1040,18,50,32
1041,17,50,33
1042,17,50,33
1043,17,50,33
1044,17,50,33
1045,17,50,33
1046,17,50,33
1047,17,50,33
1048,17,50,33
1049,17,50,33
1050,17,50,33
1051,17,50,33
1052,17,50,33
1053,17,50,33
1054,17,50,33
1055,17,50,33
1056,17,50,33
1057,17,50,33
1058,17,50,33
1059,17,50,33
1060,16,51,33
1061,16,51,33
1062,16,51,33
1063,16,51,33
1064,16,51,33
1065,16,51,33
1066,16,51,33
1067,16,51,33
1068,16,51,33
1069,16,51,33
1070,16,50,34
1071,16,50,34
1072,16,50,34
1073,16,50,34
1074,16,50,34
1075,16,50,34
1076,16,50,34
1077,16,50,34
1078,16,50,34
1079,16,50,34
1080,16,50,34
1081,16,50,34
1082,16,50,34
1083,15,51,34
1084,14,52,34
1085,14,52,34
1086,14,52,34
1087,14,52,34
1088,14,52,34
1089,14,52,34
1090,14,52,34
1091,14,52,34
1092,13,53,34
1093,12,54,34
1094,12,52,36
1095,12,52,36
1096,12,52,36
1097,12,51,37
1098,12,51,37
1099,12,51,37
1100,12,51,37
1101,12,51,37
1102,12,51,37
1103,12,51,37
1104,12,51,37
1105,12,51,37
1106,12,51,37
1107,12,51,37
1108,12,51,37
1109,12,51,37
1110,12,49,39
1111,12,49,39
1112,12,49,39
1113,12,49,39
1114,12,48,40
1115,12,48,40
1116,12,48,40
1117,12,48,40
1118,12,48,40
1119,12,48,40
1120,12,48,40
1121,12,48,40
1122,12,48,40
1123,12,48,40
1124,12,48,40
1125,12,48,40
1126,12,48,40
1127,12,48,40
1128,12,48,40
1129,12,48,40
1130,12,48,40
1131,12,48,40
1132,12,48,40
1133,12,48,40
1134,12,48,40
1135,12,48,40
1136,12,48,40
1137,12,48,40
1138,12,47,41
1139,12,47,41
1140,12,47,41
1141,12,47,41
1142,12,47,41
1143,11,48,41
1144,11,48,41
1145,11,48,41
1146,11,48,41
1147,11,48,41
1148,11,48,41
1149,11,48,41
1150,11,48,41
1151,11,47,42
1152,11,47,42
1153,11,47,42
1154,11,47,42
1155,11,47,42
1156,11,47,42
1157,11,47,42
1158,11,47,42
1159,11,47,42
1160,11,47,42
1161,11,47,42
1162,11,47,42
1163,11,47,42
1164,11,47,42
1165,11,47,42
1166,11,47,42
1167,11,47,42
1168,11,47,42
1169,11,47,42
1170,11,47,42
1171,11,47,42
1172,11,47,42
1173,11,47,42
1174,11,47,42
1175,11,47,42
1176,11,47,42
1177,11,47,42
1178,11,47,42
1179,11,47,42
1180,11,47,42
1181,11,47,42
1182,11,47,42
1183,11,47,42
1184,11,47,42
1185,11,47,42
1186,11,47,42
1187,11,47,42
1188,11,47,42
1189,11,47,42
1190,11,47,42
1191,11,47,42
1192,11,47,42
1193,11,47,42
1194,11,47,42
1195,11,47,42
1196,11,47,42
1197,11,47,42
1198,11,47,42
1199,10,48,42
1200,10,48,42
1201,10,48,42
1202,10,48,42
1203,10,48,42
1204,9,48,43
1205,9,48,43
1206,9,48,43
1207,9,48,43
1208,9,48,43
1209,9,48,43
1210,9,47,44
1211,9,47,44
1212,9,47,44
1213,9,47,44
1214,9,47,44
1215,9,47,44
1216,9,47,44
1217,9,47,44
1218,9,47,44
1219,9,47,44
1220,9,46,45
1221,9,46,45
1222,9,46,45
1223,9,46,45
1224,9,46,45
1225,9,46,45
1226,9,46,45
1227,9,46,45
1228,9,46,45
1229,9,46,45
1230,9,46,45
1231,9,45,46
1232,9,45,46
1233,9,45,46
1234,9,44,47
1235,8,45,47
1236,8,45,47
1237,8,45,47
1238,8,45,47
1239,8,45,47
1240,8,45,47
1241,8,45,47
1242,8,45,47
1243,8,45,47
1244,8,45,47
1245,8,45,47
1246,8,45,47
1247,8,43,49
1248,8,43,49
1249,8,43,49
1250,8,43,49
1251,8,43,49
1252,8,42,50
1253,8,42,50
1254,8,42,50
1255,8,42,50
1256,8,42,50
1257,8,42,50
1258,8,42,50
1259,8,42,50
1260,7,43,50
1261,7,43,50
1262,7,43,50
1263,7,42,51
1264,7,42,51
1265,7,42,51
1266,7,42,51
1267,7,42,51
1268,7,42,51
1269,7,42,51
1270,7,42,51
1271,7,42,51
1272,7,42,51
1273,7,42,51
1274,6,43,51
1275,6,43,51
1276,6,43,51
1277,6,42,52
1278,6,42,52
1279,6,42,52
1280,6,42,52
1281,6,42,52
1282,6,42,52
1283,6,42,52
1284,6,41,53
1285,6,41,53
1286,6,41,53
1287,6,41,53
1288,6,41,53
1289,6,41,53
1290,6,41,53
1291,6,41,53
1292,6,41,53
1293,6,41,53
1294,6,41,53
1295,6,41,53
1296,6,41,53
1297,6,41,53
1298,6,41,53
1299,6,41,53
1300,6,41,53
1301,6,41,53
1302,6,41,53
1303,6,41,53
1304,6,40,54
1305,6,40,54
1306,6,40,54
1307,6,40,54
1308,6,40,54
1309,6,40,54
1310,6,40,54
1311,6,40,54
1312,6,40,54
1313,6,40,54
1314,6,40,54
1315,6,39,55
1316,6,39,55
1317,6,39,55
1318,6,39,55
1319,6,38,56
1320,6,38,56
1321,6,38,56
1322,6,38,56
1323,6,38,56
1324,6,37,57
1325,5,38,57
1326,5,38,57
1327,5,38,57
1328,5,38,57
1329,5,38,57
1330,5,38,57
1331,5,38,57
1332,5,38,57
1333,5,38,57
1334,5,38,57
1335,5,38,57
1336,5,38,57
1337,5,38,57
1338,5,37,58
1339,5,37,58
1340,5,37,58
1341,5,36,59
1342,5,36,59
1343,5,36,59
1344,5,36,59
1345,5,36,59
1346,5,36,59
1347,5,36,59
1348,5,35,60
1349,5,35,60
1350,5,35,60
1351,5,35,60
1352,5,35,60
1353,5,35,60
1354,5,35,60
1355,5,35,60
1356,5,35,60
1357,5,35,60
1358,5,35,60
1359,5,35,60
1360,4,36,60
1361,4,36,60
1362,4,36,60
1363,4,36,60
1364,4,36,60
1365,4,36,60
1366,4,36,60
1367,4,36,60
1368,4,36,60
1369,4,36,60
1370,3,37,60
1371,3,37,60
1372,3,37,60
1373,3,37,60
1374,3,37,60
1375,3,37,60
1376,3,37,60
1377,3,37,60
1378,3,37,60
1379,3,37,60
1380,3,37,60
1381,3,37,60
1382,3,37,60
1383,3,37,60
1384,3,37,60
1385,3,37,60
1386,3,37,60
1387,3,37,60
1388,3,37,60
1389,3,37,60
1390,3,37,60
1391,3,37,60
1392,3,37,60
1393,3,37,60
1394,1,39,60
1395,1,39,60
1396,1,39,60
1397,1,39,60
1398,1,39,60
1399,1,39,60
1400,1,39,60
1401,1,39,60
1402,1,39,60
1403,1,39,60
1404,1,39,60
1405,1,39,60
1406,1,39,60
1407,1,39,60
1408,1,39,60
1409,1,39,60
1410,1,39,60
1411,1,39,60
1412,1,39,60
1413,1,39,60
1414,1,39,60
1415,1,39,60
1416,1,39,60
1417,1,39,60
1418,1,39,60
1419,1,39,60
1420,1,38,61
1421,1,38,61
1422,1,38,61
1423,1,38,61
1424,1,38,61
1425,1,38,61
1426,1,38,61
1427,1,38,61
1428,1,38,61
1429,1,38,61
1430,1,38,61
1431,1,38,61
1432,1,38,61
1433,1,38,61
1434,1,38,61
1435,1,38,61
1436,1,38,61
1437,1,38,61
1438,1,38,61
1439,1,38,61
1440,1,38,61
1441,1,38,61
1442,1,38,61
1443,1,38,61
1444,1,38,61
1445,1,38,61
1446,1,38,61
1447,1,38,61
1448,1,38,61
1449,1,38,61
1450,1,38,61
1451,1,38,61
1452,1,38,61
1453,1,38,61
1454,1,38,61
1455,1,38,61
1456,1,38,61
1457,1,38,61
1458,1,38,61
1459,1,38,61
1460,1,38,61
1461,1,38,61
1462,1,38,61
1463,1,38,61
1464,1,38,61
1465,1,37,62
1466,1,37,62
1467,1,37,62
1468,1,37,62
1469,1,37,62
1470,1,37,62
1471,1,37,62
1472,1,37,62
1473,1,37,62
1474,1,37,62
1475,1,37,62
1476,1,37,62
1477,1,37,62
1478,1,37,62
1479,1,37,62
1480,1,37,62
1481,1,37,62
1482,1,37,62
1483,1,37,62
1484,1,37,62
1485,1,37,62
1486,1,37,62
1487,1,37,62
1488,1,37,62
1489,1,35,64
1490,1,35,64
1491,1,35,64
1492,1,35,64
1493,1,35,64
1494,1,35,64
1495,1,35,64
1496,1,35,64
1497,1,35,64
1498,1,35,64
1499,1,35,64
1500,1,35,64
1501,1,35,64
1502,1,35,64
1503,1,35,64
1504,1,35,64
1505,1,35,64
1506,1,35,64
1507,1,34,65
1508,1,34,65
1509,1,34,65
1510,1,34,65
1511,1,34,65
1512,1,34,65
1513,1,34,65
1514,1,34,65
1515,1,34,65
1516,1,34,65
1517,1,34,65
1518,1,34,65
1519,1,34,65
1520,1,34,65
1521,1,34,65
1522,1,34,65
1523,1,34,65
1524,1,34,65
1525,1,34,65
1526,1,34,65
1527,1,34,65
1528,1,33,66
1529,1,33,66
1530,1,33,66
1531,1,33,66
1532,1,33,66
1533,1,33,66
1534,1,33,66
1535,1,33,66
1536,0,34,66
1537,0,34,66
1538,0,34,66
1539,0,34,66
1540,0,34,66
1541,0,34,66
1542,0,34,66
1543,0,34,66
1544,0,34,66
1545,0,34,66
1546,0,34,66
1547,0,33,67
1548,0,33,67
1549,0,33,67
1550,0,33,67
1551,0,33,67
1552,0,32,68
1553,0,32,68
1554,0,32,68
1555,0,32,68
1556,0,32,68
1557,0,32,68
1558,0,32,68
1559,0,32,68
1560,0,32,68
1561,0,32,68
1562,0,32,68
1563,0,32,68
1564,0,32,68
1565,0,32,68
1566,0,32,68
1567,0,32,68
1568,0,32,68
1569,0,32,68
1570,0,32,68
1571,0,32,68
1572,0,32,68
1573,0,32,68
1574,0,32,68
1575,0,32,68
1576,0,31,69
1577,0,31,69
1578,0,31,69
1579,0,31,69
1580,0,31,69
1581,0,31,69
1582,0,31,69
1583,0,31,69
1584,0,31,69
1585,0,31,69
1586,0,31,69
1587,0,31,69
1588,0,31,69
1589,0,31,69
1590,0,30,70
1591,0,30,70
1592,0,30,70
1593,0,30,70
1594,0,29,71
1595,0,29,71
1596,0,29,71
1597,0,29,71
1598,0,29,71
1599,0,29,71
1600,0,28,72
1601,0,28,72
1602,0,28,72
1603,0,28,72
1604,0,28,72
1605,0,28,72
1606,0,28,72
1607,0,28,72
1608,0,28,72
1609,0,28,72
1610,0,27,73
1611,0,27,73
1612,0,26,74
1613,0,26,74
1614,0,26,74
1615,0,26,74
1616,0,26,74
1617,0,26,74
1618,0,26,74
1619,0,26,74
1620,0,26,74
1621,0,26,74
1622,0,26,74
1623,0,26,74
1624,0,26,74
1625,0,26,74
1626,0,26,74
1627,0,26,74
1628,0,26,74
1629,0,26,74
1630,0,26,74
1631,0,26,74
1632,0,26,74
1633,0,26,74
1634,0,26,74
1635,0,26,74
1636,0,26,74
1637,0,26,74
1638,0,26,74
1639,0,26,74
1640,0,26,74
1641,0,26,74
1642,0,26,74
1643,0,26,74
1644,0,26,74
1645,0,26,74
1646,0,26,74
1647,0,26,74
1648,0,26,74
1649,0,26,74
1650,0,26,74
1651,0,26,74
1652,0,26,74
1653,0,26,74
1654,0,26,74
1655,0,26,74
1656,0,26,74
1657,0,26,74
1658,0,25,75
1659,0,25,75
1660,0,25,75
1661,0,25,75
1662,0,24,76
1663,0,24,76
1664,0,24,76
1665,0,24,76
1666,0,24,76
1667,0,24,76
1668,0,24,76
1669,0,24,76
1670,0,24,76
1671,0,24,76
1672,0,24,76
1673,0,24,76
1674,0,24,76
1675,0,24,76
1676,0,24,76
1677,0,24,76
1678,0,24,76
1679,0,23,77
1680,0,23,77
1681,0,23,77
1682,0,23,77
1683,0,23,77
1684,0,23,77
1685,0,23,77
1686,0,23,77
1687,0,23,77
1688,0,23,77
1689,0,23,77
1690,0,23,77
1691,0,23,77
1692,0,23,77
1693,0,23,77
1694,0,23,77
1695,0,23,77
1696,0,23,77
1697,0,23,77
1698,0,23,77
1699,0,23,77
1700,0,23,77
1701,0,23,77
1702,0,23,77
1703,0,23,77
1704,0,23,77
1705,0,23,77
1706,0,23,77
1707,0,23,77
1708,0,23,77
1709,0,23,77
1710,0,23,77
1711,0,22,78
1712,0,22,78
1713,0,22,78
1714,0,22,78
1715,0,22,78
1716,0,22,78
1717,0,22,78
1718,0,22,78
1719,0,22,78
1720,0,22,78
1721,0,22,78
1722,0,22,78
1723,0,22,78
1724,0,22,78
1725,0,22,78
1726,0,22,78
1727,0,22,78
1728,0,22,78
1729,0,21,79
1730,0,21,79
1731,0,21,79
1732,0,21,79
1733,0,21,79
1734,0,21,79
1735,0,21,79
1736,0,21,79
1737,0,21,79
1738,0,21,79
1739,0,21,79
1740,0,21,79
1741,0,21,79
1742,0,21,79
1743,0,21,79
1744,0,21,79
1745,0,21,79
1746,0,21,79
1747,0,21,79
1748,0,21,79
1749,0,21,79
1750,0,21,79
1751,0,21,79
1752,0,21,79
1753,0,21,79
1754,0,21,79
1755,0,21,79
1756,0,21,79
1757,0,21,79
1758,0,21,79
1759,0,21,79
1760,0,21,79
1761,0,21,79
1762,0,21,79
1763,0,21,79
1764,0,21,79
1765,0,20,80
1766,0,20,80
1767,0,20,80
1768,0,20,80
1769,0,20,80
1770,0,20,80
1771,0,20,80
1772,0,20,80
1773,0,19,81
1774,0,19,81
1775,0,19,81
1776,0,19,81
1777,0,19,81
1778,0,19,81
1779,0,19,81
1780,0,19,81
1781,0,19,81
1782,0,19,81
1783,0,19,81
1784,0,19,81
1785,0,19,81
1786,0,19,81
1787,0,19,81
1788,0,19,81
1789,0,19,81
1790,0,19,81
1791,0,19,81
1792,0,19,81
1793,0,19,81
1794,0,19,81
1795,0,19,81
1796,0,19,81
1797,0,19,81
1798,0,19,81
1799,0,19,81
1800,0,19,81
1801,0,19,81
1802,0,19,81
1803,0,19,81
1804,0,19,81
1805,0,19,81
1806,0,19,81
1807,0,19,81
1808,0,18,82
1809,0,18,82
1810,0,18,82
1811,0,18,82
1812,0,18,82
1813,0,18,82
1814,0,18,82
1815,0,18,82
1816,0,18,82
1817,0,18,82
1818,0,18,82
1819,0,18,82
1820,0,18,82
1821,0,18,82
1822,0,18,82
1823,0,18,82
1824,0,18,82
1825,0,18,82
1826,0,18,82
1827,0,18,82
1828,0,18,82
1829,0,18,82
1830,0,18,82
1831,0,18,82
1832,0,18,82
1833,0,18,82
1834,0,18,82
1835,0,18,82
1836,0,18,82
1837,0,18,82
1838,0,18,82
1839,0,18,82
1840,0,18,82
1841,0,18,82
1842,0,18,82
1843,0,18,82
1844,0,18,82
1845,0,18,82
1846,0,18,82
1847,0,18,82
1848,0,18,82
1849,0,18,82
1850,0,18,82
1851,0,18,82
1852,0,18,82
1853,0,18,82
1854,0,18,82
1855,0,18,82
1856,0,18,82
1857,0,18,82
1858,0,18,82
1859,0,18,82
1860,0,18,82
1861,0,18,82
1862,0,18,82
1863,0,18,82
1864,0,18,82
1865,0,18,82
1866,0,18,82
1867,0,18,82
1868,0,18,82
1869,0,18,82
1870,0,18,82
1871,0,18,82
1872,0,18,82
1873,0,18,82
1874,0,18,82
1875,0,18,82
1876,0,18,82
1877,0,18,82
1878,0,18,82
1879,0,18,82
1880,0,18,82
1881,0,18,82
1882,0,18,82
1883,0,18,82
1884,0,18,82
1885,0,18,82
1886,0,18,82
1887,0,18,82
1888,0,18,82
1889,0,18,82
1890,0,18,82
1891,0,18,82
1892,0,18,82
1893,0,18,82
1894,0,18,82
1895,0,18,82
1896,0,18,82
1897,0,18,82
1898,0,18,82
1899,0,18,82
1900,0,18,82
1901,0,18,82
1902,0,18,82
1903,0,18,82
1904,0,18,82
1905,0,17,83
1906,0,17,83
1907,0,17,83
1908,0,17,83
1909,0,17,83
1910,0,17,83
1911,0,17,83
1912,0,17,83
1913,0,17,83
1914,0,17,83
1915,0,17,83
1916,0,17,83
1917,0,17,83
1918,0,17,83
1919,0,17,83
1920,0,17,83
1921,0,17,83
1922,0,17,83
1923,0,17,83
1924,0,17,83
1925,0,17,83
1926,0,17,83
1927,0,17,83
1928,0,17,83
1929,0,17,83
1930,0,17,83
1931,0,17,83
1932,0,17,83
1933,0,17,83
1934,0,17,83
1935,0,17,83
1936,0,17,83
1937,0,17,83
1938,0,17,83
1939,0,17,83
1940,0,17,83
1941,0,17,83
1942,0,17,83
1943,0,17,83
1944,0,17,83
1945,0,17,83
1946,0,17,83
1947,0,17,83
1948,0,17,83
1949,0,17,83
1950,0,17,83
1951,0,17,83
1952,0,17,83
1953,0,17,83
1954,0,17,83
1955,0,17,83
1956,0,17,83
1957,0,17,83
1958,0,17,83
1959,0,17,83
1960,0,17,83
1961,0,17,83
1962,0,17,83
1963,0,17,83
1964,0,16,84
1965,0,16,84
1966,0,16,84
1967,0,16,84
1968,0,16,84
1969,0,16,84
1970,0,16,84
1971,0,16,84
1972,0,16,84
1973,0,16,84
1974,0,16,84
1975,0,16,84
1976,0,16,84
1977,0,16,84
1978,0,16,84
1979,0,16,84
1980,0,16,84
1981,0,16,84
1982,0,16,84
1983,0,16,84
1984,0,16,84
1985,0,16,84
1986,0,16,84
1987,0,16,84
1988,0,16,84
1989,0,16,84
1990,0,16,84
1991,0,16,84
1992,0,16,84
1993,0,16,84
1994,0,16,84
1995,0,16,84
1996,0,16,84
1997,0,16,84
1998,0,16,84
1999,0,16,84
2000,0,15,85
2001,0,15,85
2002,0,15,85
2003,0,15,85
2004,0,15,85
2005,0,15,85
2006,0,15,85
2007,0,15,85
2008,0,15,85
2009,0,15,85
2010,0,15,85
2011,0,15,85
2012,0,15,85
2013,0,15,85
2014,0,15,85
2015,0,15,85
2016,0,15,85
2017,0,15,85
2018,0,15,85
2019,0,15,85
2020,0,15,85
2021,0,15,85
2022,0,15,85
2023,0,15,85
2024,0,15,85
2025,0,15,85
2026,0,15,85
2027,0,15,85
2028,0,15,85
2029,0,14,86
2030,0,14,86
2031,0,14,86
2032,0,14,86
2033,0,14,86
2034,0,14,86
2035,0,14,86
2036,0,14,86
2037,0,14,86
2038,0,14,86
2039,0,14,86
2040,0,14,86
2041,0,14,86
2042,0,14,86
2043,0,14,86
2044,0,14,86
2045,0,14,86
2046,0,14,86
2047,0,14,86
2048,0,14,86
2049,0,14,86
2050,0,14,86
2051,0,14,86
2052,0,14,86
2053,0,14,86
2054,0,14,86
2055,0,14,86
2056,0,14,86
2057,0,14,86
2058,0,14,86
2059,0,14,86
2060,0,14,86
2061,0,14,86
2062,0,14,86
2063,0,14,86
2064,0,14,86
2065,0,14,86
2066,0,14,86
2067,0,14,86
2068,0,14,86
2069,0,14,86
2070,0,14,86
2071,0,14,86
2072,0,14,86
2073,0,14,86
2074,0,14,86
2075,0,14,86
2076,0,14,86
2077,0,14,86
2078,0,14,86
2079,0,14,86
2080,0,14,86
2081,0,14,86
2082,0,14,86
2083,0,14,86
2084,0,14,86
2085,0,14,86
2086,0,13,87
2087,0,13,87
2088,0,13,87
2089,0,13,87
2090,0,13,87
2091,0,13,87
2092,0,13,87
2093,0,13,87
2094,0,13,87
2095,0,13,87
2096,0,13,87
2097,0,13,87
2098,0,13,87
2099,0,13,87
2100,0,13,87
2101,0,13,87
2102,0,13,87
2103,0,13,87
2104,0,13,87
2105,0,13,87
2106,0,13,87
2107,0,13,87
2108,0,13,87
2109,0,13,87
2110,0,13,87
2111,0,13,87
2112,0,13,87
2113,0,13,87
2114,0,13,87
2115,0,13,87
2116,0,13,87
2117,0,13,87
2118,0,13,87
2119,0,13,87
2120,0,13,87
2121,0,13,87
2122,0,13,87
2123,0,13,87
2124,0,13,87
2125,0,13,87
2126,0,13,87
2127,0,13,87
2128,0,13,87
2129,0,13,87
2130,0,13,87
2131,0,13,87
2132,0,13,87
2133,0,13,87
2134,0,13,87
2135,0,13,87
2136,0,13,87
2137,0,13,87
2138,0,13,87
2139,0,13,87
2140,0,13,87
2141,0,13,87
2142,0,13,87
2143,0,13,87
2144,0,13,87
2145,0,13,87
2146,0,13,87
2147,0,13,87
2148,0,13,87
2149,0,13,87
2150,0,13,87
2151,0,13,87
2152,0,13,87
2153,0,13,87
2154,0,13,87
2155,0,13,87
2156,0,13,87
2157,0,13,87
2158,0,13,87
2159,0,13,87
2160,0,13,87
2161,0,13,87
2162,0,13,87
2163,0,13,87
2164,0,13,87
2165,0,13,87
2166,0,13,87
2167,0,13,87
2168,0,13,87
2169,0,13,87
2170,0,13,87
2171,0,13,87
2172,0,13,87
2173,0,13,87
2174,0,13,87
2175,0,13,87
2176,0,13,87
2177,0,13,87
2178,0,13,87
2179,0,13,87
2180,0,13,87
2181,0,13,87
2182,0,13,87
2183,0,13,87
2184,0,13,87
2185,0,13,87
2186,0,13,87
2187,0,13,87
2188,0,13,87
2189,0,13,87
2190,0,13,87
2191,0,13,87
2192,0,13,87
2193,0,13,87
2194,0,13,87
2195,0,13,87
2196,0,13,87
2197,0,13,87
2198,0,13,87
2199,0,13,87
2200,0,13,87
2201,0,13,87
2202,0,13,87
2203,0,13,87
2204,0,13,87
2205,0,13,87
2206,0,13,87
2207,0,13,87
2208,0,13,87
2209,0,13,87
2210,0,13,87
2211,0,13,87
2212,0,13,87
2213,0,13,87
2214,0,13,87
2215,0,13,87
2216,0,13,87
2217,0,13,87
2218,0,13,87
2219,0,13,87
2220,0,13,87
2221,0,13,87
2222,0,13,87
2223,0,13,87
2224,0,13,87
2225,0,13,87
2226,0,13,87
2227,0,13,87
2228,0,13,87
2229,0,13,87
2230,0,13,87
2231,0,13,87
2232,0,13,87
2233,0,13,87
2234,0,13,87
2235,0,13,87
2236,0,12,88
2237,0,12,88
2238,0,12,88
2239,0,12,88
2240,0,12,88
2241,0,12,88
2242,0,12,88
2243,0,12,88
2244,0,12,88
2245,0,12,88
2246,0,12,88
2247,0,12,88
2248,0,12,88
2249,0,12,88
2250,0,12,88
2251,0,12,88
2252,0,12,88
2253,0,12,88
2254,0,12,88
2255,0,12,88
2256,0,12,88
2257,0,12,88
2258,0,12,88
2259,0,12,88
2260,0,12,88
2261,0,12,88
2262,0,12,88
2263,0,12,88
2264,0,12,88
2265,0,12,88
2266,0,12,88
2267,0,12,88
2268,0,12,88
2269,0,12,88
2270,0,12,88
2271,0,12,88
2272,0,12,88
2273,0,12,88
2274,0,12,88
2275,0,12,88
2276,0,12,88
2277,0,12,88
2278,0,12,88
2279,0,12,88
2280,0,12,88
2281,0,12,88
2282,0,12,88
2283,0,12,88
2284,0,12,88
2285,0,12,88
2286,0,12,88
2287,0,12,88
2288,0,12,88
2289,0,12,88
2290,0,12,88
2291,0,12,88
2292,0,12,88
2293,0,12,88
2294,0,12,88
2295,0,11,89
2296,0,11,89
2297,0,11,89
2298,0,11,89
2299,0,11,89
2300,0,11,89
2301,0,11,89
2302,0,11,89
2303,0,11,89
2304,0,11,89
2305,0,11,89
2306,0,11,89
2307,0,11,89
2308,0,11,89
2309,0,11,89
2310,0,11,89
2311,0,11,89
2312,0,11,89
2313,0,11,89
2314,0,11,89
2315,0,11,89
2316,0,11,89
2317,0,11,89
2318,0,11,89
2319,0,11,89
2320,0,10,90
2321,0,10,90
2322,0,10,90
2323,0,10,90
2324,0,10,90
2325,0,10,90
2326,0,10,90
2327,0,10,90
2328,0,10,90
2329,0,10,90
2330,0,10,90
2331,0,10,90
2332,0,10,90
2333,0,10,90
2334,0,10,90
2335,0,10,90
2336,0,10,90
2337,0,10,90
2338,0,10,90
2339,0,10,90
2340,0,9,91
2341,0,9,91
2342,0,9,91
2343,0,9,91
2344,0,9,91
2345,0,9,91
2346,0,9,91
2347,0,9,91
2348,0,9,91
2349,0,9,91
2350,0,9,91
2351,0,9,91
2352,0,9,91
2353,0,9,91
2354,0,9,91
2355,0,9,91
2356,0,9,91
2357,0,9,91
2358,0,9,91
2359,0,9,91
2360,0,9,91
2361,0,9,91
2362,0,9,91
2363,0,8,92
2364,0,8,92
2365,0,8,92
2366,0,8,92
2367,0,8,92
2368,0,8,92
2369,0,8,92
2370,0,8,92
2371,0,8,92
2372,0,8,92
2373,0,8,92
2374,0,8,92
2375,0,8,92
2376,0,8,92
2377,0,8,92
2378,0,8,92
2379,0,8,92
2380,0,8,92
2381,0,8,92
2382,0,8,92
2383,0,8,92
2384,0,8,92
2385,0,8,92
2386,0,8,92
2387,0,8,92
2388,0,8,92
2389,0,8,92
2390,0,8,92
2391,0,8,92
2392,0,8,92
2393,0,8,92
2394,0,8,92
2395,0,8,92
2396,0,8,92
2397,0,8,92
2398,0,8,92
2399,0,8,92
2400,0,8,92
2401,0,8,92
2402,0,8,92
2403,0,8,92
2404,0,8,92
2405,0,8,92
2406,0,8,92
2407,0,8,92
2408,0,8,92
2409,0,8,92
2410,0,8,92
2411,0,8,92
2412,0,8,92
2413,0,8,92
2414,0,8,92
2415,0,8,92
2416,0,8,92
2417,0,8,92
2418,0,8,92
2419,0,8,92
2420,0,8,92
2421,0,8,92
2422,0,8,92
2423,0,8,92
2424,0,8,92
2425,0,8,92
2426,0,8,92
2427,0,8,92
2428,0,8,92
2429,0,8,92
2430,0,8,92
2431,0,8,92
2432,0,8,92
2433,0,8,92
2434,0,8,92
2435,0,8,92
2436,0,8,92
2437,0,8,92
2438,0,8,92
2439,0,8,92
2440,0,8,92
2441,0,8,92
2442,0,8,92
2443,0,8,92
2444,0,8,92
2445,0,8,92
2446,0,8,92
2447,0,8,92
2448,0,8,92
2449,0,8,92
2450,0,8,92
2451,0,8,92
2452,0,8,92
2453,0,8,92
2454,0,8,92
2455,0,7,93
2456,0,7,93
2457,0,7,93
2458,0,7,93
2459,0,7,93
2460,0,7,93
2461,0,7,93
2462,0,7,93
2463,0,7,93
2464,0,7,93
2465,0,7,93
2466,0,7,93
2467,0,7,93
2468,0,7,93
2469,0,7,93
2470,0,7,93
2471,0,7,93
2472,0,7,93
2473,0,7,93
2474,0,7,93
2475,0,7,93
2476,0,7,93
2477,0,7,93
2478,0,7,93
2479,0,7,93
2480,0,7,93
2481,0,7,93
2482,0,7,93
2483,0,7,93
2484,0,7,93
2485,0,7,93
2486,0,7,93
2487,0,7,93
2488,0,7,93
2489,0,7,93
2490,0,7,93
2491,0,7,93
2492,0,7,93
2493,0,7,93
2494,0,7,93
2495,0,6,94
2496,0,6,94
2497,0,6,94
2498,0,6,94
2499,0,6,94
2500,0,6,94
2501,0,6,94
2502,0,6,94
2503,0,6,94
2504,0,6,94
2505,0,6,94
2506,0,6,94
2507,0,6,94
2508,0,6,94
2509,0,6,94
2510,0,6,94
2511,0,6,94
2512,0,6,94
2513,0,6,94
2514,0,6,94
2515,0,6,94
2516,0,6,94
2517,0,6,94
2518,0,6,94
2519,0,6,94
2520,0,6,94
2521,0,6,94
2522,0,6,94
2523,0,6,94
2524,0,6,94
2525,0,6,94
2526,0,6,94
2527,0,6,94
2528,0,6,94
2529,0,6,94
2530,0,6,94
2531,0,6,94
2532,0,6,94
2533,0,6,94
2534,0,6,94
2535,0,6,94
2536,0,6,94
2537,0,6,94
2538,0,6,94
2539,0,6,94
2540,0,6,94
2541,0,6,94
2542,0,6,94
2543,0,6,94
2544,0,6,94
2545,0,6,94
2546,0,6,94
2547,0,6,94
2548,0,6,94
2549,0,6,94
2550,0,6,94
2551,0,6,94
2552,0,6,94
2553,0,6,94
2554,0,6,94
2555,0,6,94
2556,0,6,94
2557,0,6,94
2558,0,6,94
2559,0,6,94
2560,0,6,94
2561,0,6,94
2562,0,6,94
2563,0,6,94
2564,0,6,94
2565,0,6,94
2566,0,6,94
2567,0,6,94
2568,0,6,94
2569,0,6,94
2570,0,6,94
2571,0,6,94
2572,0,6,94
2573,0,6,94
2574,0,6,94
2575,0,6,94
2576,0,6,94
2577,0,6,94
2578,0,6,94
2579,0,6,94
2580,0,6,94
2581,0,6,94
2582,0,6,94
2583,0,6,94
2584,0,6,94
2585,0,6,94
2586,0,6,94
2587,0,6,94
2588,0,6,94
2589,0,6,94
2590,0,6,94
2591,0,6,94
2592,0,6,94
2593,0,6,94
2594,0,6,94
2595,0,6,94
2596,0,6,94
2597,0,6,94
2598,0,6,94
2599,0,6,94
2600,0,6,94
2601,0,6,94
2602,0,6,94
2603,0,6,94
2604,0,6,94
2605,0,6,94
2606,0,6,94
2607,0,6,94
2608,0,6,94
2609,0,6,94
2610,0,6,94
2611,0,6,94
2612,0,6,94
2613,0,6,94
2614,0,6,94
2615,0,6,94
2616,0,6,94
2617,0,6,94
2618,0,6,94
2619,0,6,94
2620,0,6,94
2621,0,6,94
2622,0,6,94
2623,0,6,94
2624,0,6,94
2625,0,6,94
2626,0,6,94
2627,0,6,94
2628,0,6,94
2629,0,6,94
2630,0,6,94
2631,0,6,94
2632,0,6,94
2633,0,6,94
2634,0,6,94
2635,0,6,94
2636,0,6,94
2637,0,6,94
2638,0,6,94
2639,0,6,94
2640,0,6,94
2641,0,6,94
2642,0,6,94
2643,0,6,94
2644,0,6,94
2645,0,6,94
2646,0,6,94
2647,0,6,94
2648,0,6,94
2649,0,6,94
2650,0,6,94
2651,0,6,94
2652,0,6,94
2653,0,6,94
2654,0,6,94
2655,0,6,94
2656,0,6,94
2657,0,6,94
2658,0,6,94
2659,0,6,94
2660,0,6,94
2661,0,6,94
2662,0,6,94
2663,0,6,94
2664,0,6,94
2665,0,6,94
2666,0,6,94
2667,0,6,94
2668,0,6,94
2669,0,6,94
2670,0,6,94
2671,0,6,94
2672,0,6,94
2673,0,6,94
2674,0,6,94
2675,0,6,94
2676,0,6,94
2677,0,6,94
2678,0,6,94
2679,0,6,94
2680,0,6,94
2681,0,6,94
2682,0,6,94
2683,0,6,94
2684,0,6,94
2685,0,6,94
2686,0,6,94
2687,0,6,94
2688,0,6,94
2689,0,6,94
2690,0,6,94
2691,0,6,94
2692,0,6,94
2693,0,6,94
2694,0,6,94
2695,0,6,94
2696,0,6,94
2697,0,6,94
2698,0,6,94
2699,0,6,94
2700,0,6,94
2701,0,6,94
2702,0,6,94
2703,0,6,94
2704,0,6,94
2705,0,6,94
2706,0,6,94
2707,0,6,94
2708,0,6,94
2709,0,6,94
2710,0,6,94
2711,0,6,94
2712,0,6,94
2713,0,6,94
2714,0,6,94
2715,0,6,94
2716,0,6,94
2717,0,6,94
2718,0,6,94
2719,0,6,94
2720,0,6,94
2721,0,6,94
2722,0,6,94
2723,0,6,94
2724,0,6,94
2725,0,6,94
2726,0,6,94
2727,0,6,94
2728,0,6,94
2729,0,6,94
2730,0,6,94
2731,0,6,94
2732,0,6,94
2733,0,6,94
2734,0,6,94
2735,0,6,94
2736,0,6,94
2737,0,6,94
2738,0,6,94
2739,0,6,94
2740,0,6,94
2741,0,6,94
2742,0,6,94
2743,0,6,94
2744,0,6,94
2745,0,6,94
2746,0,6,94
2747,0,6,94
2748,0,6,94
2749,0,6,94
2750,0,6,94
2751,0,6,94
2752,0,6,94
2753,0,6,94
2754,0,6,94
2755,0,6,94
2756,0,6,94
2757,0,6,94
2758,0,6,94
2759,0,6,94
2760,0,6,94
2761,0,6,94
2762,0,6,94
2763,0,6,94
2764,0,6,94
2765,0,6,94
2766,0,6,94
2767,0,6,94
2768,0,6,94
2769,0,6,94
2770,0,6,94
2771,0,6,94
2772,0,6,94
2773,0,6,94
2774,0,6,94
2775,0,6,94
2776,0,6,94
2777,0,6,94
2778,0,6,94
2779,0,6,94
2780,0,6,94
2781,0,6,94
2782,0,6,94
2783,0,6,94
2784,0,6,94
2785,0,6,94
2786,0,6,94
2787,0,6,94
2788,0,6,94
2789,0,6,94
2790,0,6,94
2791,0,6,94
2792,0,6,94
2793,0,6,94
2794,0,6,94
2795,0,6,94
2796,0,6,94
2797,0,6,94
2798,0,6,94
2799,0,6,94
2800,0,6,94
2801,0,6,94
2802,0,6,94
2803,0,6,94
2804,0,6,94
2805,0,6,94
2806,0,6,94
2807,0,6,94
2808,0,6,94
2809,0,6,94
2810,0,6,94
2811,0,6,94
2812,0,6,94
2813,0,6,94
2814,0,6,94
2815,0,6,94
2816,0,6,94
2817,0,6,94
2818,0,6,94
2819,0,6,94
2820,0,6,94
2821,0,6,94
2822,0,6,94
2823,0,6,94
2824,0,6,94
2825,0,6,94
2826,0,6,94
2827,0,6,94
2828,0,6,94
2829,0,6,94
2830,0,6,94
2831,0,6,94
2832,0,6,94
2833,0,6,94
2834,0,6,94
2835,0,6,94
2836,0,6,94
2837,0,6,94
2838,0,6,94
2839,0,6,94
2840,0,6,94
2841,0,6,94
2842,0,6,94
2843,0,6,94
2844,0,6,94
2845,0,6,94
2846,0,6,94
2847,0,6,94
2848,0,6,94
2849,0,6,94
2850,0,6,94
2851,0,6,94
2852,0,6,94
2853,0,6,94
2854,0,6,94
2855,0,6,94
2856,0,6,94
2857,0,6,94
2858,0,6,94
2859,0,6,94
2860,0,6,94
2861,0,6,94
2862,0,6,94
2863,0,6,94
2864,0,6,94
2865,0,6,94
2866,0,6,94
2867,0,6,94
2868,0,6,94
2869,0,6,94
2870,0,6,94
2871,0,6,94
2872,0,6,94
2873,0,6,94
2874,0,6,94
2875,0,6,94
2876,0,6,94
2877,0,6,94
2878,0,6,94
2879,0,6,94
2880,0,6,94
2881,0,6,94
2882,0,6,94
2883,0,6,94
2884,0,6,94
2885,0,6,94
2886,0,6,94
2887,0,6,94
2888,0,6,94
2889,0,6,94
2890,0,6,94
2891,0,6,94
2892,0,6,94
2893,0,6,94
2894,0,6,94
2895,0,6,94
2896,0,6,94
2897,0,6,94
2898,0,6,94
2899,0,6,94
2900,0,6,94
2901,0,6,94
2902,0,6,94
2903,0,6,94
2904,0,6,94
2905,0,6,94
2906,0,6,94
2907,0,6,94
2908,0,6,94
2909,0,6,94
2910,0,6,94
2911,0,6,94
2912,0,6,94
2913,0,6,94
2914,0,6,94
2915,0,6,94
2916,0,6,94
2917,0,6,94
2918,0,6,94
2919,0,6,94
2920,0,6,94
2921,0,6,94
2922,0,6,94
2923,0,6,94
2924,0,6,94
2925,0,6,94
2926,0,6,94
2927,0,6,94
2928,0,6,94
2929,0,6,94
2930,0,6,94
2931,0,6,94
2932,0,6,94
2933,0,6,94
2934,0,6,94
2935,0,6,94
2936,0,6,94
2937,0,6,94
2938,0,6,94
2939,0,6,94
2940,0,6,94
2941,0,6,94
2942,0,6,94
2943,0,6,94
2944,0,6,94
2945,0,6,94
2946,0,6,94
2947,0,6,94
2948,0,6,94
2949,0,6,94
2950,0,6,94
2951,0,6,94
2952,0,6,94
2953,0,6,94
2954,0,6,94
2955,0,6,94
2956,0,6,94
2957,0,6,94
2958,0,6,94
2959,0,6,94
2960,0,6,94
2961,0,6,94
2962,0,6,94
2963,0,6,94
2964,0,6,94
2965,0,6,94
2966,0,6,94
2967,0,6,94
2968,0,6,94
2969,0,6,94
2970,0,6,94
2971,0,6,94
2972,0,6,94
2973,0,6,94
2974,0,6,94
2975,0,6,94
2976,0,6,94
2977,0,6,94
2978,0,6,94
2979,0,6,94
2980,0,6,94
2981,0,6,94
2982,0,6,94
2983,0,6,94
2984,0,6,94
2985,0,6,94
2986,0,6,94
2987,0,6,94
2988,0,6,94
2989,0,6,94
2990,0,6,94
2991,0,6,94
2992,0,6,94
2993,0,6,94
2994,0,6,94
2995,0,6,94
2996,0,6,94
2997,0,6,94
2998,0,6,94
2999,0,6,94
3000,0,6,94
