Time,Healthy,Undetectable,Detectable
0,97,3,0
1,97,3,0
2,97,3,0
3,97,3,0
4,97,3,0
5,97,3,0
6,97,3,0
7,97,3,0
8,97,3,0
9,97,3,0
10,97,3,0
11,97,3,0
12,97,3,0
13,97,3,0
14,97,3,0
15,97,3,0
16,97,3,0
17,97,3,0
18,97,3,0
19,97,3,0
20,97,3,0
21,97,3,0
22,97,3,0
23,97,3,0
24,97,3,0
25,97,3,0
26,97,3,0
27,97,3,0
28,97,3,0
29,97,3,0
30,97,3,0
31,97,3,0
32,97,3,0
33,97,3,0
34,97,3,0
35,97,3,0
36,97,3,0
37,97,3,0
38,97,2,1
39,97,2,1
40,97,2,1
41,97,2,1
42,97,2,1
43,97,2,1
44,97,2,1
45,97,2,1
46,97,2,1
47,97,2,1
48,97,2,1
49,97,2,1
50,97,2,1
51,97,2,1
52,97,2,1
53,97,2,1
54,97,2,1
55,97,2,1
56,97,2,1
57,97,2,1
58,97,2,1
59,97,2,1
60,97,2,1
61,97,2,1
62,97,2,1
63,97,2,1
64,97,2,1
65,97,2,1
66,97,2,1
67,97,2,1
68,97,2,1
69,97,2,1
70,97,2,1
71,97,2,1
72,97,2,1
73,97,2,1
74,97,2,1
75,97,2,1
76,97,2,1
77,97,2,1
78,97,2,1
79,97,2,1
80,97,2,1
81,97,2,1
82,97,2,1
83,97,2,1
84,97,2,1
85,97,2,1
86,97,2,1
87,97,2,1
88,97,2,1
89,97,2,1
90,97,2,1
91,97,2,1
92,97,2,1
93,97,2,1
94,97,2,1
95,97,2,1
96,97,2,1
97,97,2,1
98,97,2,1
99,97,2,1
100,97,2,1
101,97,2,1
102,97,2,1
103,97,2,1
104,97,2,1
105,97,2,1
106,97,2,1
107,97,2,1
108,97,2,1
109,97,2,1
110,97,2,1
111,97,2,1
112,97,2,1
113,97,2,1
114,97,2,1
115,97,2,1
116,97,2,1
117,97,2,1
118,97,2,1
119,97,2,1
120,97,2,1
121,97,2,1
122,97,2,1
123,97,2,1
124,97,2,1
125,97,2,1
126,97,2,1
127,97,2,1
128,97,2,1
129,97,2,1
130,97,2,1
131,97,2,1
132,97,2,1
133,97,2,1
134,97,2,1
135,97,2,1
136,97,2,1
137,97,2,1
138,97,2,1
139,97,2,1
140,97,2,1
141,97,2,1
142,97,2,1
143,97,2,1
144,97,2,1
145,97,2,1
146,97,2,1
147,97,2,1
148,97,2,1
149,97,2,1
150,97,2,1
151,97,2,1
152,97,2,1
153,97,2,1
154,97,2,1
155,97,2,1
156,97,2,1
157,97,2,1
158,97,2,1
159,97,2,1
160,97,2,1
161,97,2,1
162,97,2,1
163,97,2,1
164,97,2,1
165,97,2,1
166,97,2,1
167,97,2,1
168,97,2,1
169,97,2,1
170,97,2,1
171,97,2,1
172,97,2,1
173,97,2,1
174,97,2,1
175,96,3,1
176,96,3,1
177,96,3,1
178,96,3,1
179,96,2,2
180,96,2,2
181,96,2,2
182,96,2,2
183,96,2,2
184,96,2,2
185,96,2,2
186,96,2,2
187,96,2,2
188,96,2,2
189,96,2,2
190,96,2,2
191,96,2,2
192,96,2,2
193,96,2,2
194,96,2,2
195,96,2,2
196,96,2,2
197,96,2,2
198,96,2,2
199,96,2,2
200,96,2,2
201,96,2,2
202,96,2,2
203,96,2,2
204,96,2,2
205,96,2,2
206,96,2,2
207,96,2,2
208,96,2,2
209,96,2,2
210,96,2,2
211,96,2,2
212,96,2,2
213,96,2,2
214,96,2,2
215,96,2,2
216,96,2,2
217,96,2,2
218,96,2,2
219,96,2,2
220,96,2,2
221,96,2,2
222,96,2,2
223,96,2,2
224,96,2,2
225,96,2,2
226,96,2,2
227,96,2,2
228,96,2,2
229,96,2,2
230,96,2,2
231,96,2,2
232,96,2,2
233,96,2,2
234,96,2,2
235,96,2,2
236,96,2,2
237,96,2,2
238,96,2,2
239,96,2,2
240,96,2,2
241,96,2,2
242,96,2,2
243,96,2,2
244,96,2,2
245,96,2,2
246,96,2,2
247,96,2,2
248,96,2,2
249,96,2,2
250,96,2,2
251,96,2,2
252,96,2,2
253,96,2,2
254,96,2,2
255,96,2,2
256,96,2,2
257,96,2,2
258,96,2,2
259,96,2,2
260,96,2,2
261,96,2,2
262,96,2,2
263,96,2,2
264,96,2,2
265,96,2,2
266,96,2,2
267,96,2,2
268,96,2,2
269,96,2,2
270,96,2,2
271,96,2,2
272,96,2,2
273,96,2,2
274,96,2,2
275,96,2,2
276,96,2,2
277,96,2,2
278,96,2,2
279,96,2,2
280,96,2,2
281,96,2,2
282,96,2,2
283,96,2,2
284,96,2,2
285,96,2,2
286,96,2,2
287,96,2,2
288,96,2,2
289,96,2,2
290,96,2,2
291,96,2,2
292,96,2,2
293,96,2,2
294,96,2,2
295,96,2,2
296,96,2,2
297,96,2,2
298,96,2,2
299,96,2,2
300,96,2,2
301,96,2,2
302,96,2,2
303,96,2,2
304,95,3,2
305,95,3,2
306,95,3,2
307,95,3,2
308,95,3,2
309,95,3,2
310,95,3,2
311,95,3,2
312,95,3,2
313,95,3,2
314,95,3,2
315,95,3,2
316,95,3,2
317,95,3,2
318,95,3,2
319,95,3,2
320,95,3,2
321,95,3,2
322,95,3,2
323,95,3,2
324,95,3,2
325,95,3,2
326,95,3,2
327,95,2,3
328,95,2,3
329,95,2,3
330,95,2,3
331,95,2,3
332,95,2,3
333,95,2,3
334,95,2,3
335,95,2,3
336,95,2,3
337,95,2,3
338,95,2,3
339,95,2,3
340,95,2,3
341,95,2,3
342,95,2,3
343,95,2,3
344,95,2,3
345,95,2,3
346,95,2,3
347,95,2,3
348,95,2,3
349,95,2,3
350,95,2,3
351,95,2,3
352,95,2,3
353,95,2,3
354,95,2,3
355,95,2,3
356,95,2,3
357,95,2,3
358,95,2,3
359,95,2,3
360,95,2,3
361,95,2,3
362,95,2,3
363,95,2,3
364,95,2,3
365,95,2,3
366,95,2,3
367,95,2,3
368,95,2,3
369,95,2,3
370,95,2,3
371,95,2,3
372,95,2,3
373,95,2,3
374,95,2,3
375,95,2,3
376,95,2,3
377,95,2,3
378,95,2,3
379,95,2,3
380,95,2,3
381,95,2,3
382,95,2,3
383,95,2,3
384,95,2,3
385,95,2,3
386,95,2,3
387,95,2,3
388,95,2,3
389,95,2,3
390,95,2,3
391,95,2,3
392,95,2,3
393,95,2,3
394,95,2,3
395,95,2,3
396,95,2,3
397,95,2,3
398,95,2,3
399,95,2,3
400,95,2,3
401,95,2,3
402,95,2,3
403,95,2,3
404,95,2,3
405,95,2,3
406,95,2,3
407,95,2,3
408,95,2,3
409,95,2,3
410,95,2,3
411,95,2,3
412,95,2,3
413,95,2,3
414,95,2,3
415,95,2,3
416,95,2,3
417,95,2,3
418,95,2,3
419,95,2,3
420,95,2,3
421,95,2,3
422,95,2,3
423,95,2,3
424,95,2,3
425,95,2,3
426,95,2,3
427,95,2,3
428,95,2,3
429,95,2,3
430,95,2,3
431,95,2,3
432,95,2,3
433,95,2,3
434,95,2,3
435,94,3,3
436,94,3,3
437,94,3,3
438,94,3,3
439,94,3,3
440,94,3,3
441,94,3,3
442,94,3,3
443,94,3,3
444,93,4,3
445,93,4,3
446,92,5,3
447,92,5,3
448,92,5,3
449,92,5,3
450,92,5,3
451,92,5,3
452,92,5,3
453,92,5,3
454,92,5,3
455,92,5,3
456,92,5,3
457,92,5,3
458,92,5,3
459,92,5,3
460,92,5,3
461,92,5,3
462,92,5,3
463,92,5,3
464,92,5,3
465,92,5,3
466,92,5,3
467,92,5,3
468,92,5,3
469,92,5,3
470,92,5,3
471,92,5,3
472,92,5,3
473,92,5,3
474,92,5,3
475,92,5,3
476,91,6,3
477,91,6,3
478,91,6,3
479,91,6,3
480,91,6,3
481,91,6,3
482,91,6,3
483,91,6,3
484,91,6,3
485,91,6,3
486,91,6,3
487,91,6,3
488,91,6,3
489,91,6,3
490,91,6,3
491,91,6,3
492,91,6,3
493,91,6,3
494,91,6,3
495,91,6,3
496,91,6,3
497,91,6,3
498,91,6,3
499,91,6,3
500,91,6,3
501,91,6,3
502,91,6,3
503,91,6,3
504,91,6,3
505,91,6,3
506,91,6,3
507,91,6,3
508,91,6,3
509,91,6,3
510,91,6,3
511,91,6,3
512,91,6,3
513,91,6,3
514,91,6,3
515,91,6,3
516,91,6,3
517,91,6,3
518,91,6,3
519,91,6,3
520,91,6,3
521,91,6,3
522,91,6,3
523,91,6,3
524,91,6,3
525,91,6,3
526,91,6,3
527,91,6,3
528,91,6,3
529,91,5,4
530,91,5,4
531,91,5,4
532,91,5,4
533,91,5,4
534,91,5,4
535,91,5,4
536,91,5,4
537,91,5,4
538,91,5,4
539,91,5,4
540,91,5,4
541,91,5,4
542,91,5,4
543,91,5,4
544,91,5,4
545,91,5,4
546,91,5,4
547,91,5,4
548,91,5,4
549,91,5,4
550,91,5,4
551,90,6,4
552,90,6,4
553,90,6,4
554,90,6,4
555,90,6,4
556,90,6,4
557,90,6,4
558,90,6,4
559,90,6,4
560,90,6,4
561,90,6,4
562,90,6,4
563,90,6,4
564,90,6,4
565,90,6,4
566,90,6,4
567,90,6,4
568,90,6,4
569,90,6,4
570,90,6,4
571,90,6,4
572,90,6,4
573,90,6,4
574,90,6,4
575,90,6,4
576,89,7,4
577,89,7,4
578,89,7,4
579,89,7,4
580,88,8,4
581,88,8,4
582,88,8,4
583,88,8,4
584,88,8,4
585,88,8,4
586,88,8,4
587,88,8,4
588,88,8,4
589,88,8,4
590,88,8,4
591,88,8,4
592,88,8,4
593,88,8,4
594,88,8,4
595,88,8,4
596,88,8,4
597,86,10,4
598,86,10,4
599,85,11,4
600,85,11,4
601,85,11,4
602,85,11,4
603,85,11,4
604,85,11,4
605,85,11,4
606,85,11,4
607,85,11,4
608,85,11,4
609,85,11,4
610,85,11,4
611,85,11,4
612,85,11,4
613,85,11,4
614,85,11,4
615,85,11,4
616,85,11,4
617,85,11,4
618,85,11,4
619,85,11,4
620,85,11,4
621,85,11,4
622,85,11,4
623,85,11,4
624,85,11,4
625,85,11,4
626,85,11,4
627,85,11,4
628,85,11,4
629,85,11,4
630,85,11,4
631,85,11,4
632,85,11,4
633,85,11,4
634,84,12,4
635,84,12,4
636,84,11,5
637,84,11,5
638,84,11,5
639,84,11,5
640,84,11,5
641,84,11,5
642,83,12,5
643,83,12,5
644,83,12,5
645,83,12,5
646,83,12,5
647,83,12,5
648,83,12,5
649,83,12,5
650,83,12,5
651,83,12,5
652,83,12,5
653,83,12,5
654,83,12,5
655,83,12,5
656,83,12,5
657,83,12,5
658,83,12,5
659,82,13,5
660,82,13,5
661,82,13,5
662,82,13,5
663,82,13,5
664,82,13,5
665,82,13,5
666,82,13,5
667,82,13,5
668,82,13,5
669,82,13,5
670,82,13,5
671,82,13,5
672,82,13,5
673,82,13,5
674,82,13,5
675,82,13,5
676,82,13,5
677,82,13,5
678,82,13,5
679,82,13,5
680,82,13,5
681,82,13,5
682,82,13,5
683,82,13,5
684,82,12,6
685,82,12,6
686,81,13,6
687,80,14,6
688,80,14,6
689,79,15,6
690,79,15,6
691,79,15,6
692,79,15,6
693,79,15,6
694,79,14,7
695,79,14,7
696,79,14,7
697,79,14,7
698,79,13,8
699,79,13,8
700,78,14,8
701,78,14,8
702,78,14,8
703,78,14,8
704,78,14,8
705,78,14,8
706,78,14,8
707,78,14,8
708,78,14,8
709,78,14,8
710,78,14,8
711,77,15,8
712,77,15,8
713,77,15,8
714,77,15,8
715,77,15,8
716,77,15,8
717,77,15,8
718,77,15,8
719,76,16,8
720,76,16,8
721,76,16,8
722,76,16,8
723,76,16,8
724,76,15,9
725,76,15,9
726,76,15,9
727,76,15,9
728,75,16,9
729,75,16,9
730,75,16,9
731,74,17,9
732,74,17,9
733,73,18,9
734,72,19,9
735,72,19,9
736,72,19,9
737,72,19,9
738,72,19,9
739,72,19,9
740,72,19,9
741,72,19,9
742,71,20,9
743,71,19,10
744,71,19,10
745,71,18,11
746,71,18,11
747,71,18,11
748,71,18,11
749,71,18,11
750,71,18,11
751,71,18,11
752,71,18,11
753,71,18,11
754,71,18,11
755,71,18,11
756,71,18,11
757,71,18,11
758,71,18,11
759,71,18,11
760,71,18,11
761,70,19,11
762,70,19,11
763,70,19,11
764,70,19,11
765,70,19,11
766,70,19,11
767,70,19,11
768,70,19,11
769,69,19,12
770,69,19,12
771,69,19,12
772,69,19,12
773,68,20,12
774,68,20,12
775,68,20,12
776,68,20,12
777,68,20,12
778,67,21,12
779,67,21,12
780,67,21,12
781,67,21,12
782,67,21,12
783,67,21,12
784,66,22,12
785,66,22,12
786,66,22,12
787,66,22,12
788,66,22,12
789,65,23,12
790,65,23,12
791,65,22,13
792,65,22,13
793,65,22,13
794,65,22,13
795,65,22,13
796,65,22,13
797,65,22,13
798,64,23,13
799,64,23,13
800,64,23,13
801,64,23,13
802,64,23,13
803,64,23,13
804,64,23,13
805,63,24,13
806,63,24,13
807,62,25,13
808,62,25,13
809,62,25,13
810,62,25,13
811,62,25,13
812,62,24,14
813,62,24,14
814,62,23,15
815,61,24,15
816,61,24,15
817,61,24,15
818,61,24,15
819,61,24,15
820,61,24,15
821,60,25,15
822,60,25,15
823,60,25,15
824,60,25,15
825,60,25,15
826,60,25,15
827,60,25,15
828,60,25,15
829,60,25,15
830,60,25,15
831,60,25,15
832,60,25,15
833,60,25,15
834,60,25,15
835,60,25,15
836,60,25,15
837,60,25,15
838,60,25,15
839,59,26,15
840,59,26,15
841,59,26,15
842,59,26,15
843,59,26,15
844,58,27,15
845,58,27,15
846,58,27,15
847,58,27,15
848,58,27,15
849,58,27,15
850,57,28,15
851,57,28,15
852,57,28,15
853,57,28,15
854,57,28,15
855,56,29,15
856,55,30,15
857,55,30,15
858,55,30,15
859,55,30,15
860,55,29,16
861,55,29,16
862,53,31,16
863,53,31,16
864,52,32,16
865,52,32,16
866,51,33,16
867,51,33,16
868,51,33,16
869,51,33,16
870,51,33,16
871,50,34,16
872,50,34,16
873,50,34,16
874,49,35,16
875,49,35,16
876,49,35,16
877,48,36,16
878,48,36,16
879,48,36,16
880,48,36,16
881,48,36,16
882,48,36,16
883,48,36,16
884,47,37,16
885,47,37,16
886,47,37,16
887,47,36,17
888,47,36,17
889,47,36,17
890,47,36,17
891,47,36,17
892,47,36,17
893,46,36,18
894,46,36,18
895,46,36,18
896,46,36,18
897,45,37,18
898,44,38,18
899,44,38,18
900,43,39,18
901,43,39,18
902,43,39,18
903,43,39,18
904,43,39,18
905,42,40,18
906,42,40,18
907,42,40,18
908,42,40,18
909,42,40,18
910,42,40,18
911,42,39,19
912,41,40,19
913,41,40,19
914,40,41,19
915,40,41,19
916,40,41,19
917,40,41,19
918,40,39,21
919,40,38,22
920,40,38,22
921,40,38,22
922,40,38,22
923,39,39,22
924,39,39,22
925,39,39,22
926,39,39,22
927,39,39,22
928,38,40,22
929,38,40,22
930,38,40,22
931,38,40,22
932,38,40,22
933,38,40,22
934,38,40,22
935,38,40,22
936,37,41,22
937,37,41,22
938,37,41,22
939,37,41,22
940,37,41,22
941,36,42,22
942,36,42,22
943,36,41,23
944,36,41,23
945,36,41,23
946,36,41,23
947,35,42,23
948,34,43,23
949,34,43,23
950,34,43,23
951,34,42,24
952,34,42,24
953,33,43,24
954,33,43,24
955,33,43,24
956,32,44,24
957,32,43,25
958,32,43,25
959,32,43,25
960,32,43,25
961,32,43,25
962,32,43,25
963,32,43,25
964,32,42,26
965,31,43,26
966,30,43,27
967,30,43,27
968,29,44,27
969,29,44,27
970,28,45,27
971,28,45,27
972,28,45,27
973,28,45,27
974,28,45,27
975,28,45,27
976,28,45,27
977,28,45,27
978,28,45,27
979,28,45,27
980,28,45,27
981,28,45,27
982,28,45,27
983,28,45,27
984,28,45,27
985,28,45,27
986,28,45,27
987,28,45,27
988,28,44,28
989,28,44,28
990,28,44,28
991,28,44,28
992,28,44,28
993,28,44,28
994,27,45,28
995,27,45,28
996,26,46,28
997,26,46,28
998,26,44,30
999,25,45,30
1000,25,44,31
1001,25,44,31
1002,25,44,31
1003,25,44,31
1004,25,44,31
1005,25,44,31
1006,24,45,31
1007,24,44,32
1008,24,44,32
1009,24,44,32
1010,24,44,32
1011,24,44,32
1012,23,45,32
1013,23,45,32
1014,23,45,32
1015,23,45,32
1016,23,44,33
1017,23,43,34
1018,23,43,34
1019,23,43,34
1020,23,43,34
1021,23,43,34
1022,23,43,34
1023,23,43,34
1024,23,43,34
1025,23,43,34
1026,23,43,34
1027,23,43,34
1028,23,42,35
1029,23,42,35
1030,23,42,35
1031,23,42,35
1032,23,41,36
1033,23,41,36
1034,23,41,36
1035,23,41,36
1036,23,40,37
1037,23,40,37
1038,23,40,37
1039,23,39,38
1040,23,39,38
1041,23,39,38
1042,23,39,38
1043,23,39,38
1044,23,39,38
1045,23,39,38
1046,23,39,38
1047,23,39,38
1048,23,39,38
1049,23,39,38
1050,23,39,38
1051,23,38,39
1052,23,38,39
1053,23,38,39
1054,23,37,40
1055,23,37,40
1056,23,37,40
1057,23,37,40
1058,23,37,40
1059,23,37,40
1060,23,37,40
1061,23,37,40
1062,23,37,40
1063,23,37,40
1064,23,37,40
1065,23,37,40
1066,23,37,40
1067,22,38,40
1068,22,38,40
1069,22,38,40
1070,22,38,40
1071,22,38,40
1072,22,38,40
1073,22,38,40
1074,20,40,40
1075,20,40,40
1076,20,40,40
1077,20,40,40
1078,20,40,40
1079,20,40,40
1080,20,40,40
1081,20,39,41
1082,20,39,41
1083,20,39,41
1084,20,39,41
1085,20,39,41
1086,20,39,41
1087,20,39,41
1088,20,39,41
1089,20,39,41
1090,20,39,41
1091,20,39,41
1092,20,39,41
1093,19,40,41
1094,19,40,41
1095,19,40,41
1096,19,40,41
1097,19,40,41
1098,18,41,41
1099,18,41,41
1100,18,41,41
1101,18,41,41
1102,18,41,41
1103,18,41,41
1104,18,41,41
1105,18,41,41
1106,18,41,41
1107,18,41,41
1108,18,41,41
1109,18,41,41
1110,18,40,42
1111,18,40,42
1112,18,40,42
1113,18,40,42
1114,18,40,42
1115,18,40,42
1116,18,40,42
1117,17,41,42
1118,17,41,42
1119,17,41,42
1120,16,42,42
1121,15,43,42
1122,14,44,42
1123,14,44,42
1124,14,44,42
1125,14,44,42
1126,13,45,42
1127,13,45,42
1128,13,45,42
1129,13,45,42
1130,13,45,42
1131,13,44,43
1132,13,44,43
1133,13,44,43
1134,13,44,43
1135,13,44,43
1136,13,44,43
1137,13,44,43
1138,13,44,43
1139,13,44,43
1140,13,44,43
1141,13,44,43
1142,12,44,44
1143,11,45,44
1144,11,45,44
1145,11,45,44
1146,11,45,44
1147,11,45,44
1148,11,45,44
1149,11,45,44
1150,11,45,44
1151,11,45,44
1152,11,45,44
1153,11,45,44
1154,11,45,44
1155,11,45,44
1156,11,44,45
1157,11,44,45
1158,11,44,45
1159,11,44,45
1160,11,44,45
1161,11,44,45
1162,11,44,45
1163,11,44,45
1164,11,44,45
1165,11,44,45
1166,11,44,45
1167,11,44,45
1168,11,44,45
1169,11,44,45
1170,11,44,45
1171,11,44,45
1172,11,44,45
1173,11,44,45
1174,11,44,45
1175,11,44,45
1176,11,44,45
1177,11,44,45
1178,11,44,45
1179,11,44,45
1180,11,44,45
1181,11,44,45
1182,11,44,45
1183,10,45,45
1184,10,45,45
1185,10,45,45
1186,10,45,45
1187,10,45,45
1188,10,45,45
1189,10,45,45
1190,10,45,45
1191,10,45,45
1192,10,45,45
1193,10,45,45
1194,10,44,46
1195,10,44,46
1196,10,44,46
1197,10,43,47
1198,10,43,47
1199,10,43,47
1200,10,43,47
1201,10,43,47
1202,10,43,47
1203,10,42,48
1204,10,42,48
1205,10,42,48
1206,10,42,48
1207,10,42,48
1208,10,42,48
1209,10,42,48
1210,10,42,48
1211,10,42,48
1212,10,42,48
1213,10,42,48
1214,10,42,48
1215,10,41,49
1216,10,41,49
1217,10,41,49
1218,10,41,49
1219,10,40,50
1220,10,40,50
1221,10,40,50
1222,10,39,51
1223,10,39,51
1224,10,39,51
1225,10,39,51
1226,10,39,51
1227,10,39,51
1228,9,40,51
1229,9,40,51
1230,9,40,51
1231,9,40,51
1232,8,41,51
1233,8,41,51
1234,8,41,51
1235,8,41,51
1236,8,40,52
1237,8,39,53
1238,8,39,53
1239,8,39,53
1240,8,38,54
1241,8,38,54
1242,8,38,54
1243,8,38,54
1244,8,38,54
1245,8,38,54
1246,7,39,54
1247,7,39,54
1248,7,39,54
1249,7,39,54
1250,7,39,54
1251,7,39,54
1252,7,39,54
1253,7,39,54
1254,6,40,54
1255,6,40,54
1256,6,40,54
1257,6,40,54
1258,6,40,54
1259,6,40,54
1260,6,40,54
1261,6,40,54
1262,6,40,54
1263,6,40,54
1264,6,40,54
1265,6,40,54
1266,6,40,54
1267,6,40,54
1268,6,40,54
1269,6,40,54
1270,6,40,54
1271,6,40,54
1272,6,40,54
1273,6,40,54
1274,6,40,54
1275,6,40,54
1276,6,39,55
1277,6,39,55
1278,6,39,55
1279,6,39,55
1280,5,40,55
1281,5,40,55
1282,5,40,55
1283,5,40,55
1284,5,40,55
1285,5,40,55
1286,5,40,55
1287,5,40,55
1288,5,40,55
1289,5,40,55
1290,5,40,55
1291,5,40,55
1292,5,40,55
1293,5,40,55
1294,5,40,55
1295,5,40,55
1296,5,40,55
1297,5,40,55
1298,5,40,55
1299,5,40,55
1300,5,40,55
1301,5,40,55
1302,5,40,55
1303,4,41,55
1304,4,41,55
1305,4,41,55
1306,4,41,55
1307,4,41,55
1308,4,40,56
1309,4,40,56
1310,4,40,56
1311,4,40,56
1312,4,40,56
1313,4,40,56
1314,4,40,56
1315,4,40,56
1316,4,40,56
1317,4,40,56
1318,4,40,56
1319,4,40,56
1320,4,40,56
1321,4,40,56
1322,4,40,56
1323,4,40,56
1324,4,40,56
1325,4,40,56
1326,4,39,57
1327,4,39,57
1328,4,38,58
1329,4,38,58
1330,4,38,58
1331,4,37,59
1332,4,37,59
1333,4,37,59
1334,4,37,59
1335,4,37,59
1336,4,37,59
1337,4,37,59
1338,4,37,59
1339,4,37,59
1340,4,36,60
1341,4,36,60
1342,4,36,60
1343,4,36,60
1344,4,36,60
1345,4,36,60
1346,4,36,60
1347,4,36,60
1348,4,36,60
1349,4,36,60
1350,4,36,60
1351,4,36,60
1352,4,36,60
1353,4,36,60
1354,4,36,60
1355,4,36,60
1356,4,36,60
1357,4,36,60
1358,4,36,60
1359,4,36,60
1360,4,36,60
1361,4,36,60
1362,4,36,60
1363,4,36,60
1364,4,36,60
1365,4,36,60
1366,4,36,60
1367,4,36,60
1368,4,36,60
1369,4,36,60
1370,4,35,61
1371,4,35,61
1372,4,35,61
1373,4,35,61
1374,4,35,61
1375,4,35,61
1376,4,35,61
1377,4,35,61
1378,4,35,61
1379,4,35,61
1380,4,35,61
1381,4,35,61
1382,4,35,61
1383,4,34,62
1384,4,34,62
1385,4,34,62
1386,4,34,62
1387,4,33,63
1388,4,33,63
1389,4,33,63
1390,4,33,63
1391,4,33,63
1392,4,32,64
1393,4,32,64
1394,4,32,64
1395,4,32,64
1396,4,32,64
1397,4,32,64
1398,4,32,64
1399,4,32,64
1400,4,32,64
1401,4,32,64
1402,4,32,64
1403,4,32,64
1404,4,31,65
1405,4,31,65
1406,4,31,65
1407,4,31,65
1408,4,31,65
1409,4,31,65
1410,4,31,65
1411,4,31,65
1412,4,31,65
1413,4,31,65
1414,4,31,65
1415,4,31,65
1416,4,31,65
1417,4,31,65
1418,4,31,65
1419,4,31,65
1420,4,31,65
1421,4,31,65
1422,4,31,65
1423,4,31,65
1424,4,31,65
1425,4,31,65
1426,4,31,65
1427,4,31,65
1428,4,30,66
1429,4,30,66
1430,4,30,66
1431,4,30,66
1432,4,30,66
1433,4,30,66
1434,4,30,66
1435,4,30,66
1436,4,30,66
1437,4,30,66
1438,4,30,66
1439,4,30,66
1440,4,30,66
1441,4,30,66
1442,4,30,66
1443,4,30,66
1444,4,29,67
1445,4,29,67
1446,4,29,67
1447,4,29,67
1448,4,29,67
1449,4,29,67
1450,3,30,67
1451,3,30,67
1452,3,30,67
1453,3,30,67
1454,3,30,67
1455,3,30,67
1456,3,30,67
1457,3,30,67
1458,3,30,67
1459,3,30,67
1460,3,30,67
1461,3,30,67
1462,3,29,68
1463,3,29,68
1464,3,29,68
1465,3,29,68
1466,3,28,69
1467,3,28,69
1468,3,28,69
1469,3,28,69
1470,3,28,69
1471,3,28,69
1472,3,28,69
1473,3,28,69
1474,3,28,69
1475,3,27,70
1476,3,27,70
1477,3,27,70
1478,3,27,70
1479,3,27,70
1480,3,27,70
1481,3,27,70
1482,3,27,70
1483,3,27,70
1484,3,27,70
1485,3,27,70
1486,3,27,70
1487,3,27,70
1488,3,27,70
1489,3,27,70
1490,3,27,70
1491,3,27,70
1492,3,26,71
1493,3,26,71
1494,3,26,71
1495,3,26,71
1496,3,26,71
1497,3,26,71
1498,3,26,71
1499,3,26,71
1500,3,26,71
1501,3,26,71
1502,3,26,71
1503,3,26,71
1504,3,26,71
1505,3,26,71
1506,3,26,71
1507,3,26,71
1508,3,26,71
1509,3,26,71
1510,3,25,72
1511,3,25,72
1512,3,25,72
1513,3,25,72
1514,3,25,72
1515,3,25,72
1516,3,25,72
1517,3,25,72
1518,3,25,72
1519,3,25,72
1520,3,25,72
1521,3,25,72
1522,2,26,72
1523,2,26,72
1524,2,26,72
1525,2,26,72
1526,2,26,72
1527,2,26,72
1528,2,26,72
1529,2,26,72
1530,2,26,72
1531,2,26,72
1532,2,26,72
1533,2,26,72
1534,2,25,73
1535,2,25,73
1536,2,25,73
1537,2,25,73
1538,2,24,74
1539,2,24,74
1540,2,24,74
1541,2,24,74
1542,2,24,74
1543,2,24,74
1544,2,24,74
1545,2,24,74
1546,2,24,74
1547,2,24,74
1548,2,24,74
1549,2,24,74
1550,2,24,74
1551,2,24,74
1552,2,23,75
1553,2,23,75
1554,2,23,75
1555,2,23,75
1556,2,23,75
1557,2,23,75
1558,2,23,75
1559,2,23,75
1560,2,23,75
1561,2,23,75
1562,2,23,75
1563,2,23,75
1564,2,23,75
1565,2,23,75
1566,2,23,75
1567,2,23,75
1568,2,23,75
1569,2,23,75
1570,2,23,75
1571,2,23,75
1572,2,23,75
1573,2,23,75
1574,2,23,75
1575,2,23,75
1576,2,23,75
1577,2,23,75
1578,2,23,75
1579,2,23,75
1580,2,23,75
1581,2,23,75
1582,2,23,75
1583,2,23,75
1584,2,23,75
1585,2,23,75
1586,2,23,75
1587,2,23,75
1588,2,23,75
1589,2,23,75
1590,2,23,75
1591,2,23,75
1592,2,23,75
1593,2,23,75
1594,2,23,75
1595,2,23,75
1596,2,23,75
1597,2,23,75
1598,2,23,75
1599,2,23,75
1600,2,23,75
1601,2,23,75
1602,1,24,75
1603,1,24,75
1604,1,24,75
1605,1,24,75
1606,1,24,75
1607,1,24,75
1608,1,24,75
1609,1,24,75
1610,1,24,75
1611,1,24,75
1612,1,24,75
1613,1,24,75
1614,1,24,75
1615,1,24,75
1616,1,24,75
1617,1,24,75
1618,1,24,75
1619,1,24,75
1620,1,24,75
1621,1,24,75
1622,1,23,76
1623,1,23,76
1624,1,23,76
1625,1,23,76
1626,1,23,76
1627,1,23,76
1628,1,23,76
1629,1,23,76
1630,1,23,76
1631,1,23,76
1632,1,23,76
1633,1,23,76
1634,1,23,76
1635,1,23,76
1636,1,23,76
1637,1,22,77
1638,1,22,77
1639,1,22,77
1640,1,22,77
1641,1,22,77
1642,1,22,77
1643,1,22,77
1644,1,21,78
1645,1,21,78
1646,1,21,78
1647,1,21,78
1648,1,21,78
1649,1,21,78
1650,1,21,78
1651,1,21,78
1652,1,21,78
1653,1,21,78
1654,1,21,78
1655,1,21,78
1656,1,21,78
1657,1,21,78
1658,1,21,78
1659,1,21,78
1660,1,20,79
1661,1,20,79
1662,1,20,79
1663,1,20,79
1664,1,20,79
1665,1,20,79
1666,1,20,79
1667,1,20,79
1668,1,20,79
1669,1,20,79
1670,1,20,79
1671,1,19,80
1672,1,19,80
1673,1,19,80
1674,1,19,80
1675,1,19,80
1676,1,19,80
1677,1,19,80
1678,1,19,80
1679,1,19,80
1680,1,19,80
1681,1,19,80
1682,1,19,80
1683,1,19,80
1684,1,19,80
1685,1,19,80
1686,1,19,80
1687,1,19,80
1688,1,19,80
1689,1,19,80
1690,1,19,80
1691,1,19,80
1692,1,19,80
1693,1,19,80
1694,1,19,80
1695,1,19,80
1696,1,19,80
1697,1,19,80
1698,1,19,80
1699,1,19,80
1700,1,19,80
1701,1,19,80
1702,1,19,80
1703,0,20,80
1704,0,20,80
1705,0,20,80
1706,0,20,80
1707,0,20,80
1708,0,20,80
1709,0,20,80
1710,0,20,80
1711,0,20,80
1712,0,20,80
1713,0,20,80
1714,0,20,80
1715,0,20,80
1716,0,20,80
1717,0,20,80
1718,0,20,80
1719,0,20,80
1720,0,20,80
1721,0,20,80
1722,0,20,80
1723,0,20,80
1724,0,20,80
1725,0,20,80
1726,0,20,80
1727,0,20,80
1728,0,20,80
1729,0,20,80
1730,0,20,80
1731,0,20,80
1732,0,20,80
1733,0,20,80
1734,0,20,80
1735,0,20,80
1736,0,20,80
1737,0,20,80
1738,0,20,80
1739,0,20,80
1740,0,20,80
1741,0,20,80
1742,0,20,80
1743,0,20,80
1744,0,20,80
1745,0,20,80
1746,0,20,80
1747,0,20,80
1748,0,20,80
1749,0,20,80
1750,0,20,80
1751,0,20,80
1752,0,20,80
1753,0,20,80
1754,0,20,80
1755,0,20,80
1756,0,20,80
1757,0,20,80
1758,0,20,80
1759,0,20,80
1760,0,20,80
1761,0,20,80
1762,0,20,80
1763,0,20,80
1764,0,20,80
1765,0,20,80
1766,0,20,80
1767,0,20,80
1768,0,20,80
1769,0,20,80
1770,0,20,80
1771,0,20,80
1772,0,20,80
1773,0,20,80
1774,0,19,81
1775,0,19,81
1776,0,19,81
1777,0,19,81
1778,0,19,81
1779,0,19,81
1780,0,19,81
1781,0,19,81
1782,0,19,81
1783,0,19,81
1784,0,19,81
1785,0,19,81
1786,0,19,81
1787,0,19,81
1788,0,19,81
1789,0,19,81
1790,0,19,81
1791,0,19,81
1792,0,19,81
1793,0,19,81
1794,0,19,81
1795,0,19,81
1796,0,19,81
1797,0,19,81
1798,0,19,81
1799,0,19,81
1800,0,19,81
1801,0,19,81
1802,0,19,81
1803,0,19,81
1804,0,19,81
1805,0,19,81
1806,0,19,81
1807,0,19,81
1808,0,19,81
1809,0,19,81
1810,0,19,81
1811,0,19,81
1812,0,19,81
1813,0,19,81
1814,0,19,81
1815,0,19,81
1816,0,19,81
1817,0,19,81
1818,0,18,82
1819,0,18,82
1820,0,18,82
1821,0,18,82
1822,0,18,82
1823,0,18,82
1824,0,18,82
1825,0,17,83
1826,0,17,83
1827,0,17,83
1828,0,17,83
1829,0,17,83
1830,0,17,83
1831,0,17,83
1832,0,17,83
1833,0,17,83
1834,0,17,83
1835,0,17,83
1836,0,17,83
1837,0,17,83
1838,0,17,83
1839,0,17,83
1840,0,17,83
1841,0,16,84
1842,0,16,84
1843,0,16,84
1844,0,16,84
1845,0,16,84
1846,0,16,84
1847,0,16,84
1848,0,16,84
1849,0,16,84
1850,0,16,84
1851,0,16,84
1852,0,16,84
1853,0,16,84
1854,0,16,84
1855,0,16,84
1856,0,16,84
1857,0,16,84
1858,0,16,84
1859,0,16,84
1860,0,16,84
1861,0,16,84
1862,0,16,84
1863,0,16,84
1864,0,16,84
1865,0,16,84
1866,0,16,84
1867,0,16,84
1868,0,16,84
1869,0,16,84
1870,0,16,84
1871,0,16,84
1872,0,16,84
1873,0,16,84
1874,0,16,84
1875,0,16,84
1876,0,16,84
1877,0,16,84
1878,0,16,84
1879,0,16,84
1880,0,16,84
1881,0,16,84
1882,0,16,84
1883,0,15,85
1884,0,15,85
1885,0,15,85
1886,0,15,85
1887,0,15,85
1888,0,15,85
1889,0,15,85
1890,0,15,85
1891,0,15,85
1892,0,15,85
1893,0,15,85
1894,0,15,85
1895,0,14,86
1896,0,14,86
1897,0,14,86
1898,0,14,86
1899,0,14,86
1900,0,14,86
1901,0,14,86
1902,0,14,86
1903,0,13,87
1904,0,13,87
1905,0,13,87
1906,0,13,87
1907,0,13,87
1908,0,13,87
1909,0,13,87
1910,0,13,87
1911,0,13,87
1912,0,13,87
1913,0,13,87
1914,0,13,87
1915,0,13,87
1916,0,13,87
1917,0,13,87
1918,0,13,87
1919,0,13,87
1920,0,13,87
1921,0,13,87
1922,0,13,87
1923,0,13,87
1924,0,13,87
1925,0,13,87
1926,0,13,87
1927,0,13,87
1928,0,13,87
1929,0,13,87
1930,0,13,87
1931,0,13,87
1932,0,13,87
1933,0,13,87
1934,0,13,87
1935,0,13,87
1936,0,13,87
1937,0,13,87
1938,0,13,87
1939,0,13,87
1940,0,13,87
1941,0,13,87
1942,0,13,87
1943,0,13,87
1944,0,13,87
1945,0,13,87
1946,0,13,87
1947,0,13,87
1948,0,13,87
1949,0,13,87
1950,0,12,88
1951,0,12,88
1952,0,12,88
1953,0,12,88
1954,0,12,88
1955,0,12,88
1956,0,12,88
1957,0,12,88
1958,0,12,88
1959,0,12,88
1960,0,12,88
1961,0,12,88
1962,0,12,88
1963,0,12,88
1964,0,12,88
1965,0,11,89
1966,0,11,89
1967,0,11,89
1968,0,11,89
1969,0,11,89
1970,0,11,89
1971,0,11,89
1972,0,11,89
1973,0,11,89
1974,0,11,89
1975,0,11,89
1976,0,11,89
1977,0,11,89
1978,0,11,89
1979,0,11,89
1980,0,11,89
1981,0,11,89
1982,0,11,89
1983,0,11,89
1984,0,11,89
1985,0,11,89
1986,0,11,89
1987,0,11,89
1988,0,11,89
1989,0,10,90
1990,0,10,90
1991,0,10,90
1992,0,10,90
1993,0,10,90
1994,0,10,90
1995,0,10,90
1996,0,9,91
1997,0,9,91
1998,0,9,91
1999,0,8,92
2000,0,8,92
2001,0,8,92
2002,0,8,92
2003,0,8,92
2004,0,8,92
2005,0,8,92
2006,0,8,92
2007,0,8,92
2008,0,8,92
2009,0,8,92
2010,0,8,92
2011,0,8,92
2012,0,8,92
2013,0,8,92
2014,0,8,92
2015,0,8,92
2016,0,8,92
2017,0,8,92
2018,0,8,92
2019,0,8,92
2020,0,8,92
2021,0,8,92
2022,0,8,92
2023,0,8,92
2024,0,8,92
2025,0,8,92
2026,0,8,92
2027,0,8,92
2028,0,8,92
2029,0,8,92
2030,0,8,92
2031,0,8,92
2032,0,8,92
2033,0,8,92
2034,0,8,92
2035,0,8,92
2036,0,8,92
2037,0,8,92
2038,0,8,92
2039,0,8,92
2040,0,8,92
2041,0,8,92
2042,0,8,92
2043,0,8,92
2044,0,8,92
2045,0,8,92
2046,0,8,92
2047,0,8,92
2048,0,8,92
2049,0,8,92
2050,0,8,92
2051,0,8,92
2052,0,8,92
2053,0,8,92
2054,0,8,92
2055,0,7,93
2056,0,7,93
2057,0,7,93
2058,0,7,93
2059,0,7,93
2060,0,7,93
2061,0,7,93
2062,0,6,94
2063,0,6,94
2064,0,6,94
2065,0,6,94
2066,0,6,94
2067,0,6,94
2068,0,6,94
2069,0,6,94
2070,0,6,94
2071,0,6,94
2072,0,6,94
2073,0,6,94
2074,0,6,94
2075,0,6,94
2076,0,6,94
2077,0,6,94
2078,0,6,94
2079,0,6,94
2080,0,6,94
2081,0,6,94
2082,0,6,94
2083,0,6,94
2084,0,6,94
2085,0,6,94
2086,0,6,94
2087,0,6,94
2088,0,6,94
2089,0,6,94
2090,0,6,94
2091,0,6,94
2092,0,6,94
2093,0,6,94
2094,0,6,94
2095,0,6,94
2096,0,6,94
2097,0,6,94
2098,0,6,94
2099,0,6,94
2100,0,6,94
2101,0,6,94
2102,0,5,95
2103,0,5,95
2104,0,5,95
2105,0,5,95
2106,0,5,95
2107,0,5,95
2108,0,5,95
2109,0,5,95
2110,0,5,95
2111,0,5,95
2112,0,5,95
2113,0,5,95
2114,0,5,95
2115,0,5,95
2116,0,5,95
2117,0,5,95
2118,0,5,95
2119,0,5,95
2120,0,5,95
2121,0,5,95
2122,0,5,95
2123,0,5,95
2124,0,5,95
2125,0,5,95
2126,0,5,95
2127,0,5,95
2128,0,5,95
2129,0,5,95
2130,0,5,95
2131,0,5,95
2132,0,5,95
2133,0,5,95
2134,0,5,95
2135,0,5,95
2136,0,5,95
2137,0,5,95
2138,0,5,95
2139,0,5,95
2140,0,5,95
2141,0,5,95
2142,0,5,95
2143,0,5,95
2144,0,5,95
2145,0,5,95
2146,0,5,95
2147,0,5,95
2148,0,5,95
2149,0,5,95
2150,0,5,95
2151,0,5,95
2152,0,5,95
2153,0,5,95
2154,0,5,95
2155,0,5,95
2156,0,5,95
2157,0,5,95
2158,0,5,95
2159,0,5,95
2160,0,5,95
2161,0,5,95
2162,0,5,95
2163,0,5,95
2164,0,5,95
2165,0,5,95
2166,0,5,95
2167,0,5,95
2168,0,5,95
2169,0,5,95
2170,0,5,95
2171,0,5,95
2172,0,5,95
2173,0,5,95
2174,0,5,95
2175,0,5,95
2176,0,5,95
2177,0,5,95
2178,0,5,95
2179,0,5,95
2180,0,5,95
2181,0,5,95
2182,0,5,95
2183,0,5,95
2184,0,5,95
2185,0,5,95
2186,0,5,95
2187,0,5,95
2188,0,5,95
2189,0,5,95
2190,0,5,95
2191,0,5,95
2192,0,5,95
2193,0,5,95
2194,0,5,95
2195,0,5,95
2196,0,5,95
2197,0,5,95
2198,0,5,95
2199,0,5,95
2200,0,5,95
2201,0,5,95
2202,0,5,95
2203,0,5,95
2204,0,5,95
2205,0,5,95
2206,0,5,95
2207,0,5,95
2208,0,5,95
2209,0,5,95
2210,0,5,95
2211,0,5,95
2212,0,5,95
2213,0,5,95
2214,0,5,95
2215,0,5,95
2216,0,5,95
2217,0,5,95
2218,0,5,95
2219,0,5,95
2220,0,5,95
2221,0,5,95
2222,0,5,95
2223,0,5,95
2224,0,5,95
2225,0,5,95
2226,0,5,95
2227,0,5,95
2228,0,5,95
2229,0,5,95
2230,0,5,95
2231,0,5,95
2232,0,5,95
2233,0,5,95
2234,0,5,95
2235,0,5,95
2236,0,5,95
2237,0,5,95
2238,0,5,95
2239,0,5,95
2240,0,5,95
2241,0,5,95
2242,0,5,95
2243,0,5,95
2244,0,5,95
2245,0,5,95
2246,0,5,95
2247,0,5,95
2248,0,5,95
2249,0,5,95
2250,0,5,95
2251,0,5,95
2252,0,5,95
2253,0,5,95
2254,0,5,95
2255,0,5,95
2256,0,5,95
2257,0,5,95
2258,0,5,95
2259,0,5,95
2260,0,5,95
2261,0,5,95
2262,0,5,95
2263,0,5,95
2264,0,5,95
2265,0,5,95
2266,0,5,95
2267,0,5,95
2268,0,5,95
2269,0,5,95
2270,0,5,95
2271,0,5,95
2272,0,5,95
2273,0,5,95
2274,0,5,95
2275,0,5,95
2276,0,5,95
2277,0,5,95
2278,0,5,95
2279,0,5,95
2280,0,5,95
2281,0,5,95
2282,0,5,95
2283,0,5,95
2284,0,5,95
2285,0,5,95
2286,0,5,95
2287,0,5,95
2288,0,5,95
2289,0,5,95
2290,0,5,95
2291,0,5,95
2292,0,5,95
2293,0,5,95
2294,0,5,95
2295,0,5,95
2296,0,5,95
2297,0,5,95
2298,0,5,95
2299,0,5,95
2300,0,5,95
2301,0,5,95
2302,0,5,95
2303,0,5,95
2304,0,5,95
2305,0,5,95
2306,0,5,95
2307,0,5,95
2308,0,5,95
2309,0,5,95
2310,0,5,95
2311,0,5,95
2312,0,5,95
2313,0,5,95
2314,0,5,95
2315,0,5,95
2316,0,5,95
2317,0,5,95
2318,0,5,95
2319,0,5,95
2320,0,5,95
2321,0,5,95
2322,0,5,95
2323,0,5,95
2324,0,5,95
2325,0,5,95
2326,0,5,95
2327,0,5,95
2328,0,5,95
2329,0,5,95
2330,0,5,95
2331,0,5,95
2332,0,5,95
2333,0,5,95
2334,0,5,95
2335,0,5,95
2336,0,5,95
2337,0,5,95
2338,0,5,95
2339,0,5,95
2340,0,5,95
2341,0,5,95
2342,0,5,95
2343,0,5,95
2344,0,5,95
2345,0,5,95
2346,0,5,95
2347,0,5,95
2348,0,5,95
2349,0,5,95
2350,0,5,95
2351,0,5,95
2352,0,5,95
2353,0,5,95
2354,0,5,95
2355,0,5,95
2356,0,5,95
2357,0,5,95
2358,0,5,95
2359,0,5,95
2360,0,5,95
2361,0,5,95
2362,0,5,95
2363,0,5,95
2364,0,5,95
2365,0,5,95
2366,0,5,95
2367,0,5,95
2368,0,5,95
2369,0,5,95
2370,0,5,95
2371,0,5,95
2372,0,5,95
2373,0,5,95
2374,0,5,95
2375,0,5,95
2376,0,5,95
2377,0,5,95
2378,0,5,95
2379,0,5,95
2380,0,5,95
2381,0,5,95
2382,0,5,95
2383,0,5,95
2384,0,5,95
2385,0,5,95
2386,0,5,95
2387,0,5,95
2388,0,5,95
2389,0,5,95
2390,0,5,95
2391,0,5,95
2392,0,5,95
2393,0,5,95
2394,0,5,95
2395,0,4,96
2396,0,4,96
2397,0,4,96
2398,0,4,96
2399,0,4,96
2400,0,4,96
2401,0,4,96
2402,0,4,96
2403,0,4,96
2404,0,4,96
2405,0,4,96
2406,0,4,96
2407,0,4,96
2408,0,4,96
2409,0,4,96
2410,0,4,96
2411,0,4,96
2412,0,4,96
2413,0,4,96
2414,0,4,96
2415,0,4,96
2416,0,4,96
2417,0,4,96
2418,0,4,96
2419,0,4,96
2420,0,4,96
2421,0,4,96
2422,0,4,96
2423,0,4,96
2424,0,4,96
2425,0,4,96
2426,0,4,96
2427,0,4,96
2428,0,4,96
2429,0,4,96
2430,0,4,96
2431,0,4,96
2432,0,4,96
2433,0,4,96
2434,0,4,96
2435,0,4,96
2436,0,4,96
2437,0,3,97
2438,0,3,97
2439,0,3,97
2440,0,3,97
2441,0,3,97
2442,0,3,97
2443,0,3,97
2444,0,3,97
2445,0,3,97
2446,0,3,97
2447,0,3,97
2448,0,3,97
2449,0,3,97
2450,0,3,97
2451,0,3,97
2452,0,3,97
2453,0,3,97
2454,0,3,97
2455,0,3,97
2456,0,3,97
2457,0,3,97
2458,0,3,97
2459,0,3,97
2460,0,3,97
2461,0,3,97
2462,0,3,97
2463,0,3,97
2464,0,3,97
2465,0,3,97
2466,0,3,97
2467,0,3,97
2468,0,3,97
2469,0,3,97
2470,0,3,97
2471,0,3,97
2472,0,3,97
2473,0,3,97
2474,0,3,97
2475,0,3,97
2476,0,3,97
2477,0,3,97
2478,0,3,97
2479,0,3,97
2480,0,3,97
2481,0,3,97
2482,0,3,97
2483,0,3,97
2484,0,3,97
2485,0,3,97
2486,0,3,97
2487,0,3,97
2488,0,3,97
2489,0,3,97
2490,0,3,97
2491,0,3,97
2492,0,3,97
2493,0,3,97
2494,0,3,97
2495,0,3,97
2496,0,3,97
2497,0,3,97
2498,0,3,97
2499,0,3,97
2500,0,3,97
2501,0,3,97
2502,0,3,97
2503,0,3,97
2504,0,3,97
2505,0,3,97
2506,0,3,97
2507,0,3,97
2508,0,3,97
2509,0,3,97
2510,0,3,97
2511,0,3,97
2512,0,3,97
2513,0,3,97
2514,0,3,97
2515,0,3,97
2516,0,3,97
2517,0,3,97
2518,0,3,97
2519,0,3,97
2520,0,3,97
2521,0,3,97
2522,0,3,97
2523,0,3,97
2524,0,3,97
2525,0,3,97
2526,0,3,97
2527,0,3,97
2528,0,3,97
2529,0,3,97
2530,0,3,97
2531,0,3,97
2532,0,3,97
2533,0,3,97
2534,0,3,97
2535,0,3,97
2536,0,3,97
2537,0,3,97
2538,0,3,97
2539,0,3,97
2540,0,3,97
2541,0,3,97
2542,0,3,97
2543,0,3,97
2544,0,3,97
2545,0,3,97
2546,0,3,97
2547,0,3,97
2548,0,3,97
2549,0,3,97
2550,0,3,97
2551,0,3,97
2552,0,3,97
2553,0,3,97
2554,0,3,97
2555,0,3,97
2556,0,3,97
2557,0,3,97
2558,0,3,97
2559,0,3,97
2560,0,3,97
2561,0,3,97
2562,0,3,97
2563,0,3,97
2564,0,3,97
2565,0,3,97
2566,0,3,97
2567,0,3,97
2568,0,3,97
2569,0,3,97
2570,0,3,97
2571,0,3,97
2572,0,3,97
2573,0,3,97
2574,0,3,97
2575,0,3,97
2576,0,3,97
2577,0,3,97
2578,0,3,97
2579,0,3,97
2580,0,3,97
2581,0,3,97
2582,0,3,97
2583,0,3,97
2584,0,3,97
2585,0,3,97
2586,0,3,97
2587,0,3,97
2588,0,3,97
2589,0,3,97
2590,0,3,97
2591,0,3,97
2592,0,3,97
2593,0,3,97
2594,0,3,97
2595,0,3,97
2596,0,3,97
2597,0,3,97
2598,0,3,97
2599,0,3,97
2600,0,3,97
2601,0,3,97
2602,0,3,97
2603,0,3,97
2604,0,3,97
2605,0,3,97
2606,0,3,97
2607,0,3,97
2608,0,3,97
2609,0,3,97
2610,0,3,97
2611,0,3,97
2612,0,3,97
2613,0,3,97
2614,0,3,97
2615,0,3,97
2616,0,3,97
2617,0,3,97
2618,0,3,97
2619,0,3,97
2620,0,3,97
2621,0,3,97
2622,0,3,97
2623,0,3,97
2624,0,3,97
2625,0,3,97
2626,0,3,97
2627,0,3,97
2628,0,3,97
2629,0,3,97
2630,0,3,97
2631,0,3,97
2632,0,3,97
2633,0,3,97
2634,0,3,97
2635,0,3,97
2636,0,3,97
2637,0,3,97
2638,0,3,97
2639,0,3,97
2640,0,3,97
2641,0,3,97
2642,0,3,97
2643,0,3,97
2644,0,3,97
2645,0,3,97
2646,0,3,97
2647,0,3,97
2648,0,3,97
2649,0,3,97
2650,0,3,97
2651,0,3,97
2652,0,3,97
2653,0,3,97
2654,0,3,97
2655,0,3,97
2656,0,3,97
2657,0,3,97
2658,0,3,97
2659,0,3,97
2660,0,3,97
2661,0,3,97
2662,0,3,97
2663,0,3,97
2664,0,3,97
2665,0,3,97
2666,0,3,97
2667,0,3,97
2668,0,3,97
2669,0,3,97
2670,0,3,97
2671,0,3,97
2672,0,3,97
2673,0,3,97
2674,0,3,97
2675,0,3,97
2676,0,3,97
2677,0,3,97
2678,0,3,97
2679,0,3,97
2680,0,3,97
2681,0,3,97
2682,0,3,97
2683,0,3,97
2684,0,3,97
2685,0,3,97
2686,0,3,97
2687,0,3,97
2688,0,3,97
2689,0,3,97
2690,0,3,97
2691,0,3,97
2692,0,3,97
2693,0,2,98
2694,0,2,98
2695,0,2,98
2696,0,2,98
2697,0,2,98
2698,0,2,98
2699,0,2,98
2700,0,2,98
2701,0,2,98
2702,0,2,98
2703,0,2,98
2704,0,2,98
2705,0,2,98
2706,0,2,98
2707,0,2,98
2708,0,2,98
2709,0,2,98
2710,0,2,98
2711,0,2,98
2712,0,2,98
2713,0,2,98
2714,0,2,98
2715,0,2,98
2716,0,2,98
2717,0,2,98
2718,0,2,98
2719,0,2,98
2720,0,2,98
2721,0,1,99
2722,0,1,99
2723,0,1,99
2724,0,1,99
2725,0,1,99
2726,0,1,99
2727,0,1,99
2728,0,1,99
2729,0,1,99
2730,0,1,99
2731,0,1,99
2732,0,1,99
2733,0,1,99
2734,0,1,99
2735,0,1,99
2736,0,1,99
2737,0,1,99
2738,0,1,99
2739,0,1,99
2740,0,1,99
2741,0,1,99
2742,0,1,99
2743,0,1,99
2744,0,1,99
2745,0,1,99
2746,0,1,99
2747,0,1,99
2748,0,1,99
2749,0,1,99
2750,0,1,99
2751,0,1,99
2752,0,1,99
2753,0,1,99
2754,0,1,99
2755,0,1,99
2756,0,1,99
2757,0,1,99
2758,0,1,99
2759,0,1,99
2760,0,1,99
2761,0,1,99
2762,0,1,99
2763,0,1,99
2764,0,1,99
2765,0,1,99
2766,0,1,99
2767,0,1,99
2768,0,1,99
2769,0,1,99
2770,0,1,99
2771,0,1,99
2772,0,1,99
2773,0,1,99
2774,0,1,99
2775,0,1,99
2776,0,1,99
2777,0,1,99
2778,0,1,99
2779,0,1,99
2780,0,1,99
2781,0,1,99
2782,0,1,99
2783,0,1,99
2784,0,1,99
2785,0,1,99
2786,0,1,99
2787,0,1,99
2788,0,1,99
2789,0,1,99
2790,0,1,99
2791,0,1,99
2792,0,1,99
2793,0,1,99
2794,0,1,99
2795,0,1,99
2796,0,1,99
2797,0,1,99
2798,0,1,99
2799,0,1,99
2800,0,1,99
2801,0,1,99
2802,0,1,99
2803,0,1,99
2804,0,1,99
2805,0,1,99
2806,0,1,99
2807,0,1,99
2808,0,1,99
2809,0,1,99
2810,0,1,99
2811,0,1,99
2812,0,1,99
2813,0,1,99
2814,0,1,99
2815,0,1,99
2816,0,1,99
2817,0,1,99
2818,0,1,99
2819,0,1,99
2820,0,1,99
2821,0,1,99
2822,0,1,99
2823,0,1,99
2824,0,1,99
2825,0,1,99
2826,0,1,99
2827,0,1,99
2828,0,1,99
2829,0,1,99
2830,0,1,99
2831,0,1,99
2832,0,1,99
2833,0,1,99
2834,0,1,99
2835,0,1,99
2836,0,1,99
2837,0,1,99
2838,0,1,99
2839,0,1,99
2840,0,1,99
2841,0,1,99
2842,0,1,99
2843,0,1,99
2844,0,1,99
2845,0,1,99
2846,0,1,99
2847,0,1,99
2848,0,1,99
2849,0,1,99
2850,0,1,99
2851,0,1,99
2852,0,1,99
2853,0,1,99
2854,0,1,99
2855,0,1,99
2856,0,1,99
2857,0,1,99
2858,0,1,99
2859,0,1,99
2860,0,1,99
2861,0,1,99
2862,0,1,99
2863,0,1,99
2864,0,1,99
2865,0,1,99
2866,0,1,99
2867,0,1,99
2868,0,1,99
2869,0,1,99
2870,0,1,99
2871,0,1,99
2872,0,1,99
2873,0,1,99
2874,0,1,99
2875,0,1,99
2876,0,1,99
2877,0,1,99
2878,0,1,99
2879,0,1,99
2880,0,1,99
2881,0,1,99
2882,0,1,99
2883,0,1,99
2884,0,1,99
2885,0,1,99
2886,0,1,99
2887,0,1,99
2888,0,1,99
2889,0,1,99
2890,0,1,99
2891,0,1,99
2892,0,1,99
2893,0,1,99
2894,0,1,99
2895,0,1,99
2896,0,1,99
2897,0,1,99
2898,0,1,99
2899,0,1,99
2900,0,1,99
2901,0,1,99
2902,0,1,99
2903,0,1,99
2904,0,1,99
2905,0,1,99
2906,0,1,99
2907,0,1,99
2908,0,1,99
2909,0,1,99
2910,0,1,99
2911,0,1,99
2912,0,1,99
2913,0,1,99
2914,0,1,99
2915,0,1,99
2916,0,1,99
2917,0,1,99
2918,0,1,99
2919,0,1,99
2920,0,1,99
2921,0,1,99
2922,0,1,99
2923,0,1,99
2924,0,1,99
2925,0,1,99
2926,0,1,99
2927,0,1,99
2928,0,1,99
2929,0,1,99
2930,0,1,99
2931,0,1,99
2932,0,1,99
2933,0,1,99
2934,0,1,99
2935,0,1,99
2936,0,1,99
2937,0,1,99
2938,0,1,99
2939,0,1,99
2940,0,1,99
2941,0,1,99
2942,0,1,99
2943,0,1,99
2944,0,1,99
2945,0,1,99
2946,0,1,99
2947,0,1,99
2948,0,1,99
2949,0,1,99
2950,0,1,99
2951,0,1,99
2952,0,1,99
2953,0,1,99
2954,0,1,99
2955,0,1,99
2956,0,1,99
2957,0,1,99
2958,0,1,99
2959,0,1,99
2960,0,1,99
2961,0,1,99
2962,0,1,99
2963,0,1,99
2964,0,1,99
2965,0,1,99
2966,0,1,99
2967,0,1,99
2968,0,1,99
2969,0,1,99
2970,0,1,99
2971,0,1,99
2972,0,1,99
2973,0,1,99
2974,0,1,99
2975,0,1,99
2976,0,1,99
2977,0,1,99
2978,0,1,99
2979,0,1,99
2980,0,1,99
2981,0,1,99
2982,0,1,99
2983,0,1,99
2984,0,1,99
2985,0,1,99
2986,0,1,99
2987,0,1,99
2988,0,1,99
2989,0,1,99
2990,0,1,99
2991,0,1,99
2992,0,1,99
2993,0,1,99
2994,0,1,99
2995,0,1,99
2996,0,1,99
2997,0,1,99
2998,0,1,99
2999,0,1,99
3000,0,1,99
