Time,Healthy,Undetectable,Detectable
0,97,3,0
1,97,3,0
2,97,3,0
3,97,3,0
4,97,3,0
5,97,3,0
6,97,3,0
7,97,3,0
8,97,3,0
9,97,3,0
10,97,3,0
11,97,3,0
12,97,3,0
13,97,3,0
14,97,3,0
15,97,3,0
16,97,3,0
17,97,3,0
18,97,3,0
19,97,3,0
20,97,3,0
21,97,3,0
22,97,3,0
23,97,3,0
24,97,3,0
25,97,3,0
26,97,3,0
27,97,3,0
28,97,3,0
29,97,3,0
30,97,3,0
31,97,3,0
32,97,3,0
33,97,3,0
34,97,3,0
35,97,3,0
36,97,3,0
37,97,3,0
38,97,3,0
39,97,3,0
40,97,3,0
41,97,3,0
42,97,3,0
43,97,3,0
44,97,3,0
45,97,3,0
46,97,3,0
47,97,3,0
48,97,3,0
49,97,3,0
50,97,3,0
51,97,3,0
52,97,3,0
53,97,3,0
54,97,3,0
55,97,3,0
56,97,3,0
57,97,3,0
58,97,3,0
59,97,3,0
60,97,3,0
61,97,3,0
62,97,3,0
63,97,3,0
64,97,3,0
65,97,3,0
66,97,3,0
67,97,3,0
68,97,3,0
69,97,3,0
70,97,3,0
71,97,3,0
72,97,3,0
73,97,3,0
74,97,3,0
75,97,3,0
76,97,3,0
77,97,3,0
78,97,3,0
79,97,3,0
80,97,3,0
81,97,3,0
82,97,3,0
83,97,3,0
84,97,3,0
85,97,3,0
86,97,3,0
87,97,3,0
88,97,3,0
89,97,3,0
90,97,3,0
91,97,3,0
92,97,3,0
93,97,3,0
94,97,3,0
95,97,3,0
96,97,3,0
97,97,3,0
98,97,3,0
99,97,3,0
100,97,3,0
101,97,3,0
102,97,3,0
103,97,3,0
104,97,3,0
105,97,3,0
106,97,3,0
107,97,3,0
108,97,3,0
109,97,3,0
110,97,3,0
111,97,3,0
112,97,3,0
113,97,3,0
114,97,3,0
115,97,3,0
116,97,3,0
117,97,3,0
118,97,3,0
119,97,3,0
120,97,3,0
121,97,3,0
122,97,3,0
123,97,3,0
124,97,3,0
125,97,3,0
126,97,3,0
127,97,3,0
128,97,3,0
129,97,3,0
130,97,3,0
131,97,3,0
132,97,3,0
133,97,3,0
134,97,3,0
135,97,3,0
136,97,3,0
137,97,3,0
138,97,3,0
139,97,3,0
140,97,3,0
141,97,3,0
142,97,3,0
143,97,3,0
144,97,3,0
145,97,3,0
146,97,3,0
147,97,3,0
148,97,3,0
149,97,3,0
150,97,3,0
151,97,3,0
152,97,3,0
153,97,3,0
154,97,3,0
155,97,3,0
156,97,3,0
157,97,3,0
158,97,3,0
159,97,3,0
160,97,3,0
161,97,3,0
162,97,3,0
163,97,3,0
164,97,3,0
165,97,2,1
166,97,2,1
167,97,2,1
168,97,2,1
169,97,2,1
170,97,2,1
171,97,2,1
172,97,2,1
173,97,2,1
174,97,2,1
175,97,2,1
176,97,2,1
177,97,2,1
178,97,2,1
179,97,2,1
180,97,2,1
181,97,2,1
182,97,2,1
183,97,2,1
184,97,2,1
185,97,2,1
186,97,2,1
187,97,2,1
188,97,2,1
189,97,2,1
190,97,2,1
191,97,2,1
192,97,2,1
193,97,2,1
194,97,2,1
195,97,2,1
196,97,2,1
197,97,2,1
198,97,2,1
199,97,2,1
200,97,2,1
201,97,2,1
202,97,2,1
203,97,2,1
204,97,2,1
205,97,2,1
206,97,2,1
207,97,2,1
208,97,2,1
209,97,2,1
210,97,2,1
211,97,2,1
212,97,2,1
213,97,2,1
214,97,2,1
215,97,2,1
216,97,2,1
217,97,2,1
218,97,2,1
219,97,2,1
220,97,2,1
221,97,2,1
222,97,2,1
223,97,2,1
224,97,2,1
225,97,2,1
226,97,2,1
227,97,2,1
228,97,2,1
229,97,2,1
230,97,2,1
231,97,2,1
232,97,2,1
233,97,2,1
234,97,2,1
235,97,2,1
236,97,2,1
237,97,2,1
238,97,2,1
239,97,2,1
240,97,2,1
241,97,2,1
242,97,2,1
243,97,2,1
244,97,2,1
245,97,2,1
246,97,2,1
247,97,2,1
248,97,2,1
249,97,2,1
250,97,2,1
251,97,2,1
252,97,2,1
253,97,1,2
254,97,1,2
255,97,1,2
256,97,1,2
257,97,1,2
258,97,1,2
259,97,1,2
260,97,1,2
261,97,1,2
262,97,1,2
263,97,1,2
264,97,1,2
265,97,1,2
266,97,1,2
267,97,1,2
268,97,1,2
269,97,1,2
270,97,1,2
271,97,1,2
272,97,1,2
273,97,1,2
274,97,1,2
275,97,1,2
276,97,1,2
277,97,1,2
278,97,1,2
279,97,1,2
280,97,1,2
281,97,1,2
282,97,1,2
283,97,1,2
284,97,1,2
285,97,1,2
286,97,1,2
287,97,1,2
288,97,1,2
289,97,1,2
290,97,1,2
291,97,1,2
292,97,1,2
293,97,1,2
294,97,1,2
295,97,1,2
296,97,1,2
297,97,1,2
298,97,1,2
299,97,1,2
300,97,1,2
301,97,1,2
302,97,1,2
303,97,1,2
304,97,1,2
305,97,1,2
306,97,1,2
307,97,1,2
308,96,2,2
309,96,2,2
310,96,2,2
311,96,2,2
312,96,2,2
313,96,2,2
314,96,2,2
315,96,2,2
316,96,2,2
317,96,2,2
318,96,2,2
319,96,2,2
320,96,2,2
321,96,2,2
322,96,2,2
323,96,2,2
324,96,2,2
325,96,2,2
326,96,2,2
327,96,2,2
328,96,2,2
329,96,2,2
330,96,2,2
331,96,2,2
332,96,2,2
333,96,2,2
334,96,2,2
335,96,2,2
336,96,2,2
337,96,2,2
338,96,2,2
339,96,2,2
340,96,2,2
341,96,2,2
342,96,2,2
343,96,2,2
344,96,2,2
345,96,2,2
346,96,2,2
347,96,2,2
348,96,2,2
349,96,2,2
350,96,2,2
351,96,2,2
352,96,2,2
353,96,2,2
354,96,2,2
355,96,2,2
356,96,2,2
357,96,2,2
358,96,2,2
359,96,2,2
360,96,2,2
361,96,2,2
362,96,2,2
363,96,2,2
364,96,2,2
365,96,2,2
366,96,2,2
367,96,2,2
368,96,2,2
369,96,2,2
370,96,2,2
371,96,2,2
372,96,2,2
373,96,2,2
374,96,2,2
375,96,2,2
376,96,2,2
377,96,2,2
378,96,2,2
379,96,2,2
380,96,1,3
381,96,1,3
382,96,1,3
383,96,1,3
384,96,1,3
385,96,1,3
386,96,1,3
387,96,1,3
388,96,1,3
389,96,1,3
390,96,1,3
391,96,1,3
392,96,1,3
393,96,1,3
394,96,1,3
395,95,2,3
396,95,2,3
397,95,2,3
398,95,2,3
399,95,2,3
400,95,2,3
401,95,2,3
402,95,2,3
403,95,2,3
404,95,2,3
405,95,2,3
406,95,2,3
407,95,2,3
408,95,2,3
409,95,2,3
410,94,3,3
411,94,3,3
412,94,3,3
413,94,3,3
414,94,3,3
415,94,3,3
416,94,3,3
417,94,3,3
418,94,3,3
419,94,3,3
420,94,3,3
421,94,3,3
422,94,3,3
423,94,3,3
424,94,3,3
425,94,3,3
426,94,3,3
427,94,3,3
428,93,4,3
429,93,4,3
430,93,4,3
431,93,4,3
432,93,4,3
433,93,4,3
434,93,4,3
435,93,4,3
436,93,4,3
437,92,5,3
438,92,5,3
439,92,5,3
440,92,5,3
441,92,5,3
442,92,5,3
443,92,5,3
444,92,5,3
445,92,5,3
446,92,5,3
447,92,5,3
448,92,5,3
449,92,5,3
450,92,5,3
451,92,5,3
452,92,5,3
453,92,5,3
454,92,5,3
455,92,5,3
456,92,5,3
457,92,4,4
458,92,4,4
459,92,4,4
460,92,4,4
461,92,4,4
462,92,4,4
463,92,4,4
464,92,4,4
465,92,4,4
466,92,4,4
467,92,4,4
468,92,4,4
469,92,4,4
470,92,4,4
471,92,4,4
472,92,4,4
473,92,4,4
474,92,4,4
475,92,4,4
476,92,4,4
477,92,4,4
478,92,4,4
479,92,4,4
480,92,4,4
481,92,4,4
482,92,4,4
483,92,4,4
484,92,4,4
485,92,4,4
486,92,4,4
487,92,4,4
488,92,4,4
489,92,4,4
490,92,4,4
491,92,4,4
492,92,4,4
493,92,4,4
494,92,4,4
495,92,4,4
496,92,4,4
497,92,4,4
498,92,4,4
499,92,4,4
500,92,4,4
501,92,4,4
502,91,5,4
503,91,5,4
504,91,5,4
505,91,5,4
506,91,5,4
507,91,5,4
508,91,5,4
509,91,5,4
510,91,5,4
511,91,5,4
512,91,5,4
513,91,5,4
514,91,5,4
515,91,5,4
516,91,5,4
517,91,5,4
518,91,5,4
519,91,5,4
520,91,5,4
521,91,5,4
522,91,5,4
523,91,5,4
524,91,5,4
525,91,5,4
526,91,5,4
527,91,5,4
528,90,6,4
529,90,6,4
530,90,6,4
531,90,6,4
532,90,6,4
533,90,6,4
534,90,6,4
535,90,6,4
536,90,6,4
537,90,6,4
538,90,6,4
539,90,6,4
540,90,6,4
541,90,6,4
542,90,6,4
543,90,6,4
544,90,6,4
545,90,6,4
546,90,6,4
547,90,6,4
548,90,6,4
549,90,6,4
550,90,6,4
551,90,6,4
552,89,7,4
553,89,7,4
554,89,7,4
555,89,7,4
556,89,7,4
557,89,7,4
558,89,7,4
559,89,7,4
560,89,7,4
561,89,7,4
562,89,7,4
563,89,7,4
564,89,7,4
565,89,7,4
566,89,7,4
567,89,7,4
568,89,7,4
569,89,7,4
570,89,7,4
571,89,7,4
572,89,7,4
573,89,7,4
574,89,7,4
575,89,7,4
576,89,7,4
577,89,7,4
578,89,7,4
579,89,7,4
580,89,7,4
581,89,7,4
582,89,7,4
583,89,7,4
584,89,7,4
585,89,7,4
586,89,7,4
587,89,7,4
588,89,7,4
589,89,7,4
590,89,7,4
591,89,7,4
592,89,7,4
593,89,7,4
594,89,7,4
595,89,7,4
596,89,7,4
597,89,7,4
598,89,7,4
599,89,7,4
600,89,7,4
601,89,7,4
602,89,7,4
603,89,7,4
604,89,7,4
605,89,7,4
606,89,7,4
607,89,7,4
608,89,7,4
609,89,7,4
610,89,7,4
611,89,7,4
612,89,7,4
613,89,7,4
614,89,7,4
615,89,7,4
616,89,7,4
617,89,7,4
618,89,7,4
619,88,8,4
620,88,8,4
621,88,8,4
622,88,8,4
623,88,8,4
624,88,8,4
625,88,8,4
626,88,8,4
627,88,8,4
628,88,8,4
629,88,8,4
630,88,8,4
631,88,8,4
632,88,8,4
633,88,8,4
634,88,8,4
635,88,8,4
636,88,8,4
637,88,8,4
638,88,8,4
639,88,8,4
640,88,8,4
641,88,8,4
642,88,8,4
643,88,8,4
644,88,8,4
645,88,8,4
646,88,8,4
647,88,8,4
648,88,8,4
649,88,7,5
650,87,8,5
651,87,8,5
652,87,8,5
653,86,9,5
654,86,9,5
655,86,9,5
656,86,9,5
657,86,9,5
658,86,9,5
659,86,9,5
660,86,9,5
661,86,9,5
662,86,9,5
663,86,8,6
664,86,8,6
665,86,8,6
666,86,8,6
667,86,8,6
668,86,8,6
669,86,8,6
670,86,8,6
671,86,8,6
672,85,9,6
673,85,9,6
674,85,9,6
675,85,9,6
676,85,9,6
677,85,9,6
678,85,9,6
679,85,9,6
680,85,9,6
681,85,9,6
682,85,8,7
683,85,8,7
684,85,8,7
685,85,8,7
686,85,8,7
687,85,8,7
688,85,8,7
689,84,8,8
690,84,8,8
691,84,8,8
692,84,8,8
693,84,8,8
694,83,8,9
695,83,8,9
696,83,8,9
697,83,8,9
698,83,8,9
699,83,8,9
700,83,8,9
701,83,8,9
702,83,8,9
703,83,8,9
704,83,8,9
705,83,8,9
706,83,8,9
707,83,8,9
708,83,8,9
709,83,8,9
710,83,7,10
711,82,8,10
712,82,8,10
713,82,8,10
714,82,8,10
715,81,9,10
716,81,9,10
717,81,9,10
718,81,9,10
719,81,9,10
720,81,9,10
721,81,8,11
722,81,8,11
723,81,8,11
724,81,8,11
725,81,8,11
726,80,9,11
727,80,9,11
728,80,9,11
729,80,9,11
730,80,9,11
731,80,9,11
732,80,9,11
733,80,9,11
734,79,10,11
735,79,10,11
736,79,10,11
737,79,10,11
738,79,10,11
739,79,10,11
740,79,10,11
741,79,10,11
742,79,10,11
743,78,11,11
744,78,11,11
745,78,11,11
746,78,11,11
747,78,11,11
748,78,11,11
749,78,11,11
750,78,11,11
751,78,11,11
752,78,11,11
753,78,11,11
754,78,11,11
755,78,11,11
756,78,11,11
757,78,11,11
758,78,11,11
759,78,11,11
760,78,11,11
761,78,11,11
762,78,11,11
763,78,11,11
764,78,11,11
765,78,11,11
766,77,12,11
767,77,12,11
768,77,12,11
769,77,12,11
770,77,12,11
771,77,12,11
772,77,12,11
773,77,11,12
774,76,12,12
775,75,13,12
776,74,14,12
777,74,14,12
778,74,14,12
779,74,14,12
780,74,14,12
781,74,14,12
782,74,14,12
783,74,14,12
784,74,14,12
785,74,14,12
786,74,14,12
787,73,15,12
788,73,15,12
789,73,15,12
790,72,16,12
791,72,16,12
792,72,16,12
793,72,16,12
794,72,16,12
795,72,16,12
796,70,18,12
797,69,19,12
798,69,19,12
799,68,20,12
800,68,20,12
801,68,20,12
802,68,20,12
803,68,20,12
804,68,20,12
805,68,20,12
806,68,20,12
807,68,20,12
808,68,20,12
809,68,20,12
810,67,21,12
811,67,21,12
812,67,21,12
813,67,21,12
814,67,21,12
815,67,21,12
816,67,21,12
817,66,22,12
818,65,23,12
819,65,23,12
820,64,24,12
821,64,24,12
822,64,23,13
823,64,23,13
824,64,23,13
825,64,23,13
826,64,23,13
827,63,24,13
828,62,25,13
829,62,25,13
830,62,25,13
831,62,25,13
832,62,25,13
833,61,26,13
834,61,26,13
835,61,26,13
836,61,26,13
837,61,26,13
838,61,26,13
839,61,26,13
840,61,26,13
841,61,26,13
842,61,26,13
843,61,26,13
844,61,26,13
845,61,26,13
846,61,26,13
847,61,26,13
848,61,26,13
849,61,25,14
850,61,25,14
851,61,25,14
852,61,25,14
853,61,25,14
854,61,25,14
855,61,25,14
856,61,25,14
857,61,25,14
858,61,25,14
859,61,25,14
860,61,25,14
861,61,25,14
862,61,25,14
863,61,25,14
864,61,25,14
865,61,25,14
866,61,25,14
867,61,25,14
868,61,25,14
869,61,25,14
870,61,25,14
871,60,26,14
872,60,26,14
873,59,27,14
874,59,27,14
875,59,27,14
876,59,27,14
877,59,27,14
878,59,27,14
879,58,28,14
880,58,27,15
881,58,27,15
882,57,28,15
883,56,29,15
884,55,30,15
885,55,30,15
886,55,30,15
887,55,30,15
888,55,30,15
889,53,32,15
890,53,32,15
891,52,33,15
892,52,33,15
893,52,33,15
894,52,33,15
895,52,33,15
896,52,33,15
897,52,33,15
898,52,33,15
899,52,33,15
900,52,32,16
901,52,32,16
902,52,32,16
903,52,32,16
904,52,32,16
905,52,32,16
906,52,30,18
907,52,30,18
908,52,29,19
909,52,29,19
910,52,29,19
911,52,29,19
912,52,29,19
913,52,29,19
914,52,29,19
915,52,29,19
916,52,29,19
917,51,30,19
918,51,30,19
919,51,30,19
920,51,30,19
921,51,30,19
922,51,29,20
923,51,29,20
924,51,29,20
925,51,29,20
926,51,28,21
927,51,28,21
928,51,28,21
929,51,28,21
930,51,28,21
931,51,28,21
932,51,28,21
933,51,28,21
934,51,28,21
935,51,28,21
936,51,28,21
937,51,28,21
938,51,28,21
939,51,28,21
940,51,28,21
941,50,29,21
942,50,29,21
943,50,29,21
944,50,28,22
945,50,28,22
946,50,28,22
947,50,28,22
948,50,28,22
949,50,28,22
950,49,29,22
951,49,28,23
952,49,28,23
953,49,28,23
954,49,28,23
955,49,28,23
956,49,28,23
957,49,27,24
958,49,27,24
959,49,27,24
960,49,27,24
961,49,27,24
962,49,27,24
963,49,27,24
964,48,28,24
965,48,27,25
966,47,28,25
967,46,29,25
968,46,29,25
969,46,29,25
970,46,29,25
971,46,29,25
972,46,29,25
973,46,29,25
974,46,29,25
975,46,29,25
976,46,29,25
977,46,29,25
978,45,30,25
979,44,31,25
980,44,31,25
981,43,32,25
982,42,33,25
983,42,33,25
984,42,32,26
985,42,32,26
986,42,32,26
987,42,32,26
988,42,32,26
989,42,32,26
990,42,32,26
991,42,32,26
992,42,32,26
993,42,32,26
994,42,32,26
995,42,32,26
996,42,32,26
997,42,32,26
998,42,32,26
999,42,32,26
1000,42,32,26
1001,42,32,26
1002,41,33,26
1003,41,33,26
1004,41,33,26
1005,41,33,26
1006,41,33,26
1007,41,32,27
1008,41,31,28
1009,40,32,28
1010,40,32,28
1011,40,32,28
1012,40,32,28
1013,40,32,28
1014,40,32,28
1015,40,32,28
1016,40,32,28
1017,40,32,28
1018,40,32,28
1019,39,33,28
1020,39,33,28
1021,39,32,29
1022,39,32,29
1023,39,32,29
1024,39,32,29
1025,39,32,29
1026,39,32,29
1027,39,31,30
1028,39,31,30
1029,39,31,30
1030,39,31,30
1031,39,31,30
1032,39,30,31
1033,39,30,31
1034,39,30,31
1035,39,30,31
1036,39,30,31
1037,38,31,31
1038,37,32,31
1039,36,33,31
1040,36,33,31
1041,36,33,31
1042,36,33,31
1043,35,34,31
1044,35,34,31
1045,35,34,31
1046,35,34,31
1047,35,34,31
1048,35,34,31
1049,35,34,31
1050,35,34,31
1051,35,34,31
1052,35,34,31
1053,34,35,31
1054,34,35,31
1055,34,34,32
1056,34,34,32
1057,34,33,33
1058,34,33,33
1059,34,33,33
1060,34,33,33
1061,34,33,33
1062,34,33,33
1063,34,33,33
1064,34,33,33
1065,34,33,33
1066,34,33,33
1067,34,32,34
1068,34,32,34
1069,34,32,34
1070,34,32,34
1071,33,33,34
1072,33,33,34
1073,33,33,34
1074,33,33,34
1075,33,33,34
1076,33,33,34
1077,33,33,34
1078,33,33,34
1079,33,33,34
1080,33,33,34
1081,33,33,34
1082,33,33,34
1083,33,32,35
1084,32,33,35
1085,32,33,35
1086,32,33,35
1087,31,34,35
1088,31,34,35
1089,31,34,35
1090,31,34,35
1091,31,34,35
1092,31,34,35
1093,31,34,35
1094,31,34,35
1095,31,34,35
1096,31,34,35
1097,31,34,35
1098,30,35,35
1099,30,35,35
1100,30,35,35
1101,29,36,35
1102,28,37,35
1103,27,38,35
1104,27,38,35
1105,27,38,35
1106,27,38,35
1107,26,39,35
1108,25,40,35
1109,25,40,35
1110,25,40,35
1111,25,40,35
1112,25,40,35
1113,25,40,35
1114,25,40,35
1115,25,40,35
1116,25,40,35
1117,25,40,35
1118,25,39,36
1119,25,39,36
1120,25,39,36
1121,24,40,36
1122,24,40,36
1123,24,40,36
1124,23,41,36
1125,23,41,36
1126,23,41,36
1127,23,41,36
1128,23,41,36
1129,23,41,36
1130,23,41,36
1131,23,41,36
1132,23,41,36
1133,23,41,36
1134,23,41,36
1135,23,41,36
1136,23,41,36
1137,23,41,36
1138,23,41,36
1139,23,41,36
1140,23,41,36
1141,23,40,37
1142,23,40,37
1143,22,41,37
1144,22,41,37
1145,22,41,37
1146,22,41,37
1147,21,42,37
1148,21,42,37
1149,21,42,37
1150,21,42,37
1151,21,42,37
1152,20,42,38
1153,20,42,38
1154,20,42,38
1155,20,42,38
1156,20,42,38
1157,20,42,38
1158,20,42,38
1159,20,41,39
1160,20,41,39
1161,20,41,39
1162,20,41,39
1163,20,41,39
1164,20,41,39
1165,20,41,39
1166,20,41,39
1167,20,41,39
1168,20,41,39
1169,20,41,39
1170,19,41,40
1171,18,42,40
1172,18,42,40
1173,18,42,40
1174,18,42,40
1175,18,42,40
1176,17,43,40
1177,17,43,40
1178,17,43,40
1179,17,43,40
1180,17,43,40
1181,17,43,40
1182,17,43,40
1183,17,43,40
1184,17,43,40
1185,17,43,40
1186,17,43,40
1187,17,43,40
1188,17,43,40
1189,17,43,40
1190,17,43,40
1191,17,43,40
1192,17,43,40
1193,17,42,41
1194,17,42,41
1195,17,42,41
1196,16,43,41
1197,16,42,42
1198,16,42,42
1199,16,42,42
1200,15,43,42
1201,15,43,42
1202,15,43,42
1203,15,43,42
1204,15,43,42
1205,15,43,42
1206,15,43,42
1207,15,43,42
1208,15,43,42
1209,15,43,42
1210,15,42,43
1211,14,43,43
1212,14,43,43
1213,14,42,44
1214,13,43,44
1215,13,43,44
1216,13,42,45
1217,13,42,45
1218,13,42,45
1219,13,42,45
1220,13,42,45
1221,13,42,45
1222,13,41,46
1223,13,40,47
1224,13,40,47
1225,13,39,48
1226,13,39,48
1227,13,39,48
1228,13,39,48
1229,13,39,48
1230,13,39,48
1231,13,39,48
1232,13,39,48
1233,13,39,48
1234,13,39,48
1235,13,39,48
1236,13,39,48
1237,13,39,48
1238,13,38,49
1239,12,39,49
1240,12,39,49
1241,12,39,49
1242,12,39,49
1243,12,39,49
1244,12,39,49
1245,12,39,49
1246,12,39,49
1247,12,38,50
1248,12,38,50
1249,12,38,50
1250,12,38,50
1251,12,38,50
1252,12,38,50
1253,12,38,50
1254,12,38,50
1255,11,39,50
1256,11,39,50
1257,11,38,51
1258,11,38,51
1259,11,38,51
1260,11,38,51
1261,11,38,51
1262,11,38,51
1263,11,38,51
1264,11,38,51
1265,11,37,52
1266,11,37,52
1267,11,37,52
1268,11,37,52
1269,11,37,52
1270,11,37,52
1271,11,37,52
1272,11,37,52
1273,11,37,52
1274,11,37,52
1275,11,37,52
1276,11,36,53
1277,11,36,53
1278,11,36,53
1279,11,36,53
1280,11,36,53
1281,11,36,53
1282,11,36,53
1283,11,36,53
1284,11,36,53
1285,11,36,53
1286,11,36,53
1287,11,36,53
1288,11,36,53
1289,10,37,53
1290,10,36,54
1291,10,36,54
1292,10,36,54
1293,10,34,56
1294,10,34,56
1295,10,34,56
1296,10,34,56
1297,10,34,56
1298,10,34,56
1299,9,35,56
1300,9,34,57
1301,9,34,57
1302,9,33,58
1303,9,33,58
1304,9,33,58
1305,9,32,59
1306,9,31,60
1307,9,31,60
1308,8,32,60
1309,8,31,61
1310,8,31,61
1311,8,31,61
1312,8,31,61
1313,7,32,61
1314,7,32,61
1315,7,32,61
1316,6,33,61
1317,6,33,61
1318,6,33,61
1319,6,33,61
1320,6,33,61
1321,6,33,61
1322,6,33,61
1323,6,33,61
1324,6,33,61
1325,6,33,61
1326,6,33,61
1327,6,33,61
1328,6,33,61
1329,6,33,61
1330,6,33,61
1331,6,33,61
1332,5,34,61
1333,5,34,61
1334,5,34,61
1335,5,34,61
1336,5,34,61
1337,5,34,61
1338,5,34,61
1339,5,34,61
1340,5,34,61
1341,5,32,63
1342,5,32,63
1343,5,32,63
1344,5,32,63
1345,5,32,63
1346,5,31,64
1347,5,31,64
1348,5,31,64
1349,5,31,64
1350,5,31,64
1351,5,31,64
1352,5,31,64
1353,5,31,64
1354,5,31,64
1355,4,32,64
1356,4,32,64
1357,4,32,64
1358,4,32,64
1359,4,32,64
1360,4,32,64
1361,4,32,64
1362,4,32,64
1363,4,32,64
1364,4,32,64
1365,4,32,64
1366,4,32,64
1367,4,32,64
1368,4,32,64
1369,4,32,64
1370,4,32,64
1371,4,32,64
1372,4,32,64
1373,4,32,64
1374,4,32,64
1375,4,32,64
1376,4,32,64
1377,4,32,64
1378,4,32,64
1379,4,32,64
1380,4,32,64
1381,4,32,64
1382,4,32,64
1383,4,31,65
1384,4,31,65
1385,4,31,65
1386,4,31,65
1387,4,31,65
1388,4,31,65
1389,4,31,65
1390,4,31,65
1391,4,31,65
1392,4,31,65
1393,4,31,65
1394,4,31,65
1395,4,31,65
1396,4,31,65
1397,4,31,65
1398,4,31,65
1399,4,31,65
1400,4,31,65
1401,4,31,65
1402,4,30,66
1403,4,30,66
1404,4,30,66
1405,4,30,66
1406,4,29,67
1407,4,29,67
1408,4,29,67
1409,4,29,67
1410,4,29,67
1411,4,29,67
1412,4,29,67
1413,4,29,67
1414,4,29,67
1415,4,29,67
1416,4,29,67
1417,4,29,67
1418,4,29,67
1419,4,29,67
1420,4,29,67
1421,4,29,67
1422,4,29,67
1423,4,29,67
1424,3,30,67
1425,3,30,67
1426,3,29,68
1427,3,29,68
1428,3,29,68
1429,3,29,68
1430,3,29,68
1431,3,29,68
1432,3,29,68
1433,2,30,68
1434,2,30,68
1435,2,30,68
1436,2,30,68
1437,2,30,68
1438,2,30,68
1439,2,30,68
1440,2,29,69
1441,2,29,69
1442,2,29,69
1443,2,28,70
1444,0,30,70
1445,0,30,70
1446,0,30,70
1447,0,30,70
1448,0,30,70
1449,0,30,70
1450,0,30,70
1451,0,29,71
1452,0,29,71
1453,0,29,71
1454,0,29,71
1455,0,29,71
1456,0,29,71
1457,0,29,71
1458,0,29,71
1459,0,29,71
1460,0,29,71
1461,0,29,71
1462,0,28,72
1463,0,28,72
1464,0,28,72
1465,0,28,72
1466,0,28,72
1467,0,28,72
1468,0,28,72
1469,0,28,72
1470,0,28,72
1471,0,28,72
1472,0,28,72
1473,0,28,72
1474,0,28,72
1475,0,28,72
1476,0,28,72
1477,0,28,72
1478,0,28,72
1479,0,28,72
1480,0,28,72
1481,0,28,72
1482,0,28,72
1483,0,28,72
1484,0,28,72
1485,0,28,72
1486,0,28,72
1487,0,28,72
1488,0,28,72
1489,0,28,72
1490,0,28,72
1491,0,28,72
1492,0,28,72
1493,0,28,72
1494,0,28,72
1495,0,28,72
1496,0,28,72
1497,0,28,72
1498,0,28,72
1499,0,28,72
1500,0,28,72
1501,0,28,72
1502,0,28,72
1503,0,28,72
1504,0,28,72
1505,0,27,73
1506,0,27,73
1507,0,27,73
1508,0,27,73
1509,0,27,73
1510,0,27,73
1511,0,27,73
1512,0,27,73
1513,0,27,73
1514,0,27,73
1515,0,27,73
1516,0,27,73
1517,0,27,73
1518,0,27,73
1519,0,27,73
1520,0,27,73
1521,0,27,73
1522,0,27,73
1523,0,27,73
1524,0,27,73
1525,0,27,73
1526,0,27,73
1527,0,27,73
1528,0,27,73
1529,0,27,73
1530,0,27,73
1531,0,27,73
1532,0,27,73
1533,0,27,73
1534,0,27,73
1535,0,27,73
1536,0,27,73
1537,0,27,73
1538,0,27,73
1539,0,27,73
1540,0,27,73
1541,0,27,73
1542,0,27,73
1543,0,27,73
1544,0,27,73
1545,0,27,73
1546,0,27,73
1547,0,27,73
1548,0,27,73
1549,0,27,73
1550,0,27,73
1551,0,27,73
1552,0,27,73
1553,0,27,73
1554,0,27,73
1555,0,27,73
1556,0,27,73
1557,0,27,73
1558,0,27,73
1559,0,27,73
1560,0,27,73
1561,0,27,73
1562,0,27,73
1563,0,27,73
1564,0,27,73
1565,0,27,73
1566,0,27,73
1567,0,27,73
1568,0,27,73
1569,0,27,73
1570,0,27,73
1571,0,27,73
1572,0,27,73
1573,0,27,73
1574,0,27,73
1575,0,27,73
1576,0,27,73
1577,0,27,73
1578,0,27,73
1579,0,27,73
1580,0,27,73
1581,0,27,73
1582,0,27,73
1583,0,27,73
1584,0,27,73
1585,0,27,73
1586,0,27,73
1587,0,27,73
1588,0,27,73
1589,0,27,73
1590,0,27,73
1591,0,27,73
1592,0,27,73
1593,0,27,73
1594,0,27,73
1595,0,27,73
1596,0,27,73
1597,0,27,73
1598,0,27,73
1599,0,27,73
1600,0,27,73
1601,0,27,73
1602,0,27,73
1603,0,27,73
1604,0,26,74
1605,0,26,74
1606,0,26,74
1607,0,26,74
1608,0,26,74
1609,0,26,74
1610,0,26,74
1611,0,26,74
1612,0,26,74
1613,0,26,74
1614,0,26,74
1615,0,26,74
1616,0,26,74
1617,0,26,74
1618,0,26,74
1619,0,26,74
1620,0,26,74
1621,0,26,74
1622,0,26,74
1623,0,26,74
1624,0,26,74
1625,0,26,74
1626,0,26,74
1627,0,26,74
1628,0,26,74
1629,0,26,74
1630,0,26,74
1631,0,26,74
1632,0,26,74
1633,0,26,74
1634,0,26,74
1635,0,26,74
1636,0,26,74
1637,0,26,74
1638,0,26,74
1639,0,26,74
1640,0,26,74
1641,0,26,74
1642,0,26,74
1643,0,26,74
1644,0,26,74
1645,0,26,74
1646,0,26,74
1647,0,26,74
1648,0,26,74
1649,0,26,74
1650,0,26,74
1651,0,26,74
1652,0,26,74
1653,0,26,74
1654,0,26,74
1655,0,26,74
1656,0,26,74
1657,0,26,74
1658,0,26,74
1659,0,26,74
1660,0,26,74
1661,0,26,74
1662,0,26,74
1663,0,26,74
1664,0,26,74
1665,0,26,74
1666,0,26,74
1667,0,26,74
1668,0,26,74
1669,0,26,74
1670,0,26,74
1671,0,25,75
1672,0,25,75
1673,0,25,75
1674,0,25,75
1675,0,25,75
1676,0,25,75
1677,0,25,75
1678,0,25,75
1679,0,25,75
1680,0,25,75
1681,0,25,75
1682,0,25,75
1683,0,25,75
1684,0,25,75
1685,0,25,75
1686,0,25,75
1687,0,25,75
1688,0,25,75
1689,0,25,75
1690,0,25,75
1691,0,25,75
1692,0,25,75
1693,0,25,75
1694,0,24,76
1695,0,24,76
1696,0,24,76
1697,0,24,76
1698,0,24,76
1699,0,24,76
1700,0,24,76
1701,0,24,76
1702,0,24,76
1703,0,24,76
1704,0,24,76
1705,0,24,76
1706,0,24,76
1707,0,24,76
1708,0,23,77
1709,0,23,77
1710,0,23,77
1711,0,23,77
1712,0,23,77
1713,0,23,77
1714,0,23,77
1715,0,23,77
1716,0,23,77
1717,0,23,77
1718,0,23,77
1719,0,23,77
1720,0,23,77
1721,0,23,77
1722,0,23,77
1723,0,23,77
1724,0,23,77
1725,0,23,77
1726,0,23,77
1727,0,23,77
1728,0,23,77
1729,0,23,77
1730,0,23,77
1731,0,23,77
1732,0,23,77
1733,0,23,77
1734,0,23,77
1735,0,23,77
1736,0,23,77
1737,0,23,77
1738,0,23,77
1739,0,23,77
1740,0,23,77
1741,0,23,77
1742,0,23,77
1743,0,23,77
1744,0,23,77
1745,0,23,77
1746,0,23,77
1747,0,23,77
1748,0,23,77
1749,0,23,77
1750,0,23,77
1751,0,23,77
1752,0,23,77
1753,0,23,77
1754,0,23,77
1755,0,23,77
1756,0,23,77
1757,0,23,77
1758,0,23,77
1759,0,23,77
1760,0,23,77
1761,0,23,77
1762,0,23,77
1763,0,23,77
1764,0,23,77
1765,0,23,77
1766,0,23,77
1767,0,23,77
1768,0,23,77
1769,0,23,77
1770,0,23,77
1771,0,23,77
1772,0,23,77
1773,0,22,78
1774,0,22,78
1775,0,22,78
1776,0,22,78
1777,0,22,78
1778,0,22,78
1779,0,22,78
1780,0,22,78
1781,0,22,78
1782,0,22,78
1783,0,22,78
1784,0,22,78
1785,0,22,78
1786,0,22,78
1787,0,22,78
1788,0,22,78
1789,0,22,78
1790,0,22,78
1791,0,22,78
1792,0,22,78
1793,0,22,78
1794,0,22,78
1795,0,22,78
1796,0,22,78
1797,0,22,78
1798,0,22,78
1799,0,22,78
1800,0,22,78
1801,0,22,78
1802,0,22,78
1803,0,22,78
1804,0,21,79
1805,0,21,79
1806,0,21,79
1807,0,21,79
1808,0,21,79
1809,0,21,79
1810,0,21,79
1811,0,21,79
1812,0,21,79
1813,0,21,79
1814,0,21,79
1815,0,21,79
1816,0,21,79
1817,0,21,79
1818,0,21,79
1819,0,21,79
1820,0,21,79
1821,0,21,79
1822,0,21,79
1823,0,21,79
1824,0,21,79
1825,0,21,79
1826,0,21,79
1827,0,21,79
1828,0,20,80
1829,0,20,80
1830,0,20,80
1831,0,20,80
1832,0,20,80
1833,0,20,80
1834,0,20,80
1835,0,20,80
1836,0,20,80
1837,0,20,80
1838,0,20,80
1839,0,20,80
1840,0,20,80
1841,0,20,80
1842,0,20,80
1843,0,20,80
1844,0,20,80
1845,0,20,80
1846,0,20,80
1847,0,20,80
1848,0,20,80
1849,0,20,80
1850,0,20,80
1851,0,20,80
1852,0,20,80
1853,0,20,80
1854,0,20,80
1855,0,20,80
1856,0,19,81
1857,0,19,81
1858,0,19,81
1859,0,19,81
1860,0,19,81
1861,0,19,81
1862,0,19,81
1863,0,19,81
1864,0,19,81
1865,0,19,81
1866,0,19,81
1867,0,19,81
1868,0,19,81
1869,0,19,81
1870,0,19,81
1871,0,19,81
1872,0,19,81
1873,0,19,81
1874,0,19,81
1875,0,19,81
1876,0,19,81
1877,0,19,81
1878,0,19,81
1879,0,19,81
1880,0,19,81
1881,0,19,81
1882,0,19,81
1883,0,19,81
1884,0,19,81
1885,0,19,81
1886,0,19,81
1887,0,19,81
1888,0,19,81
1889,0,19,81
1890,0,19,81
1891,0,19,81
1892,0,19,81
1893,0,19,81
1894,0,19,81
1895,0,19,81
1896,0,19,81
1897,0,19,81
1898,0,19,81
1899,0,19,81
1900,0,19,81
1901,0,19,81
1902,0,19,81
1903,0,19,81
1904,0,19,81
1905,0,19,81
1906,0,19,81
1907,0,19,81
1908,0,19,81
1909,0,19,81
1910,0,19,81
1911,0,19,81
1912,0,18,82
1913,0,18,82
1914,0,18,82
1915,0,18,82
1916,0,18,82
1917,0,18,82
1918,0,18,82
1919,0,18,82
1920,0,18,82
1921,0,18,82
1922,0,18,82
1923,0,18,82
1924,0,17,83
1925,0,17,83
1926,0,17,83
1927,0,17,83
1928,0,17,83
1929,0,17,83
1930,0,17,83
1931,0,17,83
1932,0,17,83
1933,0,17,83
1934,0,17,83
1935,0,17,83
1936,0,16,84
1937,0,16,84
1938,0,16,84
1939,0,16,84
1940,0,16,84
1941,0,16,84
1942,0,16,84
1943,0,16,84
1944,0,16,84
1945,0,16,84
1946,0,16,84
1947,0,16,84
1948,0,16,84
1949,0,16,84
1950,0,16,84
1951,0,16,84
1952,0,16,84
1953,0,16,84
1954,0,16,84
1955,0,16,84
1956,0,16,84
1957,0,16,84
1958,0,16,84
1959,0,16,84
1960,0,16,84
1961,0,16,84
1962,0,16,84
1963,0,16,84
1964,0,16,84
1965,0,16,84
1966,0,16,84
1967,0,16,84
1968,0,16,84
1969,0,16,84
1970,0,16,84
1971,0,16,84
1972,0,16,84
1973,0,16,84
1974,0,16,84
1975,0,16,84
1976,0,16,84
1977,0,16,84
1978,0,16,84
1979,0,16,84
1980,0,16,84
1981,0,16,84
1982,0,16,84
1983,0,16,84
1984,0,16,84
1985,0,16,84
1986,0,16,84
1987,0,16,84
1988,0,16,84
1989,0,16,84
1990,0,16,84
1991,0,16,84
1992,0,16,84
1993,0,16,84
1994,0,16,84
1995,0,16,84
1996,0,16,84
1997,0,16,84
1998,0,16,84
1999,0,16,84
2000,0,16,84
2001,0,16,84
2002,0,16,84
2003,0,16,84
2004,0,16,84
2005,0,16,84
2006,0,16,84
2007,0,16,84
2008,0,16,84
2009,0,16,84
2010,0,16,84
2011,0,16,84
2012,0,16,84
2013,0,16,84
2014,0,16,84
2015,0,16,84
2016,0,16,84
2017,0,16,84
2018,0,16,84
2019,0,16,84
2020,0,16,84
2021,0,16,84
2022,0,16,84
2023,0,16,84
2024,0,16,84
2025,0,15,85
2026,0,15,85
2027,0,15,85
2028,0,15,85
2029,0,15,85
2030,0,15,85
2031,0,15,85
2032,0,15,85
2033,0,15,85
2034,0,15,85
2035,0,15,85
2036,0,15,85
2037,0,15,85
2038,0,15,85
2039,0,15,85
2040,0,15,85
2041,0,15,85
2042,0,15,85
2043,0,15,85
2044,0,15,85
2045,0,15,85
2046,0,15,85
2047,0,15,85
2048,0,15,85
2049,0,15,85
2050,0,15,85
2051,0,15,85
2052,0,15,85
2053,0,15,85
2054,0,15,85
2055,0,15,85
2056,0,15,85
2057,0,15,85
2058,0,15,85
2059,0,15,85
2060,0,15,85
2061,0,15,85
2062,0,15,85
2063,0,15,85
2064,0,15,85
2065,0,14,86
2066,0,14,86
2067,0,14,86
2068,0,14,86
2069,0,14,86
2070,0,14,86
2071,0,14,86
2072,0,14,86
2073,0,14,86
2074,0,14,86
2075,0,14,86
2076,0,14,86
2077,0,14,86
2078,0,14,86
2079,0,13,87
2080,0,13,87
2081,0,13,87
2082,0,13,87
2083,0,13,87
2084,0,13,87
2085,0,13,87
2086,0,13,87
2087,0,13,87
2088,0,13,87
2089,0,13,87
2090,0,13,87
2091,0,13,87
2092,0,13,87
2093,0,13,87
2094,0,13,87
2095,0,13,87
2096,0,13,87
2097,0,13,87
2098,0,13,87
2099,0,13,87
2100,0,13,87
2101,0,13,87
2102,0,13,87
2103,0,13,87
2104,0,13,87
2105,0,13,87
2106,0,13,87
2107,0,13,87
2108,0,13,87
2109,0,13,87
2110,0,13,87
2111,0,13,87
2112,0,13,87
2113,0,13,87
2114,0,13,87
2115,0,13,87
2116,0,12,88
2117,0,12,88
2118,0,12,88
2119,0,12,88
2120,0,12,88
2121,0,12,88
2122,0,12,88
2123,0,12,88
2124,0,12,88
2125,0,12,88
2126,0,12,88
2127,0,12,88
2128,0,12,88
2129,0,12,88
2130,0,12,88
2131,0,12,88
2132,0,12,88
2133,0,12,88
2134,0,12,88
2135,0,12,88
2136,0,12,88
2137,0,12,88
2138,0,12,88
2139,0,12,88
2140,0,12,88
2141,0,12,88
2142,0,12,88
2143,0,12,88
2144,0,12,88
2145,0,12,88
2146,0,12,88
2147,0,12,88
2148,0,12,88
2149,0,12,88
2150,0,12,88
2151,0,12,88
2152,0,12,88
2153,0,12,88
2154,0,12,88
2155,0,12,88
2156,0,12,88
2157,0,12,88
2158,0,12,88
2159,0,12,88
2160,0,12,88
2161,0,12,88
2162,0,12,88
2163,0,12,88
2164,0,12,88
2165,0,12,88
2166,0,12,88
2167,0,11,89
2168,0,11,89
2169,0,11,89
2170,0,11,89
2171,0,11,89
2172,0,11,89
2173,0,11,89
2174,0,11,89
2175,0,11,89
2176,0,11,89
2177,0,11,89
2178,0,11,89
2179,0,11,89
2180,0,11,89
2181,0,11,89
2182,0,11,89
2183,0,11,89
2184,0,11,89
2185,0,11,89
2186,0,11,89
2187,0,11,89
2188,0,11,89
2189,0,11,89
2190,0,11,89
2191,0,11,89
2192,0,11,89
2193,0,11,89
2194,0,11,89
2195,0,11,89
2196,0,11,89
2197,0,11,89
2198,0,11,89
2199,0,11,89
2200,0,11,89
2201,0,11,89
2202,0,11,89
2203,0,11,89
2204,0,11,89
2205,0,11,89
2206,0,11,89
2207,0,11,89
2208,0,11,89
2209,0,11,89
2210,0,11,89
2211,0,10,90
2212,0,10,90
2213,0,10,90
2214,0,10,90
2215,0,10,90
2216,0,10,90
2217,0,10,90
2218,0,10,90
2219,0,10,90
2220,0,10,90
2221,0,10,90
2222,0,10,90
2223,0,9,91
2224,0,9,91
2225,0,9,91
2226,0,9,91
2227,0,9,91
2228,0,9,91
2229,0,8,92
2230,0,8,92
2231,0,8,92
2232,0,8,92
2233,0,8,92
2234,0,8,92
2235,0,8,92
2236,0,8,92
2237,0,8,92
2238,0,8,92
2239,0,8,92
2240,0,8,92
2241,0,8,92
2242,0,8,92
2243,0,8,92
2244,0,8,92
2245,0,8,92
2246,0,8,92
2247,0,8,92
2248,0,8,92
2249,0,8,92
2250,0,8,92
2251,0,8,92
2252,0,8,92
2253,0,8,92
2254,0,8,92
2255,0,8,92
2256,0,8,92
2257,0,8,92
2258,0,8,92
2259,0,8,92
2260,0,8,92
2261,0,7,93
2262,0,7,93
2263,0,7,93
2264,0,7,93
2265,0,7,93
2266,0,7,93
2267,0,7,93
2268,0,7,93
2269,0,7,93
2270,0,7,93
2271,0,7,93
2272,0,7,93
2273,0,7,93
2274,0,7,93
2275,0,7,93
2276,0,7,93
2277,0,7,93
2278,0,7,93
2279,0,7,93
2280,0,7,93
2281,0,7,93
2282,0,7,93
2283,0,7,93
2284,0,7,93
2285,0,7,93
2286,0,7,93
2287,0,7,93
2288,0,7,93
2289,0,7,93
2290,0,7,93
2291,0,7,93
2292,0,7,93
2293,0,7,93
2294,0,7,93
2295,0,7,93
2296,0,7,93
2297,0,7,93
2298,0,7,93
2299,0,7,93
2300,0,7,93
2301,0,7,93
2302,0,7,93
2303,0,7,93
2304,0,7,93
2305,0,7,93
2306,0,7,93
2307,0,7,93
2308,0,7,93
2309,0,7,93
2310,0,7,93
2311,0,7,93
2312,0,7,93
2313,0,7,93
2314,0,7,93
2315,0,7,93
2316,0,7,93
2317,0,7,93
2318,0,7,93
2319,0,7,93
2320,0,7,93
2321,0,7,93
2322,0,7,93
2323,0,7,93
2324,0,7,93
2325,0,7,93
2326,0,7,93
2327,0,7,93
2328,0,7,93
2329,0,7,93
2330,0,7,93
2331,0,7,93
2332,0,7,93
2333,0,7,93
2334,0,7,93
2335,0,7,93
2336,0,7,93
2337,0,7,93
2338,0,7,93
2339,0,7,93
2340,0,7,93
2341,0,7,93
2342,0,7,93
2343,0,7,93
2344,0,7,93
2345,0,7,93
2346,0,7,93
2347,0,7,93
2348,0,7,93
2349,0,7,93
2350,0,7,93
2351,0,7,93
2352,0,7,93
2353,0,7,93
2354,0,7,93
2355,0,7,93
2356,0,7,93
2357,0,7,93
2358,0,7,93
2359,0,7,93
2360,0,7,93
2361,0,7,93
2362,0,7,93
2363,0,7,93
2364,0,7,93
2365,0,6,94
2366,0,6,94
2367,0,6,94
2368,0,6,94
2369,0,6,94
2370,0,6,94
2371,0,6,94
2372,0,6,94
2373,0,6,94
2374,0,6,94
2375,0,6,94
2376,0,6,94
2377,0,6,94
2378,0,6,94
2379,0,6,94
2380,0,6,94
2381,0,6,94
2382,0,6,94
2383,0,6,94
2384,0,6,94
2385,0,6,94
2386,0,6,94
2387,0,6,94
2388,0,6,94
2389,0,6,94
2390,0,6,94
2391,0,6,94
2392,0,6,94
2393,0,6,94
2394,0,6,94
2395,0,6,94
2396,0,6,94
2397,0,6,94
2398,0,6,94
2399,0,6,94
2400,0,6,94
2401,0,6,94
2402,0,6,94
2403,0,6,94
2404,0,6,94
2405,0,6,94
2406,0,6,94
2407,0,6,94
2408,0,6,94
2409,0,6,94
2410,0,6,94
2411,0,6,94
2412,0,6,94
2413,0,6,94
2414,0,6,94
2415,0,6,94
2416,0,5,95
2417,0,5,95
2418,0,5,95
2419,0,5,95
2420,0,5,95
2421,0,4,96
2422,0,4,96
2423,0,4,96
2424,0,4,96
2425,0,4,96
2426,0,4,96
2427,0,4,96
2428,0,4,96
2429,0,4,96
2430,0,4,96
2431,0,4,96
2432,0,4,96
2433,0,4,96
2434,0,4,96
2435,0,4,96
2436,0,4,96
2437,0,4,96
2438,0,4,96
2439,0,4,96
2440,0,4,96
2441,0,4,96
2442,0,4,96
2443,0,4,96
2444,0,4,96
2445,0,4,96
2446,0,4,96
2447,0,4,96
2448,0,4,96
2449,0,4,96
2450,0,4,96
2451,0,4,96
2452,0,4,96
2453,0,4,96
2454,0,4,96
2455,0,4,96
2456,0,4,96
2457,0,4,96
2458,0,4,96
2459,0,4,96
2460,0,4,96
2461,0,4,96
2462,0,4,96
2463,0,4,96
2464,0,4,96
2465,0,4,96
2466,0,4,96
2467,0,4,96
2468,0,4,96
2469,0,4,96
2470,0,4,96
2471,0,4,96
2472,0,4,96
2473,0,4,96
2474,0,4,96
2475,0,4,96
2476,0,4,96
2477,0,4,96
2478,0,4,96
2479,0,4,96
2480,0,4,96
2481,0,4,96
2482,0,4,96
2483,0,4,96
2484,0,4,96
2485,0,4,96
2486,0,4,96
2487,0,4,96
2488,0,4,96
2489,0,4,96
2490,0,4,96
2491,0,4,96
2492,0,4,96
2493,0,4,96
2494,0,4,96
2495,0,4,96
2496,0,4,96
2497,0,4,96
2498,0,4,96
2499,0,4,96
2500,0,4,96
2501,0,4,96
2502,0,4,96
2503,0,4,96
2504,0,4,96
2505,0,4,96
2506,0,4,96
2507,0,4,96
2508,0,4,96
2509,0,4,96
2510,0,4,96
2511,0,4,96
2512,0,4,96
2513,0,4,96
2514,0,4,96
2515,0,4,96
2516,0,4,96
2517,0,4,96
2518,0,4,96
2519,0,4,96
2520,0,4,96
2521,0,4,96
2522,0,4,96
2523,0,4,96
2524,0,4,96
2525,0,4,96
2526,0,4,96
2527,0,4,96
2528,0,4,96
2529,0,4,96
2530,0,4,96
2531,0,4,96
2532,0,4,96
2533,0,4,96
2534,0,4,96
2535,0,4,96
2536,0,4,96
2537,0,4,96
2538,0,4,96
2539,0,4,96
2540,0,4,96
2541,0,4,96
2542,0,4,96
2543,0,4,96
2544,0,4,96
2545,0,4,96
2546,0,4,96
2547,0,4,96
2548,0,4,96
2549,0,4,96
2550,0,4,96
2551,0,4,96
2552,0,4,96
2553,0,4,96
2554,0,4,96
2555,0,4,96
2556,0,4,96
2557,0,4,96
2558,0,4,96
2559,0,4,96
2560,0,4,96
2561,0,4,96
2562,0,4,96
2563,0,4,96
2564,0,4,96
2565,0,4,96
2566,0,4,96
2567,0,4,96
2568,0,4,96
2569,0,4,96
2570,0,4,96
2571,0,4,96
2572,0,4,96
2573,0,4,96
2574,0,4,96
2575,0,4,96
2576,0,4,96
2577,0,4,96
2578,0,4,96
2579,0,4,96
2580,0,4,96
2581,0,4,96
2582,0,4,96
2583,0,4,96
2584,0,4,96
2585,0,4,96
2586,0,4,96
2587,0,4,96
2588,0,4,96
2589,0,4,96
2590,0,4,96
2591,0,4,96
2592,0,4,96
2593,0,4,96
2594,0,4,96
2595,0,4,96
2596,0,4,96
2597,0,4,96
2598,0,4,96
2599,0,4,96
2600,0,4,96
2601,0,4,96
2602,0,4,96
2603,0,4,96
2604,0,4,96
2605,0,4,96
2606,0,4,96
2607,0,4,96
2608,0,4,96
2609,0,4,96
2610,0,4,96
2611,0,4,96
2612,0,4,96
2613,0,4,96
2614,0,4,96
2615,0,4,96
2616,0,4,96
2617,0,4,96
2618,0,4,96
2619,0,4,96
2620,0,4,96
2621,0,4,96
2622,0,4,96
2623,0,4,96
2624,0,4,96
2625,0,4,96
2626,0,4,96
2627,0,4,96
2628,0,4,96
2629,0,4,96
2630,0,4,96
2631,0,4,96
2632,0,4,96
2633,0,4,96
2634,0,4,96
2635,0,4,96
2636,0,4,96
2637,0,4,96
2638,0,4,96
2639,0,4,96
2640,0,4,96
2641,0,4,96
2642,0,4,96
2643,0,4,96
2644,0,4,96
2645,0,4,96
2646,0,4,96
2647,0,4,96
2648,0,4,96
2649,0,4,96
2650,0,4,96
2651,0,4,96
2652,0,4,96
2653,0,4,96
2654,0,4,96
2655,0,4,96
2656,0,4,96
2657,0,4,96
2658,0,4,96
2659,0,4,96
2660,0,4,96
2661,0,4,96
2662,0,4,96
2663,0,4,96
2664,0,4,96
2665,0,4,96
2666,0,4,96
2667,0,4,96
2668,0,4,96
2669,0,4,96
2670,0,4,96
2671,0,4,96
2672,0,4,96
2673,0,4,96
2674,0,4,96
2675,0,4,96
2676,0,4,96
2677,0,4,96
2678,0,4,96
2679,0,4,96
2680,0,4,96
2681,0,4,96
2682,0,4,96
2683,0,4,96
2684,0,4,96
2685,0,4,96
2686,0,4,96
2687,0,4,96
2688,0,4,96
2689,0,4,96
2690,0,4,96
2691,0,4,96
2692,0,4,96
2693,0,4,96
2694,0,4,96
2695,0,4,96
2696,0,4,96
2697,0,4,96
2698,0,4,96
2699,0,4,96
2700,0,4,96
2701,0,4,96
2702,0,4,96
2703,0,4,96
2704,0,4,96
2705,0,4,96
2706,0,4,96
2707,0,4,96
2708,0,4,96
2709,0,4,96
2710,0,4,96
2711,0,4,96
2712,0,4,96
2713,0,4,96
2714,0,4,96
2715,0,3,97
2716,0,3,97
2717,0,3,97
2718,0,3,97
2719,0,3,97
2720,0,3,97
2721,0,3,97
2722,0,3,97
2723,0,3,97
2724,0,3,97
2725,0,3,97
2726,0,3,97
2727,0,3,97
2728,0,3,97
2729,0,3,97
2730,0,3,97
2731,0,3,97
2732,0,3,97
2733,0,3,97
2734,0,3,97
2735,0,3,97
2736,0,3,97
2737,0,3,97
2738,0,3,97
2739,0,3,97
2740,0,3,97
2741,0,3,97
2742,0,3,97
2743,0,3,97
2744,0,3,97
2745,0,3,97
2746,0,3,97
2747,0,3,97
2748,0,3,97
2749,0,3,97
2750,0,3,97
2751,0,3,97
2752,0,3,97
2753,0,3,97
2754,0,3,97
2755,0,3,97
2756,0,3,97
2757,0,3,97
2758,0,3,97
2759,0,3,97
2760,0,3,97
2761,0,3,97
2762,0,3,97
2763,0,3,97
2764,0,3,97
2765,0,3,97
2766,0,3,97
2767,0,3,97
2768,0,3,97
2769,0,3,97
2770,0,3,97
2771,0,3,97
2772,0,3,97
2773,0,3,97
2774,0,3,97
2775,0,3,97
2776,0,3,97
2777,0,3,97
2778,0,3,97
2779,0,3,97
2780,0,3,97
2781,0,3,97
2782,0,3,97
2783,0,3,97
2784,0,3,97
2785,0,3,97
2786,0,3,97
2787,0,3,97
2788,0,3,97
2789,0,3,97
2790,0,3,97
2791,0,3,97
2792,0,3,97
2793,0,3,97
2794,0,3,97
2795,0,3,97
2796,0,3,97
2797,0,3,97
2798,0,3,97
2799,0,3,97
2800,0,3,97
2801,0,3,97
2802,0,3,97
2803,0,3,97
2804,0,3,97
2805,0,3,97
2806,0,3,97
2807,0,3,97
2808,0,3,97
2809,0,3,97
2810,0,3,97
2811,0,3,97
2812,0,3,97
2813,0,3,97
2814,0,3,97
2815,0,3,97
2816,0,3,97
2817,0,3,97
2818,0,3,97
2819,0,3,97
2820,0,3,97
2821,0,3,97
2822,0,3,97
2823,0,3,97
2824,0,3,97
2825,0,3,97
2826,0,3,97
2827,0,3,97
2828,0,3,97
2829,0,3,97
2830,0,3,97
2831,0,3,97
2832,0,3,97
2833,0,3,97
2834,0,3,97
2835,0,3,97
2836,0,3,97
2837,0,3,97
2838,0,3,97
2839,0,3,97
2840,0,3,97
2841,0,3,97
2842,0,3,97
2843,0,3,97
2844,0,3,97
2845,0,3,97
2846,0,3,97
2847,0,3,97
2848,0,3,97
2849,0,3,97
2850,0,3,97
2851,0,3,97
2852,0,3,97
2853,0,3,97
2854,0,3,97
2855,0,3,97
2856,0,3,97
2857,0,3,97
2858,0,3,97
2859,0,3,97
2860,0,3,97
2861,0,3,97
2862,0,3,97
2863,0,3,97
2864,0,3,97
2865,0,3,97
2866,0,3,97
2867,0,3,97
2868,0,3,97
2869,0,3,97
2870,0,3,97
2871,0,3,97
2872,0,3,97
2873,0,3,97
2874,0,3,97
2875,0,3,97
2876,0,3,97
2877,0,3,97
2878,0,3,97
2879,0,3,97
2880,0,3,97
2881,0,3,97
2882,0,3,97
2883,0,3,97
2884,0,3,97
2885,0,3,97
2886,0,3,97
2887,0,3,97
2888,0,3,97
2889,0,3,97
2890,0,3,97
2891,0,3,97
2892,0,3,97
2893,0,3,97
2894,0,3,97
2895,0,3,97
2896,0,3,97
2897,0,3,97
2898,0,3,97
2899,0,3,97
2900,0,3,97
2901,0,3,97
2902,0,3,97
2903,0,3,97
2904,0,3,97
2905,0,3,97
2906,0,3,97
2907,0,3,97
2908,0,3,97
2909,0,3,97
2910,0,3,97
2911,0,3,97
2912,0,3,97
2913,0,3,97
2914,0,3,97
2915,0,3,97
2916,0,3,97
2917,0,3,97
2918,0,3,97
2919,0,3,97
2920,0,3,97
2921,0,3,97
2922,0,3,97
2923,0,3,97
2924,0,3,97
2925,0,3,97
2926,0,3,97
2927,0,3,97
2928,0,3,97
2929,0,3,97
2930,0,3,97
2931,0,3,97
2932,0,3,97
2933,0,3,97
2934,0,3,97
2935,0,3,97
2936,0,3,97
2937,0,3,97
2938,0,3,97
2939,0,3,97
2940,0,3,97
2941,0,3,97
2942,0,3,97
2943,0,3,97
2944,0,3,97
2945,0,3,97
2946,0,3,97
2947,0,3,97
2948,0,3,97
2949,0,3,97
2950,0,3,97
2951,0,3,97
2952,0,3,97
2953,0,3,97
2954,0,3,97
2955,0,3,97
2956,0,3,97
2957,0,3,97
2958,0,3,97
2959,0,3,97
2960,0,3,97
2961,0,3,97
2962,0,3,97
2963,0,3,97
2964,0,3,97
2965,0,3,97
2966,0,3,97
2967,0,3,97
2968,0,3,97
2969,0,3,97
2970,0,3,97
2971,0,3,97
2972,0,3,97
2973,0,3,97
2974,0,3,97
2975,0,3,97
2976,0,3,97
2977,0,3,97
2978,0,3,97
2979,0,3,97
2980,0,3,97
2981,0,3,97
2982,0,3,97
2983,0,3,97
2984,0,3,97
2985,0,3,97
2986,0,3,97
2987,0,3,97
2988,0,3,97
2989,0,3,97
2990,0,3,97
2991,0,3,97
2992,0,3,97
2993,0,3,97
2994,0,3,97
2995,0,3,97
2996,0,3,97
2997,0,3,97
2998,0,3,97
2999,0,3,97
3000,0,3,97
