Time,Healthy,Undetectable,Detectable
0,97,3,0
1,97,2,1
2,97,2,1
3,97,2,1
4,97,2,1
5,97,2,1
6,97,2,1
7,97,2,1
8,97,2,1
9,97,2,1
10,97,2,1
11,97,2,1
12,97,2,1
13,97,2,1
14,97,2,1
15,97,2,1
16,97,2,1
17,97,2,1
18,97,2,1
19,97,2,1
20,97,2,1
21,97,2,1
22,97,2,1
23,97,2,1
24,97,2,1
25,97,2,1
26,97,2,1
27,97,2,1
28,97,2,1
29,97,2,1
30,97,2,1
31,97,2,1
32,97,2,1
33,97,2,1
34,97,2,1
35,97,2,1
36,97,2,1
37,97,2,1
38,97,2,1
39,96,3,1
40,96,3,1
41,96,3,1
42,96,3,1
43,96,3,1
44,96,3,1
45,96,3,1
46,95,4,1
47,95,4,1
48,95,4,1
49,95,4,1
50,95,4,1
51,95,4,1
52,95,4,1
53,95,4,1
54,95,4,1
55,95,4,1
56,95,4,1
57,95,4,1
58,95,4,1
59,95,4,1
60,95,4,1
61,95,4,1
62,95,4,1
63,95,4,1
64,95,4,1
65,95,4,1
66,95,4,1
67,95,4,1
68,95,3,2
69,95,3,2
70,95,3,2
71,95,3,2
72,95,3,2
73,95,3,2
74,95,3,2
75,95,3,2
76,95,3,2
77,95,3,2
78,95,3,2
79,95,3,2
80,95,3,2
81,95,3,2
82,95,3,2
83,95,3,2
84,95,3,2
85,95,3,2
86,95,3,2
87,95,3,2
88,95,3,2
89,95,3,2
90,95,3,2
91,95,3,2
92,95,3,2
93,95,3,2
94,95,3,2
95,95,3,2
96,95,3,2
97,95,3,2
98,95,3,2
99,95,3,2
100,95,3,2
101,95,3,2
102,95,3,2
103,95,3,2
104,94,4,2
105,94,4,2
106,94,4,2
107,94,4,2
108,94,4,2
109,94,4,2
110,94,4,2
111,94,4,2
112,94,4,2
113,94,4,2
114,94,4,2
115,94,4,2
116,94,4,2
117,94,4,2
118,94,4,2
119,94,4,2
120,94,4,2
121,94,4,2
122,94,4,2
123,94,4,2
124,94,4,2
125,94,4,2
126,94,4,2
127,94,4,2
128,94,4,2
129,94,4,2
130,94,4,2
131,94,4,2
132,94,4,2
133,94,4,2
134,94,4,2
135,94,4,2
136,94,4,2
137,94,4,2
138,94,4,2
139,94,4,2
140,94,4,2
141,94,4,2
142,94,4,2
143,94,4,2
144,94,4,2
145,94,4,2
146,94,4,2
147,94,4,2
148,94,4,2
149,94,4,2
150,94,4,2
151,94,4,2
152,94,4,2
153,94,4,2
154,94,4,2
155,94,4,2
156,94,4,2
157,94,4,2
158,94,4,2
159,94,4,2
160,94,4,2
161,94,4,2
162,94,4,2
163,94,4,2
164,94,4,2
165,94,4,2
166,94,4,2
167,94,4,2
168,94,4,2
169,94,4,2
170,94,4,2
171,94,4,2
172,94,4,2
173,94,4,2
174,94,4,2
175,94,4,2
176,94,4,2
177,94,4,2
178,94,4,2
179,94,4,2
180,94,4,2
181,94,4,2
182,94,4,2
183,94,4,2
184,94,4,2
185,94,4,2
186,94,4,2
187,94,4,2
188,94,4,2
189,94,4,2
190,94,4,2
191,94,4,2
192,94,4,2
193,94,4,2
194,94,4,2
195,94,4,2
196,94,4,2
197,94,4,2
198,94,4,2
199,94,4,2
200,94,4,2
201,94,4,2
202,94,4,2
203,94,4,2
204,94,4,2
205,94,4,2
206,94,4,2
207,94,4,2
208,94,4,2
209,94,4,2
210,94,4,2
211,94,4,2
212,94,4,2
213,93,5,2
214,93,5,2
215,93,5,2
216,93,5,2
217,93,5,2
218,93,5,2
219,93,5,2
220,93,5,2
221,93,5,2
222,93,5,2
223,93,5,2
224,93,5,2
225,93,5,2
226,93,5,2
227,93,5,2
228,93,5,2
229,93,5,2
230,93,5,2
231,93,5,2
232,93,5,2
233,93,5,2
234,93,5,2
235,93,5,2
236,93,5,2
237,93,5,2
238,93,5,2
239,93,5,2
240,93,5,2
241,93,5,2
242,93,5,2
243,93,5,2
244,93,5,2
245,93,5,2
246,93,5,2
247,93,5,2
248,93,5,2
249,93,5,2
250,93,5,2
251,93,5,2
252,93,5,2
253,93,5,2
254,93,5,2
255,93,5,2
256,93,5,2
257,93,5,2
258,93,5,2
259,93,5,2
260,93,5,2
261,93,5,2
262,93,5,2
263,93,5,2
264,92,6,2
265,92,6,2
266,92,6,2
267,92,6,2
268,92,6,2
269,92,6,2
270,92,6,2
271,92,6,2
272,92,6,2
273,92,6,2
274,92,6,2
275,92,6,2
276,92,6,2
277,92,6,2
278,92,6,2
279,92,6,2
280,92,6,2
281,92,6,2
282,92,6,2
283,92,6,2
284,92,6,2
285,92,6,2
286,92,6,2
287,92,6,2
288,92,6,2
289,92,6,2
290,92,6,2
291,92,6,2
292,92,6,2
293,92,6,2
294,92,6,2
295,92,6,2
296,92,6,2
297,92,6,2
298,92,6,2
299,92,6,2
300,92,6,2
301,92,6,2
302,92,6,2
303,92,6,2
304,92,6,2
305,92,6,2
306,92,6,2
307,92,6,2
308,91,7,2
309,91,7,2
310,91,7,2
311,91,7,2
312,91,7,2
313,91,7,2
314,91,7,2
315,91,7,2
316,91,7,2
317,91,7,2
318,89,9,2
319,89,9,2
320,89,9,2
321,89,9,2
322,89,9,2
323,89,9,2
324,89,9,2
325,89,9,2
326,89,9,2
327,89,9,2
328,89,8,3
329,89,8,3
330,89,8,3
331,89,8,3
332,89,8,3
333,89,8,3
334,89,8,3
335,89,8,3
336,89,8,3
337,89,8,3
338,89,8,3
339,89,8,3
340,89,8,3
341,89,8,3
342,89,8,3
343,89,8,3
344,89,8,3
345,89,8,3
346,88,9,3
347,88,9,3
348,88,9,3
349,88,9,3
350,88,9,3
351,88,9,3
352,88,9,3
353,88,9,3
354,88,9,3
355,88,9,3
356,88,9,3
357,88,9,3
358,88,9,3
359,88,9,3
360,88,9,3
361,88,9,3
362,88,9,3
363,88,9,3
364,88,9,3
365,88,9,3
366,88,8,4
367,88,8,4
368,88,8,4
369,88,8,4
370,88,8,4
371,88,8,4
372,88,8,4
373,88,8,4
374,88,8,4
375,88,8,4
376,88,8,4
377,88,8,4
378,88,8,4
379,88,8,4
380,88,8,4
381,88,8,4
382,88,8,4
383,87,9,4
384,87,9,4
385,87,9,4
386,87,9,4
387,87,9,4
388,87,9,4
389,87,9,4
390,87,9,4
391,87,9,4
392,86,10,4
393,86,10,4
394,86,10,4
395,86,10,4
396,86,10,4
397,86,10,4
398,86,10,4
399,86,10,4
400,86,10,4
401,86,10,4
402,86,10,4
403,86,10,4
404,86,9,5
405,86,9,5
406,86,9,5
407,86,9,5
408,86,9,5
409,86,9,5
410,86,9,5
411,86,9,5
412,86,9,5
413,86,9,5
414,86,9,5
415,86,9,5
416,86,9,5
417,86,9,5
418,86,9,5
419,86,9,5
420,86,9,5
421,86,9,5
422,86,9,5
423,86,9,5
424,86,9,5
425,86,9,5
426,86,9,5
427,86,9,5
428,86,9,5
429,86,9,5
430,86,9,5
431,85,10,5
432,85,10,5
433,85,10,5
434,84,11,5
435,84,11,5
436,84,11,5
437,84,11,5
438,84,11,5
439,84,11,5
440,84,11,5
441,84,10,6
442,84,10,6
443,84,10,6
444,84,10,6
445,84,10,6
446,83,11,6
447,83,11,6
448,83,11,6
449,83,11,6
450,83,11,6
451,83,11,6
452,83,11,6
453,82,12,6
454,82,12,6
455,82,12,6
456,82,12,6
457,82,12,6
458,82,12,6
459,82,12,6
460,82,12,6
461,82,12,6
462,82,12,6
463,82,12,6
464,82,12,6
465,81,13,6
466,80,14,6
467,80,14,6
468,80,14,6
469,80,14,6
470,80,14,6
471,80,14,6
472,80,14,6
473,80,14,6
474,80,14,6
475,80,14,6
476,80,14,6
477,80,14,6
478,80,14,6
479,80,14,6
480,79,15,6
481,79,15,6
482,79,15,6
483,79,15,6
484,79,15,6
485,79,15,6
486,79,15,6
487,79,15,6
488,79,15,6
489,79,15,6
490,79,15,6
491,79,15,6
492,79,15,6
493,79,15,6
494,79,14,7
495,79,14,7
496,79,14,7
497,79,14,7
498,79,14,7
499,79,14,7
500,79,14,7
501,79,14,7
502,79,14,7
503,79,14,7
504,79,14,7
505,79,14,7
506,79,14,7
507,79,14,7
508,79,14,7
509,79,14,7
510,78,15,7
511,78,15,7
512,78,15,7
513,78,15,7
514,77,16,7
515,77,16,7
516,77,16,7
517,77,16,7
518,77,16,7
519,77,16,7
520,77,16,7
521,77,16,7
522,77,16,7
523,77,16,7
524,77,16,7
525,76,17,7
526,76,17,7
527,76,17,7
528,76,17,7
529,76,17,7
530,76,17,7
531,76,17,7
532,75,18,7
533,75,18,7
534,75,18,7
535,75,18,7
536,75,18,7
537,75,18,7
538,75,18,7
539,74,19,7
540,74,19,7
541,74,18,8
542,74,17,9
543,74,17,9
544,74,17,9
545,74,17,9
546,74,17,9
547,74,16,10
548,74,16,10
549,74,16,10
550,74,16,10
551,74,16,10
552,74,16,10
553,74,16,10
554,74,16,10
555,74,16,10
556,74,15,11
557,74,15,11
558,74,15,11
559,74,15,11
560,74,15,11
561,74,15,11
562,74,15,11
563,74,15,11
564,74,15,11
565,74,15,11
566,74,15,11
567,74,15,11
568,74,15,11
569,74,15,11
570,74,15,11
571,74,15,11
572,73,16,11
573,73,16,11
574,73,16,11
575,73,16,11
576,73,16,11
577,73,16,11
578,73,16,11
579,73,16,11
580,73,15,12
581,73,15,12
582,73,15,12
583,73,15,12
584,73,15,12
585,72,16,12
586,71,17,12
587,71,17,12
588,71,17,12
589,71,17,12
590,71,16,13
591,71,16,13
592,71,16,13
593,71,16,13
594,71,16,13
595,71,16,13
596,70,17,13
597,70,17,13
598,69,18,13
599,69,18,13
600,69,18,13
601,69,18,13
602,69,18,13
603,69,18,13
604,69,18,13
605,69,18,13
606,69,18,13
607,69,18,13
608,69,18,13
609,69,18,13
610,69,18,13
611,69,18,13
612,69,18,13
613,68,19,13
614,68,19,13
615,68,19,13
616,68,19,13
617,68,19,13
618,68,18,14
619,68,18,14
620,68,18,14
621,68,18,14
622,67,19,14
623,67,19,14
624,67,19,14
625,67,19,14
626,67,19,14
627,67,19,14
628,66,20,14
629,66,20,14
630,66,20,14
631,65,21,14
632,65,21,14
633,65,21,14
634,65,21,14
635,65,21,14
636,65,21,14
637,65,21,14
638,65,21,14
639,65,21,14
640,65,21,14
641,65,21,14
642,64,22,14
643,64,22,14
644,64,22,14
645,64,22,14
646,64,22,14
647,64,22,14
648,64,22,14
649,64,22,14
650,64,22,14
651,64,22,14
652,64,22,14
653,64,22,14
654,64,22,14
655,64,22,14
656,64,22,14
657,63,23,14
658,63,22,15
659,63,22,15
660,62,23,15
661,62,23,15
662,62,22,16
663,62,22,16
664,62,22,16
665,62,22,16
666,62,22,16
667,62,22,16
668,62,22,16
669,62,22,16
670,61,23,16
671,61,23,16
672,61,23,16
673,61,23,16
674,61,23,16
675,61,23,16
676,61,23,16
677,61,23,16
678,61,23,16
679,61,23,16
680,61,23,16
681,61,23,16
682,61,23,16
683,61,23,16
684,61,23,16
685,61,23,16
686,61,23,16
687,61,22,17
688,61,22,17
689,61,22,17
690,61,22,17
691,61,22,17
692,61,22,17
693,61,22,17
694,61,22,17
695,61,22,17
696,61,22,17
697,61,22,17
698,61,22,17
699,61,22,17
700,61,22,17
701,61,22,17
702,61,22,17
703,61,22,17
704,61,22,17
705,61,22,17
706,61,22,17
707,59,24,17
708,59,24,17
709,59,23,18
710,59,23,18
711,58,24,18
712,58,23,19
713,58,23,19
714,58,23,19
715,58,23,19
716,58,23,19
717,58,22,20
718,58,22,20
719,58,22,20
720,58,22,20
721,58,22,20
722,58,22,20
723,58,22,20
724,58,22,20
725,58,21,21
726,58,21,21
727,58,21,21
728,58,21,21
729,58,21,21
730,58,21,21
731,58,21,21
732,58,21,21
733,58,21,21
734,58,21,21
735,58,21,21
736,58,20,22
737,58,20,22
738,58,20,22
739,57,21,22
740,57,21,22
741,57,20,23
742,57,20,23
743,57,20,23
744,57,20,23
745,57,20,23
746,57,20,23
747,56,21,23
748,56,21,23
749,56,21,23
750,56,21,23
751,56,21,23
752,55,22,23
753,54,23,23
754,54,23,23
755,54,23,23
756,53,23,24
757,53,23,24
758,53,23,24
759,53,22,25
760,53,22,25
761,53,22,25
762,53,22,25
763,52,23,25
764,51,24,25
765,50,25,25
766,50,25,25
767,50,25,25
768,50,25,25
769,50,25,25
770,50,25,25
771,49,26,25
772,48,27,25
773,48,27,25
774,48,27,25
775,48,27,25
776,48,27,25
777,48,27,25
778,48,27,25
779,48,27,25
780,48,27,25
781,47,28,25
782,46,29,25
783,46,29,25
784,46,29,25
785,46,28,26
786,45,29,26
787,45,29,26
788,45,29,26
789,45,29,26
790,45,29,26
791,45,29,26
792,45,29,26
793,45,29,26
794,45,29,26
795,44,30,26
796,44,30,26
797,44,30,26
798,44,30,26
799,44,30,26
800,44,30,26
801,44,30,26
802,44,30,26
803,44,30,26
804,44,30,26
805,43,31,26
806,43,31,26
807,43,31,26
808,43,30,27
809,43,30,27
810,43,30,27
811,43,30,27
812,43,30,27
813,43,30,27
814,43,30,27
815,43,30,27
816,42,31,27
817,42,31,27
818,42,31,27
819,42,31,27
820,42,31,27
821,42,31,27
822,42,31,27
823,42,31,27
824,42,31,27
825,42,31,27
826,42,31,27
827,42,31,27
828,42,30,28
829,42,30,28
830,42,30,28
831,42,30,28
832,42,29,29
833,42,29,29
834,42,29,29
835,41,30,29
836,41,30,29
837,41,29,30
838,41,29,30
839,41,29,30
840,41,29,30
841,41,28,31
842,41,28,31
843,41,27,32
844,41,27,32
845,41,27,32
846,41,27,32
847,41,27,32
848,40,28,32
849,40,28,32
850,40,28,32
851,40,28,32
852,40,28,32
853,40,28,32
854,39,29,32
855,39,29,32
856,39,29,32
857,39,29,32
858,39,29,32
859,39,29,32
860,39,29,32
861,39,29,32
862,39,29,32
863,39,29,32
864,39,29,32
865,39,29,32
866,39,29,32
867,39,29,32
868,39,29,32
869,39,29,32
870,39,29,32
871,39,29,32
872,39,29,32
873,39,29,32
874,38,30,32
875,38,30,32
876,38,30,32
877,38,28,34
878,38,28,34
879,37,29,34
880,37,29,34
881,37,29,34
882,37,29,34
883,36,30,34
884,36,30,34
885,36,30,34
886,36,30,34
887,35,31,34
888,35,31,34
889,34,32,34
890,34,32,34
891,32,34,34
892,32,34,34
893,32,34,34
894,32,34,34
895,32,34,34
896,32,33,35
897,31,34,35
898,31,34,35
899,31,34,35
900,31,33,36
901,30,34,36
902,30,34,36
903,30,33,37
904,30,33,37
905,30,33,37
906,30,33,37
907,30,33,37
908,30,33,37
909,30,33,37
910,30,33,37
911,30,33,37
912,30,33,37
913,30,33,37
914,29,34,37
915,29,34,37
916,29,34,37
917,28,35,37
918,28,34,38
919,27,35,38
920,27,35,38
921,26,36,38
922,26,36,38
923,25,36,39
924,25,36,39
925,25,36,39
926,25,36,39
927,25,36,39
928,24,37,39
929,24,37,39
930,24,37,39
931,24,37,39
932,24,37,39
933,24,37,39
934,23,38,39
935,23,38,39
936,22,39,39
937,22,39,39
938,22,39,39
939,22,39,39
940,22,39,39
941,22,39,39
942,22,39,39
943,22,39,39
944,22,39,39
945,22,39,39
946,22,39,39
947,22,39,39
948,22,39,39
949,22,39,39
950,21,40,39
951,21,40,39
952,21,40,39
953,21,40,39
954,20,41,39
955,20,41,39
956,20,41,39
957,20,41,39
958,20,41,39
959,20,41,39
960,20,41,39
961,20,41,39
962,20,41,39
963,20,41,39
964,20,41,39
965,20,41,39
966,20,41,39
967,19,42,39
968,19,41,40
969,18,42,40
970,18,42,40
971,18,42,40
972,17,43,40
973,17,43,40
974,17,43,40
975,17,43,40
976,17,43,40
977,17,43,40
978,17,43,40
979,16,44,40
980,15,45,40
981,15,45,40
982,15,45,40
983,14,46,40
984,14,46,40
985,14,46,40
986,14,46,40
987,14,46,40
988,14,46,40
989,14,46,40
990,14,46,40
991,14,46,40
992,14,46,40
993,14,46,40
994,14,45,41
995,14,45,41
996,14,45,41
997,14,45,41
998,14,45,41
999,14,45,41
1000,14,45,41
1001,14,45,41
1002,14,45,41
1003,14,45,41
1004,14,45,41
1005,14,44,42
1006,14,44,42
1007,13,44,43
1008,13,44,43
1009,13,44,43
1010,13,44,43
1011,13,44,43
1012,13,44,43
1013,13,43,44
1014,13,43,44
1015,12,44,44
1016,11,45,44
1017,11,45,44
1018,11,45,44
1019,11,45,44
1020,11,44,45
1021,11,44,45
1022,11,44,45
1023,9,46,45
1024,9,46,45
1025,9,46,45
1026,9,46,45
1027,9,46,45
1028,9,46,45
1029,9,46,45
1030,9,45,46
1031,9,45,46
1032,9,45,46
1033,9,44,47
1034,9,44,47
1035,9,44,47
1036,9,44,47
1037,9,44,47
1038,9,44,47
1039,8,45,47
1040,8,45,47
1041,8,45,47
1042,8,45,47
1043,8,45,47
1044,8,45,47
1045,8,45,47
1046,8,45,47
1047,8,45,47
1048,8,45,47
1049,8,45,47
1050,8,45,47
1051,8,45,47
1052,8,45,47
1053,8,45,47
1054,8,45,47
1055,8,45,47
1056,8,45,47
1057,7,46,47
1058,7,46,47
1059,7,46,47
1060,7,46,47
1061,7,46,47
1062,7,46,47
1063,7,45,48
1064,7,45,48
1065,7,45,48
1066,7,45,48
1067,7,45,48
1068,6,46,48
1069,6,45,49
1070,6,45,49
1071,6,45,49
1072,6,45,49
1073,6,44,50
1074,6,44,50
1075,6,44,50
1076,6,44,50
1077,6,44,50
1078,6,44,50
1079,6,44,50
1080,6,44,50
1081,5,45,50
1082,5,45,50
1083,5,45,50
1084,5,45,50
1085,5,45,50
1086,5,45,50
1087,5,45,50
1088,5,45,50
1089,5,45,50
1090,5,45,50
1091,5,45,50
1092,5,45,50
1093,5,45,50
1094,5,45,50
1095,5,45,50
1096,5,45,50
1097,5,45,50
1098,5,45,50
1099,5,45,50
1100,5,45,50
1101,5,45,50
1102,5,45,50
1103,5,45,50
1104,5,45,50
1105,5,45,50
1106,5,45,50
1107,5,45,50
1108,5,44,51
1109,5,43,52
1110,5,43,52
1111,5,43,52
1112,5,43,52
1113,5,42,53
1114,5,42,53
1115,5,42,53
1116,5,42,53
1117,5,42,53
1118,5,42,53
1119,5,42,53
1120,5,42,53
1121,5,42,53
1122,5,41,54
1123,5,41,54
1124,5,41,54
1125,5,41,54
1126,5,41,54
1127,5,41,54
1128,5,41,54
1129,5,41,54
1130,5,41,54
1131,5,40,55
1132,5,40,55
1133,5,40,55
1134,5,40,55
1135,5,39,56
1136,5,39,56
1137,5,39,56
1138,4,40,56
1139,4,40,56
1140,4,40,56
1141,4,40,56
1142,4,40,56
1143,4,40,56
1144,4,40,56
1145,4,40,56
1146,4,40,56
1147,4,40,56
1148,4,40,56
1149,4,40,56
1150,4,40,56
1151,4,40,56
1152,4,40,56
1153,4,39,57
1154,4,39,57
1155,4,39,57
1156,4,39,57
1157,4,38,58
1158,4,38,58
1159,4,38,58
1160,4,38,58
1161,4,38,58
1162,4,38,58
1163,4,38,58
1164,4,38,58
1165,4,38,58
1166,4,38,58
1167,4,38,58
1168,3,39,58
1169,3,39,58
1170,3,39,58
1171,3,39,58
1172,2,40,58
1173,2,40,58
1174,2,40,58
1175,2,40,58
1176,2,40,58
1177,2,40,58
1178,2,40,58
1179,2,40,58
1180,2,40,58
1181,2,40,58
1182,2,40,58
1183,2,40,58
1184,2,40,58
1185,2,40,58
1186,2,40,58
1187,2,40,58
1188,2,40,58
1189,2,40,58
1190,2,40,58
1191,2,40,58
1192,2,40,58
1193,2,40,58
1194,2,40,58
1195,2,40,58
1196,2,40,58
1197,2,40,58
1198,2,40,58
1199,2,40,58
1200,2,39,59
1201,2,39,59
1202,1,40,59
1203,1,39,60
1204,1,39,60
1205,1,39,60
1206,1,39,60
1207,1,39,60
1208,1,38,61
1209,1,38,61
1210,1,38,61
1211,1,38,61
1212,1,38,61
1213,1,38,61
1214,1,38,61
1215,1,38,61
1216,1,38,61
1217,1,38,61
1218,1,38,61
1219,1,38,61
1220,1,38,61
1221,1,38,61
1222,1,38,61
1223,1,38,61
1224,1,38,61
1225,1,38,61
1226,1,38,61
1227,1,38,61
1228,1,38,61
1229,1,38,61
1230,1,38,61
1231,1,38,61
1232,1,38,61
1233,1,38,61
1234,1,38,61
1235,1,38,61
1236,1,38,61
1237,1,38,61
1238,1,38,61
1239,1,38,61
1240,1,38,61
1241,1,38,61
1242,1,38,61
1243,1,38,61
1244,1,38,61
1245,1,38,61
1246,1,37,62
1247,1,37,62
1248,1,36,63
1249,1,36,63
1250,1,36,63
1251,1,36,63
1252,1,36,63
1253,1,36,63
1254,1,36,63
1255,1,36,63
1256,1,36,63
1257,1,36,63
1258,1,34,65
1259,1,34,65
1260,1,33,66
1261,1,33,66
1262,1,32,67
1263,1,32,67
1264,1,32,67
1265,1,32,67
1266,1,32,67
1267,1,32,67
1268,1,32,67
1269,1,32,67
1270,1,32,67
1271,1,32,67
1272,1,32,67
1273,1,32,67
1274,1,32,67
1275,1,32,67
1276,1,32,67
1277,1,32,67
1278,1,32,67
1279,1,32,67
1280,1,31,68
1281,1,31,68
1282,1,31,68
1283,1,31,68
1284,1,30,69
1285,1,30,69
1286,1,30,69
1287,1,30,69
1288,1,30,69
1289,1,30,69
1290,1,30,69
1291,1,30,69
1292,1,30,69
1293,1,30,69
1294,1,30,69
1295,1,30,69
1296,1,30,69
1297,1,29,70
1298,1,29,70
1299,1,29,70
1300,1,29,70
1301,1,29,70
1302,1,29,70
1303,1,29,70
1304,1,28,71
1305,1,28,71
1306,1,28,71
1307,1,28,71
1308,1,28,71
1309,1,28,71
1310,1,28,71
1311,1,28,71
1312,1,28,71
1313,1,28,71
1314,1,28,71
1315,1,28,71
1316,1,28,71
1317,1,28,71
1318,1,28,71
1319,1,28,71
1320,1,28,71
1321,1,28,71
1322,1,28,71
1323,1,28,71
1324,1,28,71
1325,1,28,71
1326,1,28,71
1327,1,28,71
1328,1,28,71
1329,1,28,71
1330,1,28,71
1331,1,28,71
1332,1,28,71
1333,0,29,71
1334,0,29,71
1335,0,29,71
1336,0,29,71
1337,0,29,71
1338,0,29,71
1339,0,29,71
1340,0,28,72
1341,0,28,72
1342,0,28,72
1343,0,27,73
1344,0,27,73
1345,0,27,73
1346,0,27,73
1347,0,27,73
1348,0,27,73
1349,0,27,73
1350,0,27,73
1351,0,27,73
1352,0,27,73
1353,0,27,73
1354,0,27,73
1355,0,27,73
1356,0,27,73
1357,0,27,73
1358,0,27,73
1359,0,27,73
1360,0,27,73
1361,0,27,73
1362,0,27,73
1363,0,27,73
1364,0,27,73
1365,0,27,73
1366,0,27,73
1367,0,27,73
1368,0,27,73
1369,0,27,73
1370,0,27,73
1371,0,27,73
1372,0,27,73
1373,0,27,73
1374,0,27,73
1375,0,27,73
1376,0,27,73
1377,0,27,73
1378,0,27,73
1379,0,26,74
1380,0,26,74
1381,0,26,74
1382,0,26,74
1383,0,26,74
1384,0,26,74
1385,0,26,74
1386,0,26,74
1387,0,26,74
1388,0,26,74
1389,0,26,74
1390,0,26,74
1391,0,26,74
1392,0,26,74
1393,0,26,74
1394,0,26,74
1395,0,26,74
1396,0,26,74
1397,0,26,74
1398,0,26,74
1399,0,26,74
1400,0,26,74
1401,0,25,75
1402,0,25,75
1403,0,25,75
1404,0,25,75
1405,0,25,75
1406,0,25,75
1407,0,25,75
1408,0,25,75
1409,0,25,75
1410,0,25,75
1411,0,25,75
1412,0,25,75
1413,0,25,75
1414,0,25,75
1415,0,25,75
1416,0,25,75
1417,0,25,75
1418,0,25,75
1419,0,25,75
1420,0,25,75
1421,0,25,75
1422,0,25,75
1423,0,25,75
1424,0,25,75
1425,0,25,75
1426,0,25,75
1427,0,24,76
1428,0,24,76
1429,0,24,76
1430,0,24,76
1431,0,24,76
1432,0,24,76
1433,0,24,76
1434,0,24,76
1435,0,24,76
1436,0,24,76
1437,0,24,76
1438,0,24,76
1439,0,24,76
1440,0,24,76
1441,0,24,76
1442,0,24,76
1443,0,24,76
1444,0,24,76
1445,0,24,76
1446,0,24,76
1447,0,24,76
1448,0,24,76
1449,0,24,76
1450,0,24,76
1451,0,24,76
1452,0,23,77
1453,0,23,77
1454,0,23,77
1455,0,23,77
1456,0,23,77
1457,0,23,77
1458,0,23,77
1459,0,23,77
1460,0,23,77
1461,0,23,77
1462,0,22,78
1463,0,22,78
1464,0,22,78
1465,0,22,78
1466,0,22,78
1467,0,22,78
1468,0,22,78
1469,0,22,78
1470,0,22,78
1471,0,22,78
1472,0,22,78
1473,0,22,78
1474,0,22,78
1475,0,22,78
1476,0,22,78
1477,0,22,78
1478,0,22,78
1479,0,22,78
1480,0,22,78
1481,0,22,78
1482,0,22,78
1483,0,22,78
1484,0,22,78
1485,0,22,78
1486,0,21,79
1487,0,21,79
1488,0,21,79
1489,0,21,79
1490,0,21,79
1491,0,21,79
1492,0,21,79
1493,0,21,79
1494,0,20,80
1495,0,20,80
1496,0,20,80
1497,0,20,80
1498,0,20,80
1499,0,20,80
1500,0,20,80
1501,0,20,80
1502,0,20,80
1503,0,20,80
1504,0,20,80
1505,0,20,80
1506,0,20,80
1507,0,20,80
1508,0,20,80
1509,0,20,80
1510,0,20,80
1511,0,20,80
1512,0,20,80
1513,0,20,80
1514,0,20,80
1515,0,20,80
1516,0,20,80
1517,0,20,80
1518,0,20,80
1519,0,20,80
1520,0,20,80
1521,0,20,80
1522,0,20,80
1523,0,20,80
1524,0,20,80
1525,0,20,80
1526,0,20,80
1527,0,20,80
1528,0,20,80
1529,0,20,80
1530,0,20,80
1531,0,20,80
1532,0,20,80
1533,0,20,80
1534,0,20,80
1535,0,20,80
1536,0,19,81
1537,0,19,81
1538,0,19,81
1539,0,19,81
1540,0,19,81
1541,0,19,81
1542,0,19,81
1543,0,19,81
1544,0,19,81
1545,0,19,81
1546,0,19,81
1547,0,19,81
1548,0,19,81
1549,0,19,81
1550,0,19,81
1551,0,19,81
1552,0,19,81
1553,0,19,81
1554,0,19,81
1555,0,19,81
1556,0,18,82
1557,0,18,82
1558,0,18,82
1559,0,18,82
1560,0,18,82
1561,0,18,82
1562,0,18,82
1563,0,18,82
1564,0,18,82
1565,0,18,82
1566,0,18,82
1567,0,18,82
1568,0,18,82
1569,0,18,82
1570,0,18,82
1571,0,18,82
1572,0,18,82
1573,0,18,82
1574,0,18,82
1575,0,18,82
1576,0,18,82
1577,0,18,82
1578,0,18,82
1579,0,18,82
1580,0,18,82
1581,0,18,82
1582,0,18,82
1583,0,18,82
1584,0,18,82
1585,0,17,83
1586,0,17,83
1587,0,17,83
1588,0,17,83
1589,0,17,83
1590,0,17,83
1591,0,17,83
1592,0,17,83
1593,0,17,83
1594,0,17,83
1595,0,17,83
1596,0,17,83
1597,0,17,83
1598,0,17,83
1599,0,17,83
1600,0,17,83
1601,0,17,83
1602,0,17,83
1603,0,16,84
1604,0,16,84
1605,0,16,84
1606,0,15,85
1607,0,15,85
1608,0,15,85
1609,0,15,85
1610,0,15,85
1611,0,15,85
1612,0,15,85
1613,0,15,85
1614,0,15,85
1615,0,15,85
1616,0,15,85
1617,0,15,85
1618,0,15,85
1619,0,15,85
1620,0,15,85
1621,0,15,85
1622,0,15,85
1623,0,15,85
1624,0,15,85
1625,0,15,85
1626,0,15,85
1627,0,15,85
1628,0,15,85
1629,0,15,85
1630,0,15,85
1631,0,15,85
1632,0,15,85
1633,0,14,86
1634,0,14,86
1635,0,14,86
1636,0,14,86
1637,0,14,86
1638,0,14,86
1639,0,14,86
1640,0,14,86
1641,0,14,86
1642,0,14,86
1643,0,14,86
1644,0,14,86
1645,0,14,86
1646,0,14,86
1647,0,14,86
1648,0,14,86
1649,0,14,86
1650,0,14,86
1651,0,14,86
1652,0,14,86
1653,0,14,86
1654,0,14,86
1655,0,14,86
1656,0,14,86
1657,0,14,86
1658,0,14,86
1659,0,14,86
1660,0,14,86
1661,0,14,86
1662,0,14,86
1663,0,14,86
1664,0,14,86
1665,0,14,86
1666,0,14,86
1667,0,14,86
1668,0,14,86
1669,0,14,86
1670,0,14,86
1671,0,14,86
1672,0,14,86
1673,0,14,86
1674,0,14,86
1675,0,14,86
1676,0,14,86
1677,0,14,86
1678,0,14,86
1679,0,14,86
1680,0,14,86
1681,0,14,86
1682,0,14,86
1683,0,14,86
1684,0,13,87
1685,0,13,87
1686,0,13,87
1687,0,13,87
1688,0,13,87
1689,0,13,87
1690,0,13,87
1691,0,13,87
1692,0,13,87
1693,0,13,87
1694,0,13,87
1695,0,13,87
1696,0,13,87
1697,0,13,87
1698,0,13,87
1699,0,13,87
1700,0,13,87
1701,0,13,87
1702,0,13,87
1703,0,13,87
1704,0,13,87
1705,0,13,87
1706,0,13,87
1707,0,13,87
1708,0,13,87
1709,0,13,87
1710,0,13,87
1711,0,13,87
1712,0,13,87
1713,0,13,87
1714,0,13,87
1715,0,13,87
1716,0,13,87
1717,0,13,87
1718,0,13,87
1719,0,13,87
1720,0,13,87
1721,0,13,87
1722,0,13,87
1723,0,13,87
1724,0,13,87
1725,0,13,87
1726,0,13,87
1727,0,13,87
1728,0,13,87
1729,0,13,87
1730,0,13,87
1731,0,13,87
1732,0,13,87
1733,0,13,87
1734,0,13,87
1735,0,13,87
1736,0,13,87
1737,0,13,87
1738,0,13,87
1739,0,13,87
1740,0,13,87
1741,0,13,87
1742,0,13,87
1743,0,13,87
1744,0,13,87
1745,0,13,87
1746,0,13,87
1747,0,13,87
1748,0,13,87
1749,0,13,87
1750,0,13,87
1751,0,13,87
1752,0,13,87
1753,0,13,87
1754,0,13,87
1755,0,13,87
1756,0,13,87
1757,0,13,87
1758,0,13,87
1759,0,13,87
1760,0,13,87
1761,0,13,87
1762,0,13,87
1763,0,13,87
1764,0,13,87
1765,0,13,87
1766,0,13,87
1767,0,13,87
1768,0,13,87
1769,0,13,87
1770,0,13,87
1771,0,13,87
1772,0,13,87
1773,0,13,87
1774,0,13,87
1775,0,13,87
1776,0,13,87
1777,0,13,87
1778,0,13,87
1779,0,13,87
1780,0,13,87
1781,0,13,87
1782,0,13,87
1783,0,13,87
1784,0,13,87
1785,0,13,87
1786,0,13,87
1787,0,13,87
1788,0,13,87
1789,0,13,87
1790,0,13,87
1791,0,13,87
1792,0,13,87
1793,0,13,87
1794,0,13,87
1795,0,13,87
1796,0,13,87
1797,0,13,87
1798,0,13,87
1799,0,13,87
1800,0,13,87
1801,0,13,87
1802,0,13,87
1803,0,13,87
1804,0,13,87
1805,0,13,87
1806,0,13,87
1807,0,13,87
1808,0,13,87
1809,0,13,87
1810,0,13,87
1811,0,13,87
1812,0,12,88
1813,0,12,88
1814,0,12,88
1815,0,12,88
1816,0,12,88
1817,0,12,88
1818,0,12,88
1819,0,11,89
1820,0,11,89
1821,0,11,89
1822,0,11,89
1823,0,11,89
1824,0,11,89
1825,0,11,89
1826,0,11,89
1827,0,11,89
1828,0,11,89
1829,0,11,89
1830,0,11,89
1831,0,11,89
1832,0,11,89
1833,0,11,89
1834,0,11,89
1835,0,11,89
1836,0,11,89
1837,0,11,89
1838,0,11,89
1839,0,11,89
1840,0,11,89
1841,0,11,89
1842,0,11,89
1843,0,11,89
1844,0,11,89
1845,0,11,89
1846,0,11,89
1847,0,11,89
1848,0,11,89
1849,0,11,89
1850,0,11,89
1851,0,11,89
1852,0,11,89
1853,0,11,89
1854,0,11,89
1855,0,11,89
1856,0,11,89
1857,0,11,89
1858,0,11,89
1859,0,11,89
1860,0,11,89
1861,0,11,89
1862,0,11,89
1863,0,11,89
1864,0,11,89
1865,0,11,89
1866,0,11,89
1867,0,11,89
1868,0,11,89
1869,0,11,89
1870,0,11,89
1871,0,11,89
1872,0,11,89
1873,0,11,89
1874,0,11,89
1875,0,11,89
1876,0,11,89
1877,0,11,89
1878,0,11,89
1879,0,11,89
1880,0,11,89
1881,0,11,89
1882,0,11,89
1883,0,11,89
1884,0,11,89
1885,0,11,89
1886,0,11,89
1887,0,11,89
1888,0,11,89
1889,0,11,89
1890,0,11,89
1891,0,11,89
1892,0,11,89
1893,0,11,89
1894,0,11,89
1895,0,11,89
1896,0,11,89
1897,0,11,89
1898,0,11,89
1899,0,11,89
1900,0,11,89
1901,0,11,89
1902,0,11,89
1903,0,11,89
1904,0,11,89
1905,0,11,89
1906,0,11,89
1907,0,11,89
1908,0,11,89
1909,0,11,89
1910,0,11,89
1911,0,11,89
1912,0,11,89
1913,0,11,89
1914,0,11,89
1915,0,10,90
1916,0,10,90
1917,0,10,90
1918,0,10,90
1919,0,10,90
1920,0,10,90
1921,0,10,90
1922,0,10,90
1923,0,10,90
1924,0,10,90
1925,0,10,90
1926,0,10,90
1927,0,10,90
1928,0,10,90
1929,0,10,90
1930,0,10,90
1931,0,10,90
1932,0,10,90
1933,0,10,90
1934,0,10,90
1935,0,10,90
1936,0,10,90
1937,0,10,90
1938,0,10,90
1939,0,10,90
1940,0,10,90
1941,0,10,90
1942,0,10,90
1943,0,10,90
1944,0,10,90
1945,0,10,90
1946,0,10,90
1947,0,10,90
1948,0,10,90
1949,0,10,90
1950,0,10,90
1951,0,10,90
1952,0,10,90
1953,0,10,90
1954,0,10,90
1955,0,10,90
1956,0,10,90
1957,0,10,90
1958,0,10,90
1959,0,10,90
1960,0,10,90
1961,0,10,90
1962,0,10,90
1963,0,10,90
1964,0,10,90
1965,0,10,90
1966,0,10,90
1967,0,10,90
1968,0,10,90
1969,0,10,90
1970,0,10,90
1971,0,10,90
1972,0,10,90
1973,0,10,90
1974,0,10,90
1975,0,10,90
1976,0,10,90
1977,0,10,90
1978,0,10,90
1979,0,10,90
1980,0,10,90
1981,0,10,90
1982,0,10,90
1983,0,10,90
1984,0,10,90
1985,0,10,90
1986,0,10,90
1987,0,9,91
1988,0,9,91
1989,0,9,91
1990,0,9,91
1991,0,9,91
1992,0,9,91
1993,0,9,91
1994,0,9,91
1995,0,9,91
1996,0,9,91
1997,0,9,91
1998,0,9,91
1999,0,9,91
2000,0,9,91
2001,0,9,91
2002,0,9,91
2003,0,9,91
2004,0,9,91
2005,0,9,91
2006,0,9,91
2007,0,9,91
2008,0,9,91
2009,0,9,91
2010,0,9,91
2011,0,9,91
2012,0,9,91
2013,0,8,92
2014,0,8,92
2015,0,8,92
2016,0,8,92
2017,0,8,92
2018,0,8,92
2019,0,8,92
2020,0,8,92
2021,0,8,92
2022,0,8,92
2023,0,8,92
2024,0,8,92
2025,0,8,92
2026,0,8,92
2027,0,8,92
2028,0,8,92
2029,0,8,92
2030,0,8,92
2031,0,8,92
2032,0,8,92
2033,0,8,92
2034,0,8,92
2035,0,8,92
2036,0,8,92
2037,0,8,92
2038,0,8,92
2039,0,8,92
2040,0,8,92
2041,0,8,92
2042,0,8,92
2043,0,8,92
2044,0,8,92
2045,0,8,92
2046,0,8,92
2047,0,8,92
2048,0,8,92
2049,0,8,92
2050,0,8,92
2051,0,8,92
2052,0,8,92
2053,0,8,92
2054,0,8,92
2055,0,8,92
2056,0,8,92
2057,0,8,92
2058,0,8,92
2059,0,8,92
2060,0,8,92
2061,0,8,92
2062,0,8,92
2063,0,8,92
2064,0,8,92
2065,0,8,92
2066,0,8,92
2067,0,8,92
2068,0,8,92
2069,0,8,92
2070,0,8,92
2071,0,8,92
2072,0,8,92
2073,0,8,92
2074,0,8,92
2075,0,8,92
2076,0,8,92
2077,0,8,92
2078,0,8,92
2079,0,8,92
2080,0,8,92
2081,0,8,92
2082,0,8,92
2083,0,8,92
2084,0,8,92
2085,0,8,92
2086,0,8,92
2087,0,8,92
2088,0,7,93
2089,0,7,93
2090,0,7,93
2091,0,7,93
2092,0,7,93
2093,0,7,93
2094,0,7,93
2095,0,7,93
2096,0,7,93
2097,0,7,93
2098,0,7,93
2099,0,7,93
2100,0,7,93
2101,0,7,93
2102,0,7,93
2103,0,7,93
2104,0,7,93
2105,0,7,93
2106,0,7,93
2107,0,7,93
2108,0,7,93
2109,0,7,93
2110,0,7,93
2111,0,7,93
2112,0,7,93
2113,0,7,93
2114,0,7,93
2115,0,7,93
2116,0,7,93
2117,0,7,93
2118,0,7,93
2119,0,7,93
2120,0,7,93
2121,0,7,93
2122,0,7,93
2123,0,7,93
2124,0,6,94
2125,0,6,94
2126,0,6,94
2127,0,6,94
2128,0,6,94
2129,0,6,94
2130,0,6,94
2131,0,6,94
2132,0,6,94
2133,0,6,94
2134,0,6,94
2135,0,5,95
2136,0,5,95
2137,0,5,95
2138,0,5,95
2139,0,5,95
2140,0,5,95
2141,0,5,95
2142,0,5,95
2143,0,5,95
2144,0,5,95
2145,0,5,95
2146,0,5,95
2147,0,5,95
2148,0,5,95
2149,0,5,95
2150,0,5,95
2151,0,5,95
2152,0,5,95
2153,0,5,95
2154,0,5,95
2155,0,5,95
2156,0,5,95
2157,0,5,95
2158,0,5,95
2159,0,5,95
2160,0,5,95
2161,0,5,95
2162,0,5,95
2163,0,5,95
2164,0,5,95
2165,0,5,95
2166,0,5,95
2167,0,5,95
2168,0,5,95
2169,0,5,95
2170,0,5,95
2171,0,5,95
2172,0,5,95
2173,0,5,95
2174,0,5,95
2175,0,5,95
2176,0,5,95
2177,0,5,95
2178,0,5,95
2179,0,5,95
2180,0,5,95
2181,0,5,95
2182,0,5,95
2183,0,5,95
2184,0,5,95
2185,0,5,95
2186,0,5,95
2187,0,5,95
2188,0,5,95
2189,0,5,95
2190,0,5,95
2191,0,5,95
2192,0,5,95
2193,0,5,95
2194,0,5,95
2195,0,5,95
2196,0,5,95
2197,0,5,95
2198,0,5,95
2199,0,5,95
2200,0,5,95
2201,0,5,95
2202,0,5,95
2203,0,5,95
2204,0,5,95
2205,0,5,95
2206,0,5,95
2207,0,5,95
2208,0,5,95
2209,0,5,95
2210,0,5,95
2211,0,5,95
2212,0,5,95
2213,0,5,95
2214,0,5,95
2215,0,5,95
2216,0,5,95
2217,0,5,95
2218,0,5,95
2219,0,5,95
2220,0,5,95
2221,0,5,95
2222,0,5,95
2223,0,5,95
2224,0,5,95
2225,0,5,95
2226,0,5,95
2227,0,5,95
2228,0,5,95
2229,0,5,95
2230,0,5,95
2231,0,5,95
2232,0,5,95
2233,0,5,95
2234,0,5,95
2235,0,5,95
2236,0,5,95
2237,0,5,95
2238,0,5,95
2239,0,5,95
2240,0,5,95
2241,0,5,95
2242,0,5,95
2243,0,5,95
2244,0,5,95
2245,0,5,95
2246,0,5,95
2247,0,5,95
2248,0,5,95
2249,0,5,95
2250,0,5,95
2251,0,5,95
2252,0,5,95
2253,0,5,95
2254,0,5,95
2255,0,5,95
2256,0,5,95
2257,0,5,95
2258,0,5,95
2259,0,5,95
2260,0,5,95
2261,0,5,95
2262,0,5,95
2263,0,5,95
2264,0,5,95
2265,0,5,95
2266,0,5,95
2267,0,5,95
2268,0,5,95
2269,0,5,95
2270,0,5,95
2271,0,5,95
2272,0,5,95
2273,0,5,95
2274,0,5,95
2275,0,5,95
2276,0,5,95
2277,0,5,95
2278,0,5,95
2279,0,5,95
2280,0,5,95
2281,0,5,95
2282,0,5,95
2283,0,5,95
2284,0,5,95
2285,0,5,95
2286,0,5,95
2287,0,5,95
2288,0,5,95
2289,0,5,95
2290,0,5,95
2291,0,5,95
2292,0,5,95
2293,0,5,95
2294,0,5,95
2295,0,5,95
2296,0,5,95
2297,0,5,95
2298,0,5,95
2299,0,5,95
2300,0,5,95
2301,0,5,95
2302,0,5,95
2303,0,5,95
2304,0,5,95
2305,0,5,95
2306,0,5,95
2307,0,5,95
2308,0,5,95
2309,0,5,95
2310,0,5,95
2311,0,5,95
2312,0,5,95
2313,0,5,95
2314,0,5,95
2315,0,5,95
2316,0,5,95
2317,0,5,95
2318,0,5,95
2319,0,5,95
2320,0,5,95
2321,0,5,95
2322,0,5,95
2323,0,5,95
2324,0,5,95
2325,0,5,95
2326,0,5,95
2327,0,5,95
2328,0,5,95
2329,0,5,95
2330,0,5,95
2331,0,5,95
2332,0,5,95
2333,0,5,95
2334,0,5,95
2335,0,5,95
2336,0,5,95
2337,0,5,95
2338,0,5,95
2339,0,5,95
2340,0,5,95
2341,0,5,95
2342,0,5,95
2343,0,5,95
2344,0,5,95
2345,0,5,95
2346,0,5,95
2347,0,5,95
2348,0,5,95
2349,0,5,95
2350,0,5,95
2351,0,5,95
2352,0,5,95
2353,0,5,95
2354,0,5,95
2355,0,5,95
2356,0,5,95
2357,0,5,95
2358,0,5,95
2359,0,5,95
2360,0,5,95
2361,0,5,95
2362,0,5,95
2363,0,5,95
2364,0,5,95
2365,0,5,95
2366,0,5,95
2367,0,5,95
2368,0,5,95
2369,0,5,95
2370,0,5,95
2371,0,5,95
2372,0,5,95
2373,0,5,95
2374,0,5,95
2375,0,5,95
2376,0,5,95
2377,0,5,95
2378,0,5,95
2379,0,5,95
2380,0,5,95
2381,0,5,95
2382,0,5,95
2383,0,5,95
2384,0,5,95
2385,0,5,95
2386,0,5,95
2387,0,5,95
2388,0,5,95
2389,0,5,95
2390,0,5,95
2391,0,5,95
2392,0,5,95
2393,0,5,95
2394,0,5,95
2395,0,5,95
2396,0,5,95
2397,0,5,95
2398,0,5,95
2399,0,5,95
2400,0,5,95
2401,0,5,95
2402,0,5,95
2403,0,5,95
2404,0,5,95
2405,0,5,95
2406,0,5,95
2407,0,5,95
2408,0,5,95
2409,0,5,95
2410,0,5,95
2411,0,5,95
2412,0,5,95
2413,0,5,95
2414,0,5,95
2415,0,5,95
2416,0,5,95
2417,0,5,95
2418,0,5,95
2419,0,5,95
2420,0,5,95
2421,0,5,95
2422,0,5,95
2423,0,5,95
2424,0,5,95
2425,0,5,95
2426,0,5,95
2427,0,5,95
2428,0,5,95
2429,0,5,95
2430,0,5,95
2431,0,5,95
2432,0,5,95
2433,0,5,95
2434,0,5,95
2435,0,5,95
2436,0,4,96
2437,0,4,96
2438,0,4,96
2439,0,4,96
2440,0,4,96
2441,0,4,96
2442,0,4,96
2443,0,4,96
2444,0,4,96
2445,0,4,96
2446,0,4,96
2447,0,4,96
2448,0,4,96
2449,0,4,96
2450,0,4,96
2451,0,4,96
2452,0,4,96
2453,0,4,96
2454,0,4,96
2455,0,4,96
2456,0,4,96
2457,0,4,96
2458,0,4,96
2459,0,4,96
2460,0,4,96
2461,0,4,96
2462,0,4,96
2463,0,4,96
2464,0,4,96
2465,0,4,96
2466,0,4,96
2467,0,4,96
2468,0,4,96
2469,0,4,96
2470,0,4,96
2471,0,4,96
2472,0,4,96
2473,0,4,96
2474,0,4,96
2475,0,4,96
2476,0,4,96
2477,0,4,96
2478,0,4,96
2479,0,4,96
2480,0,4,96
2481,0,4,96
2482,0,4,96
2483,0,4,96
2484,0,4,96
2485,0,4,96
2486,0,4,96
2487,0,4,96
2488,0,4,96
2489,0,4,96
2490,0,4,96
2491,0,4,96
2492,0,4,96
2493,0,4,96
2494,0,4,96
2495,0,4,96
2496,0,4,96
2497,0,4,96
2498,0,4,96
2499,0,4,96
2500,0,4,96
2501,0,4,96
2502,0,4,96
2503,0,4,96
2504,0,4,96
2505,0,4,96
2506,0,4,96
2507,0,4,96
2508,0,4,96
2509,0,4,96
2510,0,4,96
2511,0,4,96
2512,0,4,96
2513,0,4,96
2514,0,4,96
2515,0,4,96
2516,0,4,96
2517,0,4,96
2518,0,4,96
2519,0,4,96
2520,0,4,96
2521,0,4,96
2522,0,4,96
2523,0,4,96
2524,0,4,96
2525,0,4,96
2526,0,4,96
2527,0,4,96
2528,0,4,96
2529,0,4,96
2530,0,4,96
2531,0,4,96
2532,0,4,96
2533,0,4,96
2534,0,4,96
2535,0,4,96
2536,0,4,96
2537,0,4,96
2538,0,4,96
2539,0,4,96
2540,0,4,96
2541,0,4,96
2542,0,4,96
2543,0,4,96
2544,0,4,96
2545,0,4,96
2546,0,4,96
2547,0,4,96
2548,0,4,96
2549,0,4,96
2550,0,4,96
2551,0,4,96
2552,0,4,96
2553,0,4,96
2554,0,4,96
2555,0,4,96
2556,0,4,96
2557,0,4,96
2558,0,4,96
2559,0,4,96
2560,0,4,96
2561,0,4,96
2562,0,4,96
2563,0,4,96
2564,0,4,96
2565,0,4,96
2566,0,4,96
2567,0,4,96
2568,0,4,96
2569,0,4,96
2570,0,4,96
2571,0,4,96
2572,0,4,96
2573,0,4,96
2574,0,4,96
2575,0,4,96
2576,0,4,96
2577,0,4,96
2578,0,4,96
2579,0,4,96
2580,0,4,96
2581,0,4,96
2582,0,4,96
2583,0,4,96
2584,0,4,96
2585,0,4,96
2586,0,4,96
2587,0,4,96
2588,0,4,96
2589,0,4,96
2590,0,4,96
2591,0,4,96
2592,0,4,96
2593,0,4,96
2594,0,4,96
2595,0,4,96
2596,0,4,96
2597,0,4,96
2598,0,4,96
2599,0,4,96
2600,0,4,96
2601,0,4,96
2602,0,4,96
2603,0,4,96
2604,0,4,96
2605,0,4,96
2606,0,4,96
2607,0,4,96
2608,0,4,96
2609,0,4,96
2610,0,4,96
2611,0,4,96
2612,0,4,96
2613,0,4,96
2614,0,4,96
2615,0,4,96
2616,0,4,96
2617,0,4,96
2618,0,4,96
2619,0,4,96
2620,0,4,96
2621,0,4,96
2622,0,4,96
2623,0,4,96
2624,0,4,96
2625,0,4,96
2626,0,4,96
2627,0,4,96
2628,0,4,96
2629,0,4,96
2630,0,4,96
2631,0,4,96
2632,0,4,96
2633,0,4,96
2634,0,3,97
2635,0,3,97
2636,0,3,97
2637,0,3,97
2638,0,3,97
2639,0,3,97
2640,0,3,97
2641,0,3,97
2642,0,3,97
2643,0,3,97
2644,0,3,97
2645,0,3,97
2646,0,3,97
2647,0,3,97
2648,0,3,97
2649,0,3,97
2650,0,3,97
2651,0,3,97
2652,0,3,97
2653,0,3,97
2654,0,3,97
2655,0,3,97
2656,0,3,97
2657,0,3,97
2658,0,3,97
2659,0,3,97
2660,0,3,97
2661,0,3,97
2662,0,3,97
2663,0,3,97
2664,0,3,97
2665,0,3,97
2666,0,3,97
2667,0,3,97
2668,0,3,97
2669,0,3,97
2670,0,3,97
2671,0,3,97
2672,0,3,97
2673,0,3,97
2674,0,3,97
2675,0,3,97
2676,0,3,97
2677,0,3,97
2678,0,3,97
2679,0,3,97
2680,0,3,97
2681,0,3,97
2682,0,3,97
2683,0,3,97
2684,0,3,97
2685,0,3,97
2686,0,3,97
2687,0,3,97
2688,0,3,97
2689,0,3,97
2690,0,3,97
2691,0,3,97
2692,0,3,97
2693,0,3,97
2694,0,3,97
2695,0,3,97
2696,0,3,97
2697,0,3,97
2698,0,3,97
2699,0,3,97
2700,0,3,97
2701,0,3,97
2702,0,3,97
2703,0,3,97
2704,0,3,97
2705,0,3,97
2706,0,3,97
2707,0,3,97
2708,0,3,97
2709,0,3,97
2710,0,3,97
2711,0,3,97
2712,0,3,97
2713,0,3,97
2714,0,3,97
2715,0,3,97
2716,0,3,97
2717,0,3,97
2718,0,3,97
2719,0,3,97
2720,0,3,97
2721,0,3,97
2722,0,3,97
2723,0,3,97
2724,0,3,97
2725,0,3,97
2726,0,3,97
2727,0,3,97
2728,0,3,97
2729,0,3,97
2730,0,3,97
2731,0,3,97
2732,0,3,97
2733,0,3,97
2734,0,3,97
2735,0,3,97
2736,0,3,97
2737,0,3,97
2738,0,3,97
2739,0,3,97
2740,0,3,97
2741,0,3,97
2742,0,3,97
2743,0,3,97
2744,0,3,97
2745,0,3,97
2746,0,3,97
2747,0,3,97
2748,0,3,97
2749,0,3,97
2750,0,3,97
2751,0,3,97
2752,0,3,97
2753,0,3,97
2754,0,3,97
2755,0,3,97
2756,0,3,97
2757,0,3,97
2758,0,3,97
2759,0,3,97
2760,0,3,97
2761,0,3,97
2762,0,3,97
2763,0,3,97
2764,0,3,97
2765,0,3,97
2766,0,3,97
2767,0,3,97
2768,0,3,97
2769,0,3,97
2770,0,3,97
2771,0,3,97
2772,0,3,97
2773,0,3,97
2774,0,3,97
2775,0,3,97
2776,0,3,97
2777,0,3,97
2778,0,3,97
2779,0,3,97
2780,0,3,97
2781,0,3,97
2782,0,3,97
2783,0,3,97
2784,0,3,97
2785,0,3,97
2786,0,3,97
2787,0,3,97
2788,0,3,97
2789,0,3,97
2790,0,3,97
2791,0,3,97
2792,0,3,97
2793,0,3,97
2794,0,3,97
2795,0,3,97
2796,0,3,97
2797,0,3,97
2798,0,3,97
2799,0,3,97
2800,0,3,97
2801,0,3,97
2802,0,3,97
2803,0,3,97
2804,0,3,97
2805,0,3,97
2806,0,3,97
2807,0,3,97
2808,0,3,97
2809,0,3,97
2810,0,3,97
2811,0,3,97
2812,0,3,97
2813,0,3,97
2814,0,3,97
2815,0,3,97
2816,0,3,97
2817,0,3,97
2818,0,3,97
2819,0,3,97
2820,0,3,97
2821,0,3,97
2822,0,3,97
2823,0,3,97
2824,0,3,97
2825,0,3,97
2826,0,3,97
2827,0,3,97
2828,0,3,97
2829,0,3,97
2830,0,3,97
2831,0,3,97
2832,0,3,97
2833,0,3,97
2834,0,3,97
2835,0,3,97
2836,0,3,97
2837,0,3,97
2838,0,3,97
2839,0,3,97
2840,0,3,97
2841,0,3,97
2842,0,3,97
2843,0,2,98
2844,0,2,98
2845,0,2,98
2846,0,2,98
2847,0,2,98
2848,0,2,98
2849,0,2,98
2850,0,2,98
2851,0,2,98
2852,0,2,98
2853,0,2,98
2854,0,2,98
2855,0,2,98
2856,0,2,98
2857,0,2,98
2858,0,2,98
2859,0,2,98
2860,0,2,98
2861,0,2,98
2862,0,2,98
2863,0,2,98
2864,0,2,98
2865,0,2,98
2866,0,2,98
2867,0,2,98
2868,0,2,98
2869,0,2,98
2870,0,2,98
2871,0,2,98
2872,0,2,98
2873,0,2,98
2874,0,2,98
2875,0,2,98
2876,0,2,98
2877,0,2,98
2878,0,2,98
2879,0,2,98
2880,0,2,98
2881,0,2,98
2882,0,2,98
2883,0,2,98
2884,0,2,98
2885,0,1,99
2886,0,1,99
2887,0,1,99
2888,0,1,99
2889,0,1,99
2890,0,1,99
2891,0,1,99
2892,0,1,99
2893,0,1,99
2894,0,1,99
2895,0,1,99
2896,0,1,99
2897,0,1,99
2898,0,1,99
2899,0,1,99
2900,0,1,99
2901,0,1,99
2902,0,1,99
2903,0,1,99
2904,0,1,99
2905,0,1,99
2906,0,1,99
2907,0,1,99
2908,0,1,99
2909,0,1,99
2910,0,1,99
2911,0,1,99
2912,0,1,99
2913,0,1,99
2914,0,1,99
2915,0,1,99
2916,0,1,99
2917,0,1,99
2918,0,1,99
2919,0,1,99
2920,0,1,99
2921,0,1,99
2922,0,1,99
2923,0,1,99
2924,0,1,99
2925,0,1,99
2926,0,1,99
2927,0,1,99
2928,0,1,99
2929,0,1,99
2930,0,1,99
2931,0,1,99
2932,0,1,99
2933,0,1,99
2934,0,1,99
2935,0,1,99
2936,0,1,99
2937,0,1,99
2938,0,1,99
2939,0,1,99
2940,0,1,99
2941,0,1,99
2942,0,1,99
2943,0,1,99
2944,0,1,99
2945,0,1,99
2946,0,1,99
2947,0,1,99
2948,0,1,99
2949,0,1,99
2950,0,1,99
2951,0,1,99
2952,0,1,99
2953,0,1,99
2954,0,1,99
2955,0,1,99
2956,0,1,99
2957,0,1,99
2958,0,1,99
2959,0,1,99
2960,0,1,99
2961,0,1,99
2962,0,1,99
2963,0,1,99
2964,0,1,99
2965,0,1,99
2966,0,1,99
2967,0,1,99
2968,0,1,99
2969,0,1,99
2970,0,1,99
2971,0,1,99
2972,0,1,99
2973,0,1,99
2974,0,1,99
2975,0,1,99
2976,0,1,99
2977,0,1,99
2978,0,1,99
2979,0,1,99
2980,0,1,99
2981,0,1,99
2982,0,1,99
2983,0,1,99
2984,0,1,99
2985,0,1,99
2986,0,1,99
2987,0,1,99
2988,0,1,99
2989,0,1,99
2990,0,1,99
2991,0,1,99
2992,0,1,99
2993,0,1,99
2994,0,1,99
2995,0,1,99
2996,0,1,99
2997,0,1,99
2998,0,1,99
2999,0,1,99
3000,0,1,99
