Time,Healthy,Undetectable,Detectable
0,97,3,0
1,97,3,0
2,97,3,0
3,97,3,0
4,97,3,0
5,97,3,0
6,97,3,0
7,97,3,0
8,97,3,0
9,97,3,0
10,97,3,0
11,97,3,0
12,97,3,0
13,97,3,0
14,97,3,0
15,97,3,0
16,97,3,0
17,97,3,0
18,97,3,0
19,97,3,0
20,97,3,0
21,97,3,0
22,97,3,0
23,97,3,0
24,97,3,0
25,97,3,0
26,97,3,0
27,97,3,0
28,97,3,0
29,97,3,0
30,97,3,0
31,97,3,0
32,97,3,0
33,97,3,0
34,97,3,0
35,97,3,0
36,97,3,0
37,97,3,0
38,97,3,0
39,97,3,0
40,97,3,0
41,97,3,0
42,97,3,0
43,97,3,0
44,97,3,0
45,97,3,0
46,97,3,0
47,97,3,0
48,97,3,0
49,97,3,0
50,97,3,0
51,97,3,0
52,97,3,0
53,97,3,0
54,97,3,0
55,97,3,0
56,97,3,0
57,97,3,0
58,97,3,0
59,97,3,0
60,97,3,0
61,97,3,0
62,97,3,0
63,97,3,0
64,97,3,0
65,97,3,0
66,97,3,0
67,97,3,0
68,97,3,0
69,97,3,0
70,97,3,0
71,97,3,0
72,97,3,0
73,97,3,0
74,97,3,0
75,97,3,0
76,97,3,0
77,97,3,0
78,97,3,0
79,97,3,0
80,97,3,0
81,97,3,0
82,97,3,0
83,97,3,0
84,97,3,0
85,97,3,0
86,97,3,0
87,97,3,0
88,97,3,0
89,97,3,0
90,97,3,0
91,97,3,0
92,97,3,0
93,97,3,0
94,97,3,0
95,97,3,0
96,97,3,0
97,97,3,0
98,97,3,0
99,97,3,0
100,97,3,0
101,97,3,0
102,97,3,0
103,97,3,0
104,97,3,0
105,97,3,0
106,97,3,0
107,97,3,0
108,97,3,0
109,97,3,0
110,97,3,0
111,97,3,0
112,97,3,0
113,97,3,0
114,97,3,0
115,97,3,0
116,97,3,0
117,97,3,0
118,97,3,0
119,97,3,0
120,97,3,0
121,97,3,0
122,97,3,0
123,97,3,0
124,97,3,0
125,97,3,0
126,97,3,0
127,97,3,0
128,97,3,0
129,97,3,0
130,97,3,0
131,97,3,0
132,97,3,0
133,97,3,0
134,97,3,0
135,97,2,1
136,97,2,1
137,97,2,1
138,97,2,1
139,97,2,1
140,97,2,1
141,97,2,1
142,97,2,1
143,97,2,1
144,97,2,1
145,97,2,1
146,97,2,1
147,97,2,1
148,97,2,1
149,97,2,1
150,97,2,1
151,97,2,1
152,97,2,1
153,97,2,1
154,97,2,1
155,97,2,1
156,97,2,1
157,97,2,1
158,97,2,1
159,97,2,1
160,97,2,1
161,97,2,1
162,97,2,1
163,97,2,1
164,97,2,1
165,97,2,1
166,97,2,1
167,97,2,1
168,97,2,1
169,97,2,1
170,97,2,1
171,97,2,1
172,97,2,1
173,97,2,1
174,97,2,1
175,97,2,1
176,97,2,1
177,97,2,1
178,97,2,1
179,97,2,1
180,97,2,1
181,97,2,1
182,97,2,1
183,97,2,1
184,97,2,1
185,97,2,1
186,97,2,1
187,97,2,1
188,97,2,1
189,97,2,1
190,97,2,1
191,97,2,1
192,97,2,1
193,97,2,1
194,97,2,1
195,97,2,1
196,97,2,1
197,97,2,1
198,97,2,1
199,97,2,1
200,97,2,1
201,97,2,1
202,97,2,1
203,97,2,1
204,97,2,1
205,97,2,1
206,96,3,1
207,96,3,1
208,96,3,1
209,96,3,1
210,96,3,1
211,96,3,1
212,96,3,1
213,96,3,1
214,96,3,1
215,96,3,1
216,96,3,1
217,96,3,1
218,96,3,1
219,96,3,1
220,96,3,1
221,96,3,1
222,96,3,1
223,96,3,1
224,96,3,1
225,96,3,1
226,96,3,1
227,95,4,1
228,95,4,1
229,95,4,1
230,95,4,1
231,95,4,1
232,95,4,1
233,95,4,1
234,95,4,1
235,95,4,1
236,95,4,1
237,95,4,1
238,95,4,1
239,95,4,1
240,95,4,1
241,95,4,1
242,95,4,1
243,95,4,1
244,95,4,1
245,95,4,1
246,95,4,1
247,95,4,1
248,95,4,1
249,95,4,1
250,95,4,1
251,95,4,1
252,95,4,1
253,95,4,1
254,95,4,1
255,95,4,1
256,95,4,1
257,95,4,1
258,95,4,1
259,95,4,1
260,95,4,1
261,95,4,1
262,95,4,1
263,95,4,1
264,95,4,1
265,95,4,1
266,95,4,1
267,95,4,1
268,95,4,1
269,95,4,1
270,95,4,1
271,95,4,1
272,95,4,1
273,95,4,1
274,95,4,1
275,95,4,1
276,95,4,1
277,95,4,1
278,95,4,1
279,95,4,1
280,95,4,1
281,95,4,1
282,95,4,1
283,95,4,1
284,95,4,1
285,95,4,1
286,95,4,1
287,95,4,1
288,95,4,1
289,95,4,1
290,95,4,1
291,95,4,1
292,95,4,1
293,95,4,1
294,95,4,1
295,95,4,1
296,95,4,1
297,95,4,1
298,95,4,1
299,95,4,1
300,95,4,1
301,95,4,1
302,95,4,1
303,95,4,1
304,95,3,2
305,95,3,2
306,95,3,2
307,95,3,2
308,95,3,2
309,95,3,2
310,95,3,2
311,95,3,2
312,95,3,2
313,95,3,2
314,95,3,2
315,95,3,2
316,95,3,2
317,95,3,2
318,95,3,2
319,95,3,2
320,95,3,2
321,95,3,2
322,95,3,2
323,95,3,2
324,95,3,2
325,95,3,2
326,95,3,2
327,95,3,2
328,95,3,2
329,95,3,2
330,95,3,2
331,95,3,2
332,95,3,2
333,95,3,2
334,95,3,2
335,95,3,2
336,95,3,2
337,95,3,2
338,95,3,2
339,95,3,2
340,95,3,2
341,95,3,2
342,95,3,2
343,95,3,2
344,95,3,2
345,95,3,2
346,95,3,2
347,95,3,2
348,95,3,2
349,95,3,2
350,95,3,2
351,95,3,2
352,95,3,2
353,95,3,2
354,95,3,2
355,95,3,2
356,95,3,2
357,95,3,2
358,95,3,2
359,95,3,2
360,95,3,2
361,95,3,2
362,95,3,2
363,95,3,2
364,95,3,2
365,95,3,2
366,95,3,2
367,95,3,2
368,95,3,2
369,95,3,2
370,95,3,2
371,95,3,2
372,95,3,2
373,95,3,2
374,95,3,2
375,95,3,2
376,95,3,2
377,95,3,2
378,95,3,2
379,95,3,2
380,95,3,2
381,95,3,2
382,95,3,2
383,95,3,2
384,95,3,2
385,95,3,2
386,95,3,2
387,95,3,2
388,95,3,2
389,95,3,2
390,95,3,2
391,95,3,2
392,95,3,2
393,95,3,2
394,95,3,2
395,95,3,2
396,95,3,2
397,95,3,2
398,95,3,2
399,95,3,2
400,95,3,2
401,95,3,2
402,95,3,2
403,95,3,2
404,95,3,2
405,95,3,2
406,95,3,2
407,95,3,2
408,95,3,2
409,95,3,2
410,95,3,2
411,95,3,2
412,95,3,2
413,95,3,2
414,95,3,2
415,95,3,2
416,95,3,2
417,95,3,2
418,95,3,2
419,95,3,2
420,95,3,2
421,95,3,2
422,95,3,2
423,95,3,2
424,95,3,2
425,95,3,2
426,95,3,2
427,95,3,2
428,95,3,2
429,95,3,2
430,95,3,2
431,95,3,2
432,95,3,2
433,95,3,2
434,95,3,2
435,95,3,2
436,95,3,2
437,95,3,2
438,95,3,2
439,95,3,2
440,95,3,2
441,95,3,2
442,95,3,2
443,95,3,2
444,95,3,2
445,95,3,2
446,95,3,2
447,95,3,2
448,95,3,2
449,95,3,2
450,95,3,2
451,95,3,2
452,95,3,2
453,95,3,2
454,95,3,2
455,95,3,2
456,95,3,2
457,95,3,2
458,95,3,2
459,95,3,2
460,94,4,2
461,94,4,2
462,94,4,2
463,94,4,2
464,94,4,2
465,94,4,2
466,94,4,2
467,94,4,2
468,94,4,2
469,94,4,2
470,94,4,2
471,94,4,2
472,94,4,2
473,94,4,2
474,94,4,2
475,94,4,2
476,94,4,2
477,94,4,2
478,94,4,2
479,94,4,2
480,94,4,2
481,94,4,2
482,94,4,2
483,94,4,2
484,94,4,2
485,94,4,2
486,94,4,2
487,94,4,2
488,94,4,2
489,94,4,2
490,94,4,2
491,94,4,2
492,94,3,3
493,94,3,3
494,94,3,3
495,93,4,3
496,93,4,3
497,93,4,3
498,93,4,3
499,93,4,3
500,93,4,3
501,93,4,3
502,93,4,3
503,93,4,3
504,93,4,3
505,93,4,3
506,93,4,3
507,93,4,3
508,93,4,3
509,92,5,3
510,92,5,3
511,92,5,3
512,92,5,3
513,92,5,3
514,92,5,3
515,92,5,3
516,92,5,3
517,92,5,3
518,92,5,3
519,92,5,3
520,92,5,3
521,92,5,3
522,92,5,3
523,92,5,3
524,92,5,3
525,92,5,3
526,92,5,3
527,92,5,3
528,92,5,3
529,92,5,3
530,92,5,3
531,92,5,3
532,92,5,3
533,92,5,3
534,92,5,3
535,92,5,3
536,92,5,3
537,92,5,3
538,92,5,3
539,92,5,3
540,92,5,3
541,92,5,3
542,92,5,3
543,92,5,3
544,92,5,3
545,92,5,3
546,92,5,3
547,92,5,3
548,92,5,3
549,92,5,3
550,92,5,3
551,92,5,3
552,92,5,3
553,92,5,3
554,92,5,3
555,92,5,3
556,92,5,3
557,92,5,3
558,92,5,3
559,92,5,3
560,92,5,3
561,92,5,3
562,92,5,3
563,92,4,4
564,92,4,4
565,92,4,4
566,92,4,4
567,92,4,4
568,92,4,4
569,92,4,4
570,92,4,4
571,92,4,4
572,92,4,4
573,92,4,4
574,92,4,4
575,92,4,4
576,92,4,4
577,92,4,4
578,92,4,4
579,92,4,4
580,92,4,4
581,92,4,4
582,92,4,4
583,92,4,4
584,92,4,4
585,92,4,4
586,92,4,4
587,92,4,4
588,92,4,4
589,92,4,4
590,92,4,4
591,92,4,4
592,92,4,4
593,92,4,4
594,92,4,4
595,92,4,4
596,92,4,4
597,92,4,4
598,92,4,4
599,92,4,4
600,92,4,4
601,92,4,4
602,92,4,4
603,92,4,4
604,91,5,4
605,91,5,4
606,91,5,4
607,91,5,4
608,91,5,4
609,91,5,4
610,91,5,4
611,91,5,4
612,91,5,4
613,91,5,4
614,91,5,4
615,91,5,4
616,91,5,4
617,91,5,4
618,91,5,4
619,91,5,4
620,91,5,4
621,91,5,4
622,90,6,4
623,90,5,5
624,90,5,5
625,90,5,5
626,90,5,5
627,90,5,5
628,90,5,5
629,90,5,5
630,90,5,5
631,90,5,5
632,90,5,5
633,90,5,5
634,90,5,5
635,90,5,5
636,90,5,5
637,90,5,5
638,90,5,5
639,90,5,5
640,90,5,5
641,90,5,5
642,90,5,5
643,90,5,5
644,90,5,5
645,90,5,5
646,90,4,6
647,90,4,6
648,90,4,6
649,90,4,6
650,89,5,6
651,89,5,6
652,89,5,6
653,89,5,6
654,89,5,6
655,89,5,6
656,89,5,6
657,89,5,6
658,89,5,6
659,89,5,6
660,89,5,6
661,89,5,6
662,89,5,6
663,89,5,6
664,89,5,6
665,89,5,6
666,89,5,6
667,89,5,6
668,89,5,6
669,89,5,6
670,89,5,6
671,89,5,6
672,89,5,6
673,89,5,6
674,89,5,6
675,89,5,6
676,89,5,6
677,89,5,6
678,89,5,6
679,89,5,6
680,89,5,6
681,89,5,6
682,89,5,6
683,89,5,6
684,89,5,6
685,89,5,6
686,89,5,6
687,89,5,6
688,89,5,6
689,89,5,6
690,89,5,6
691,89,5,6
692,89,5,6
693,89,5,6
694,89,5,6
695,89,5,6
696,89,5,6
697,89,5,6
698,89,5,6
699,89,5,6
700,88,6,6
701,88,6,6
702,88,6,6
703,88,6,6
704,88,6,6
705,88,6,6
706,88,6,6
707,88,6,6
708,88,6,6
709,88,6,6
710,88,6,6
711,88,6,6
712,88,6,6
713,88,6,6
714,88,6,6
715,88,6,6
716,88,6,6
717,88,6,6
718,88,6,6
719,88,6,6
720,88,6,6
721,88,6,6
722,88,6,6
723,88,6,6
724,88,6,6
725,88,6,6
726,88,6,6
727,88,6,6
728,88,6,6
729,88,6,6
730,88,6,6
731,88,6,6
732,88,6,6
733,88,6,6
734,88,6,6
735,88,6,6
736,88,6,6
737,88,6,6
738,88,6,6
739,88,6,6
740,88,6,6
741,88,6,6
742,88,6,6
743,88,6,6
744,88,5,7
745,88,5,7
746,88,5,7
747,88,5,7
748,88,5,7
749,88,5,7
750,88,5,7
751,88,5,7
752,88,5,7
753,88,5,7
754,88,5,7
755,88,5,7
756,88,5,7
757,87,6,7
758,87,6,7
759,87,6,7
760,87,6,7
761,87,6,7
762,87,6,7
763,87,6,7
764,87,6,7
765,87,6,7
766,87,6,7
767,87,6,7
768,87,6,7
769,87,6,7
770,87,6,7
771,87,6,7
772,86,7,7
773,85,8,7
774,85,8,7
775,85,8,7
776,85,8,7
777,85,8,7
778,85,8,7
779,85,8,7
780,85,8,7
781,85,8,7
782,85,8,7
783,85,8,7
784,85,8,7
785,85,8,7
786,85,8,7
787,84,9,7
788,84,9,7
789,84,9,7
790,84,9,7
791,84,9,7
792,84,9,7
793,84,9,7
794,84,9,7
795,84,9,7
796,83,10,7
797,83,10,7
798,83,10,7
799,83,10,7
800,83,10,7
801,83,10,7
802,83,10,7
803,83,10,7
804,83,10,7
805,83,10,7
806,83,10,7
807,83,10,7
808,83,10,7
809,83,10,7
810,83,10,7
811,83,10,7
812,83,10,7
813,83,10,7
814,83,10,7
815,83,10,7
816,83,10,7
817,83,10,7
818,83,10,7
819,83,10,7
820,83,10,7
821,83,10,7
822,83,10,7
823,83,10,7
824,83,10,7
825,83,10,7
826,83,10,7
827,82,11,7
828,82,11,7
829,82,11,7
830,82,11,7
831,82,11,7
832,82,11,7
833,81,12,7
834,80,13,7
835,80,13,7
836,80,13,7
837,80,13,7
838,79,14,7
839,79,14,7
840,79,14,7
841,79,14,7
842,79,14,7
843,79,14,7
844,79,14,7
845,79,14,7
846,79,14,7
847,79,14,7
848,79,14,7
849,78,15,7
850,78,15,7
851,78,15,7
852,78,15,7
853,78,15,7
854,78,15,7
855,78,15,7
856,78,15,7
857,78,15,7
858,78,15,7
859,78,15,7
860,77,16,7
861,77,16,7
862,77,16,7
863,77,16,7
864,77,16,7
865,77,16,7
866,77,16,7
867,77,16,7
868,77,16,7
869,77,16,7
870,77,16,7
871,77,16,7
872,77,16,7
873,77,16,7
874,77,16,7
875,77,16,7
876,77,16,7
877,77,16,7
878,77,16,7
879,76,17,7
880,76,17,7
881,76,17,7
882,76,17,7
883,76,17,7
884,76,17,7
885,76,17,7
886,76,16,8
887,76,16,8
888,76,16,8
889,76,16,8
890,75,17,8
891,75,17,8
892,75,17,8
893,75,17,8
894,75,17,8
895,75,17,8
896,75,17,8
897,75,17,8
898,75,17,8
899,74,18,8
900,74,18,8
901,74,18,8
902,74,18,8
903,74,18,8
904,74,18,8
905,73,19,8
906,73,19,8
907,73,19,8
908,73,19,8
909,73,19,8
910,73,19,8
911,72,20,8
912,72,20,8
913,72,20,8
914,72,20,8
915,72,20,8
916,72,20,8
917,72,20,8
918,72,20,8
919,71,21,8
920,71,21,8
921,71,21,8
922,71,21,8
923,71,21,8
924,71,21,8
925,71,21,8
926,71,21,8
927,70,22,8
928,70,22,8
929,69,23,8
930,69,23,8
931,68,24,8
932,68,24,8
933,68,24,8
934,68,24,8
935,67,25,8
936,66,26,8
937,66,26,8
938,66,26,8
939,66,26,8
940,66,26,8
941,66,26,8
942,66,26,8
943,65,27,8
944,65,27,8
945,65,27,8
946,65,26,9
947,65,26,9
948,65,26,9
949,65,26,9
950,65,26,9
951,65,26,9
952,64,27,9
953,64,27,9
954,63,28,9
955,63,28,9
956,63,28,9
957,63,28,9
958,63,28,9
959,63,28,9
960,63,28,9
961,62,29,9
962,62,29,9
963,62,29,9
964,61,30,9
965,61,30,9
966,61,30,9
967,61,30,9
968,61,30,9
969,61,30,9
970,61,30,9
971,61,30,9
972,61,30,9
973,60,31,9
974,60,31,9
975,60,31,9
976,60,31,9
977,60,31,9
978,60,31,9
979,60,31,9
980,60,31,9
981,60,31,9
982,60,31,9
983,60,31,9
984,60,31,9
985,60,31,9
986,59,32,9
987,59,31,10
988,59,31,10
989,59,31,10
990,59,31,10
991,59,31,10
992,59,31,10
993,59,31,10
994,58,32,10
995,58,32,10
996,58,32,10
997,58,32,10
998,58,32,10
999,58,32,10
1000,58,32,10
1001,58,32,10
1002,58,32,10
1003,58,32,10
1004,58,32,10
1005,57,33,10
1006,57,33,10
1007,57,33,10
1008,57,33,10
1009,56,34,10
1010,56,34,10
1011,56,34,10
1012,56,34,10
1013,56,34,10
1014,56,34,10
1015,56,34,10
1016,56,34,10
1017,56,34,10
1018,56,33,11
1019,56,33,11
1020,56,33,11
1021,56,33,11
1022,56,33,11
1023,56,33,11
1024,56,33,11
1025,56,33,11
1026,56,33,11
1027,56,33,11
1028,56,33,11
1029,56,33,11
1030,55,34,11
1031,55,34,11
1032,55,34,11
1033,55,34,11
1034,55,34,11
1035,55,34,11
1036,55,34,11
1037,55,34,11
1038,55,34,11
1039,55,34,11
1040,54,35,11
1041,54,35,11
1042,54,35,11
1043,54,35,11
1044,54,35,11
1045,54,35,11
1046,53,36,11
1047,52,37,11
1048,52,37,11
1049,52,37,11
1050,52,37,11
1051,52,37,11
1052,52,37,11
1053,52,37,11
1054,52,37,11
1055,52,37,11
1056,52,37,11
1057,52,37,11
1058,52,37,11
1059,52,37,11
1060,52,37,11
1061,52,37,11
1062,52,37,11
1063,52,37,11
1064,52,37,11
1065,52,37,11
1066,52,37,11
1067,52,37,11
1068,51,38,11
1069,50,39,11
1070,50,39,11
1071,50,39,11
1072,50,39,11
1073,50,39,11
1074,50,39,11
1075,50,39,11
1076,50,39,11
1077,50,39,11
1078,50,39,11
1079,50,39,11
1080,49,39,12
1081,49,39,12
1082,49,39,12
1083,49,38,13
1084,49,37,14
1085,49,37,14
1086,49,37,14
1087,49,36,15
1088,49,36,15
1089,49,36,15
1090,48,37,15
1091,48,37,15
1092,48,37,15
1093,48,37,15
1094,48,37,15
1095,48,37,15
1096,48,37,15
1097,48,37,15
1098,48,37,15
1099,48,37,15
1100,48,37,15
1101,48,37,15
1102,48,37,15
1103,48,37,15
1104,48,37,15
1105,48,37,15
1106,48,37,15
1107,48,37,15
1108,48,37,15
1109,48,37,15
1110,47,38,15
1111,47,38,15
1112,47,38,15
1113,47,38,15
1114,47,38,15
1115,47,38,15
1116,47,38,15
1117,47,37,16
1118,47,37,16
1119,47,37,16
1120,47,37,16
1121,47,37,16
1122,47,37,16
1123,47,37,16
1124,46,38,16
1125,46,38,16
1126,46,37,17
1127,46,37,17
1128,46,37,17
1129,46,37,17
1130,46,37,17
1131,45,38,17
1132,45,38,17
1133,45,38,17
1134,45,38,17
1135,44,39,17
1136,44,39,17
1137,44,39,17
1138,44,39,17
1139,44,39,17
1140,44,39,17
1141,44,39,17
1142,44,39,17
1143,44,39,17
1144,44,39,17
1145,44,39,17
1146,44,39,17
1147,44,39,17
1148,44,39,17
1149,44,39,17
1150,44,39,17
1151,44,39,17
1152,44,39,17
1153,44,39,17
1154,44,39,17
1155,44,39,17
1156,44,39,17
1157,44,39,17
1158,44,39,17
1159,44,39,17
1160,44,39,17
1161,44,38,18
1162,44,38,18
1163,44,38,18
1164,44,38,18
1165,44,38,18
1166,43,39,18
1167,43,39,18
1168,43,39,18
1169,43,39,18
1170,43,39,18
1171,43,38,19
1172,42,39,19
1173,42,39,19
1174,42,39,19
1175,42,39,19
1176,41,40,19
1177,41,40,19
1178,41,40,19
1179,40,41,19
1180,40,41,19
1181,40,41,19
1182,40,41,19
1183,40,41,19
1184,40,41,19
1185,40,41,19
1186,40,41,19
1187,40,41,19
1188,39,42,19
1189,39,42,19
1190,39,42,19
1191,39,42,19
1192,39,42,19
1193,38,43,19
1194,38,43,19
1195,38,43,19
1196,38,43,19
1197,37,44,19
1198,37,44,19
1199,37,44,19
1200,37,44,19
1201,37,44,19
1202,37,43,20
1203,37,43,20
1204,37,43,20
1205,37,43,20
1206,37,43,20
1207,37,43,20
1208,37,43,20
1209,37,43,20
1210,37,43,20
1211,36,44,20
1212,36,44,20
1213,36,44,20
1214,36,44,20
1215,36,44,20
1216,36,44,20
1217,35,45,20
1218,35,45,20
1219,35,45,20
1220,35,45,20
1221,35,45,20
1222,35,45,20
1223,34,45,21
1224,34,45,21
1225,34,45,21
1226,34,45,21
1227,34,45,21
1228,34,43,23
1229,34,43,23
1230,34,43,23
1231,34,43,23
1232,34,43,23
1233,33,42,25
1234,33,42,25
1235,33,42,25
1236,33,42,25
1237,33,42,25
1238,33,42,25
1239,32,43,25
1240,32,43,25
1241,31,43,26
1242,31,43,26
1243,31,43,26
1244,31,43,26
1245,31,43,26
1246,30,44,26
1247,30,44,26
1248,30,44,26
1249,30,44,26
1250,30,44,26
1251,30,44,26
1252,30,43,27
1253,29,44,27
1254,29,44,27
1255,29,44,27
1256,29,43,28
1257,29,43,28
1258,29,43,28
1259,29,43,28
1260,29,43,28
1261,29,42,29
1262,29,42,29
1263,29,42,29
1264,29,42,29
1265,29,42,29
1266,29,42,29
1267,29,42,29
1268,29,42,29
1269,29,41,30
1270,29,40,31
1271,28,40,32
1272,28,40,32
1273,28,39,33
1274,28,39,33
1275,28,39,33
1276,28,39,33
1277,28,39,33
1278,28,38,34
1279,28,38,34
1280,27,39,34
1281,27,38,35
1282,27,38,35
1283,27,38,35
1284,27,38,35
1285,27,38,35
1286,27,38,35
1287,27,38,35
1288,27,38,35
1289,26,39,35
1290,26,38,36
1291,26,38,36
1292,26,38,36
1293,26,38,36
1294,26,38,36
1295,25,39,36
1296,25,38,37
1297,25,38,37
1298,25,38,37
1299,25,38,37
1300,25,38,37
1301,25,38,37
1302,25,37,38
1303,25,37,38
1304,25,37,38
1305,25,36,39
1306,25,36,39
1307,25,35,40
1308,24,36,40
1309,24,36,40
1310,24,36,40
1311,24,36,40
1312,24,36,40
1313,24,36,40
1314,24,36,40
1315,24,36,40
1316,24,36,40
1317,24,36,40
1318,24,36,40
1319,24,36,40
1320,24,35,41
1321,24,35,41
1322,23,36,41
1323,23,36,41
1324,23,36,41
1325,23,35,42
1326,23,35,42
1327,23,35,42
1328,23,35,42
1329,23,34,43
1330,23,34,43
1331,23,34,43
1332,22,35,43
1333,22,34,44
1334,21,35,44
1335,21,34,45
1336,21,34,45
1337,21,34,45
1338,19,36,45
1339,19,36,45
1340,19,36,45
1341,19,36,45
1342,19,36,45
1343,19,36,45
1344,19,36,45
1345,19,35,46
1346,19,35,46
1347,19,35,46
1348,19,35,46
1349,19,35,46
1350,19,35,46
1351,19,35,46
1352,19,35,46
1353,19,35,46
1354,19,35,46
1355,19,34,47
1356,19,34,47
1357,19,34,47
1358,19,34,47
1359,19,34,47
1360,19,34,47
1361,19,34,47
1362,19,34,47
1363,19,34,47
1364,19,33,48
1365,19,33,48
1366,19,33,48
1367,17,35,48
1368,17,35,48
1369,17,35,48
1370,17,35,48
1371,17,35,48
1372,17,35,48
1373,17,35,48
1374,17,35,48
1375,17,35,48
1376,17,35,48
1377,17,35,48
1378,17,35,48
1379,17,34,49
1380,16,35,49
1381,16,35,49
1382,16,35,49
1383,16,35,49
1384,16,35,49
1385,16,35,49
1386,16,35,49
1387,16,34,50
1388,16,33,51
1389,16,33,51
1390,16,33,51
1391,16,32,52
1392,16,32,52
1393,16,32,52
1394,16,32,52
1395,16,32,52
1396,15,33,52
1397,15,33,52
1398,15,33,52
1399,15,33,52
1400,15,33,52
1401,15,33,52
1402,15,33,52
1403,15,33,52
1404,15,33,52
1405,15,33,52
1406,15,33,52
1407,15,33,52
1408,15,33,52
1409,15,32,53
1410,15,32,53
1411,15,32,53
1412,15,32,53
1413,15,31,54
1414,15,31,54
1415,15,31,54
1416,14,32,54
1417,14,32,54
1418,14,32,54
1419,14,32,54
1420,14,32,54
1421,14,32,54
1422,14,32,54
1423,14,32,54
1424,14,32,54
1425,14,32,54
1426,14,32,54
1427,14,32,54
1428,14,31,55
1429,14,31,55
1430,14,31,55
1431,14,31,55
1432,14,31,55
1433,14,31,55
1434,14,31,55
1435,14,31,55
1436,14,31,55
1437,14,31,55
1438,13,32,55
1439,13,32,55
1440,13,32,55
1441,13,32,55
1442,13,32,55
1443,13,32,55
1444,13,32,55
1445,13,32,55
1446,13,32,55
1447,13,32,55
1448,13,32,55
1449,12,33,55
1450,12,32,56
1451,12,32,56
1452,12,32,56
1453,12,32,56
1454,12,32,56
1455,12,32,56
1456,12,32,56
1457,12,32,56
1458,12,32,56
1459,12,32,56
1460,12,32,56
1461,11,33,56
1462,11,32,57
1463,11,31,58
1464,11,31,58
1465,11,31,58
1466,11,31,58
1467,11,31,58
1468,10,32,58
1469,10,32,58
1470,10,32,58
1471,10,31,59
1472,10,31,59
1473,10,31,59
1474,10,31,59
1475,10,31,59
1476,10,31,59
1477,10,31,59
1478,10,30,60
1479,10,30,60
1480,10,30,60
1481,10,30,60
1482,10,30,60
1483,10,30,60
1484,10,30,60
1485,10,30,60
1486,10,30,60
1487,10,30,60
1488,10,30,60
1489,10,30,60
1490,10,30,60
1491,10,29,61
1492,10,28,62
1493,10,28,62
1494,10,28,62
1495,10,28,62
1496,10,28,62
1497,10,28,62
1498,10,28,62
1499,10,28,62
1500,10,27,63
1501,10,27,63
1502,10,27,63
1503,10,27,63
1504,10,27,63
1505,10,27,63
1506,10,27,63
1507,10,27,63
1508,10,27,63
1509,10,27,63
1510,10,27,63
1511,10,27,63
1512,10,27,63
1513,10,27,63
1514,10,27,63
1515,10,27,63
1516,10,27,63
1517,10,27,63
1518,10,27,63
1519,10,27,63
1520,10,27,63
1521,10,27,63
1522,10,27,63
1523,10,27,63
1524,10,27,63
1525,9,28,63
1526,9,28,63
1527,9,28,63
1528,9,28,63
1529,9,27,64
1530,9,27,64
1531,9,27,64
1532,9,27,64
1533,9,27,64
1534,9,27,64
1535,9,27,64
1536,9,27,64
1537,9,27,64
1538,9,27,64
1539,9,27,64
1540,9,26,65
1541,9,26,65
1542,9,26,65
1543,9,26,65
1544,8,27,65
1545,8,27,65
1546,7,28,65
1547,7,28,65
1548,7,28,65
1549,7,28,65
1550,7,28,65
1551,7,28,65
1552,7,28,65
1553,6,29,65
1554,6,29,65
1555,6,29,65
1556,6,29,65
1557,6,29,65
1558,6,29,65
1559,6,29,65
1560,6,29,65
1561,6,29,65
1562,6,29,65
1563,6,29,65
1564,6,29,65
1565,6,29,65
1566,6,29,65
1567,6,29,65
1568,6,29,65
1569,6,28,66
1570,6,28,66
1571,6,28,66
1572,6,28,66
1573,6,28,66
1574,6,28,66
1575,6,28,66
1576,6,28,66
1577,6,28,66
1578,6,28,66
1579,6,28,66
1580,6,28,66
1581,6,28,66
1582,6,28,66
1583,6,28,66
1584,6,28,66
1585,6,28,66
1586,5,29,66
1587,5,29,66
1588,5,29,66
1589,5,27,68
1590,5,27,68
1591,4,28,68
1592,4,28,68
1593,4,27,69
1594,4,27,69
1595,4,27,69
1596,4,26,70
1597,4,26,70
1598,4,26,70
1599,4,26,70
1600,4,26,70
1601,4,26,70
1602,4,26,70
1603,4,26,70
1604,4,26,70
1605,4,26,70
1606,4,26,70
1607,4,26,70
1608,4,26,70
1609,4,26,70
1610,4,26,70
1611,4,25,71
1612,4,25,71
1613,3,26,71
1614,3,26,71
1615,3,26,71
1616,3,26,71
1617,3,26,71
1618,3,26,71
1619,3,26,71
1620,3,26,71
1621,3,26,71
1622,3,26,71
1623,3,26,71
1624,3,26,71
1625,3,26,71
1626,3,26,71
1627,3,26,71
1628,3,26,71
1629,3,26,71
1630,3,26,71
1631,3,26,71
1632,3,26,71
1633,3,25,72
1634,3,25,72
1635,2,26,72
1636,2,26,72
1637,2,26,72
1638,2,26,72
1639,2,26,72
1640,2,26,72
1641,2,26,72
1642,2,26,72
1643,2,26,72
1644,2,26,72
1645,2,26,72
1646,2,26,72
1647,2,26,72
1648,2,25,73
1649,2,25,73
1650,2,25,73
1651,2,25,73
1652,2,25,73
1653,2,25,73
1654,2,25,73
1655,2,25,73
1656,2,25,73
1657,2,25,73
1658,2,25,73
1659,2,25,73
1660,2,25,73
1661,2,25,73
1662,2,25,73
1663,2,24,74
1664,2,24,74
1665,2,24,74
1666,2,24,74
1667,2,24,74
1668,2,24,74
1669,2,24,74
1670,2,24,74
1671,2,24,74
1672,2,24,74
1673,2,24,74
1674,2,24,74
1675,2,24,74
1676,1,25,74
1677,1,25,74
1678,1,25,74
1679,1,25,74
1680,0,26,74
1681,0,26,74
1682,0,26,74
1683,0,26,74
1684,0,26,74
1685,0,26,74
1686,0,26,74
1687,0,26,74
1688,0,26,74
1689,0,26,74
1690,0,26,74
1691,0,26,74
1692,0,26,74
1693,0,26,74
1694,0,26,74
1695,0,26,74
1696,0,26,74
1697,0,26,74
1698,0,26,74
1699,0,26,74
1700,0,26,74
1701,0,26,74
1702,0,26,74
1703,0,26,74
1704,0,26,74
1705,0,26,74
1706,0,26,74
1707,0,26,74
1708,0,26,74
1709,0,26,74
1710,0,26,74
1711,0,26,74
1712,0,26,74
1713,0,26,74
1714,0,26,74
1715,0,26,74
1716,0,26,74
1717,0,26,74
1718,0,26,74
1719,0,26,74
1720,0,26,74
1721,0,26,74
1722,0,26,74
1723,0,25,75
1724,0,25,75
1725,0,25,75
1726,0,25,75
1727,0,25,75
1728,0,25,75
1729,0,25,75
1730,0,25,75
1731,0,25,75
1732,0,25,75
1733,0,25,75
1734,0,25,75
1735,0,25,75
1736,0,25,75
1737,0,25,75
1738,0,25,75
1739,0,25,75
1740,0,25,75
1741,0,25,75
1742,0,25,75
1743,0,25,75
1744,0,24,76
1745,0,24,76
1746,0,24,76
1747,0,23,77
1748,0,23,77
1749,0,23,77
1750,0,23,77
1751,0,23,77
1752,0,23,77
1753,0,23,77
1754,0,23,77
1755,0,23,77
1756,0,23,77
1757,0,23,77
1758,0,23,77
1759,0,23,77
1760,0,23,77
1761,0,23,77
1762,0,23,77
1763,0,23,77
1764,0,23,77
1765,0,23,77
1766,0,23,77
1767,0,23,77
1768,0,23,77
1769,0,23,77
1770,0,23,77
1771,0,23,77
1772,0,23,77
1773,0,23,77
1774,0,23,77
1775,0,23,77
1776,0,23,77
1777,0,23,77
1778,0,23,77
1779,0,23,77
1780,0,23,77
1781,0,23,77
1782,0,23,77
1783,0,23,77
1784,0,23,77
1785,0,23,77
1786,0,23,77
1787,0,23,77
1788,0,23,77
1789,0,23,77
1790,0,23,77
1791,0,23,77
1792,0,23,77
1793,0,23,77
1794,0,23,77
1795,0,23,77
1796,0,23,77
1797,0,23,77
1798,0,23,77
1799,0,23,77
1800,0,23,77
1801,0,23,77
1802,0,23,77
1803,0,22,78
1804,0,22,78
1805,0,22,78
1806,0,21,79
1807,0,21,79
1808,0,21,79
1809,0,21,79
1810,0,21,79
1811,0,21,79
1812,0,21,79
1813,0,21,79
1814,0,21,79
1815,0,21,79
1816,0,21,79
1817,0,21,79
1818,0,21,79
1819,0,21,79
1820,0,21,79
1821,0,21,79
1822,0,21,79
1823,0,21,79
1824,0,21,79
1825,0,21,79
1826,0,21,79
1827,0,21,79
1828,0,21,79
1829,0,21,79
1830,0,21,79
1831,0,21,79
1832,0,21,79
1833,0,21,79
1834,0,21,79
1835,0,21,79
1836,0,21,79
1837,0,21,79
1838,0,21,79
1839,0,21,79
1840,0,21,79
1841,0,21,79
1842,0,21,79
1843,0,21,79
1844,0,21,79
1845,0,21,79
1846,0,21,79
1847,0,21,79
1848,0,21,79
1849,0,21,79
1850,0,21,79
1851,0,20,80
1852,0,20,80
1853,0,20,80
1854,0,20,80
1855,0,20,80
1856,0,19,81
1857,0,19,81
1858,0,19,81
1859,0,19,81
1860,0,19,81
1861,0,18,82
1862,0,18,82
1863,0,18,82
1864,0,18,82
1865,0,18,82
1866,0,18,82
1867,0,18,82
1868,0,18,82
1869,0,18,82
1870,0,18,82
1871,0,18,82
1872,0,18,82
1873,0,18,82
1874,0,18,82
1875,0,18,82
1876,0,18,82
1877,0,18,82
1878,0,18,82
1879,0,18,82
1880,0,18,82
1881,0,18,82
1882,0,18,82
1883,0,18,82
1884,0,18,82
1885,0,18,82
1886,0,18,82
1887,0,18,82
1888,0,18,82
1889,0,18,82
1890,0,18,82
1891,0,18,82
1892,0,18,82
1893,0,18,82
1894,0,18,82
1895,0,18,82
1896,0,18,82
1897,0,18,82
1898,0,18,82
1899,0,18,82
1900,0,18,82
1901,0,18,82
1902,0,18,82
1903,0,18,82
1904,0,18,82
1905,0,18,82
1906,0,18,82
1907,0,18,82
1908,0,18,82
1909,0,18,82
1910,0,18,82
1911,0,18,82
1912,0,18,82
1913,0,18,82
1914,0,17,83
1915,0,17,83
1916,0,17,83
1917,0,17,83
1918,0,17,83
1919,0,17,83
1920,0,17,83
1921,0,17,83
1922,0,17,83
1923,0,17,83
1924,0,17,83
1925,0,17,83
1926,0,17,83
1927,0,17,83
1928,0,17,83
1929,0,17,83
1930,0,17,83
1931,0,16,84
1932,0,16,84
1933,0,16,84
1934,0,16,84
1935,0,16,84
1936,0,16,84
1937,0,16,84
1938,0,16,84
1939,0,16,84
1940,0,15,85
1941,0,15,85
1942,0,15,85
1943,0,15,85
1944,0,15,85
1945,0,15,85
1946,0,15,85
1947,0,15,85
1948,0,15,85
1949,0,15,85
1950,0,15,85
1951,0,15,85
1952,0,15,85
1953,0,15,85
1954,0,15,85
1955,0,15,85
1956,0,15,85
1957,0,15,85
1958,0,15,85
1959,0,15,85
1960,0,15,85
1961,0,15,85
1962,0,15,85
1963,0,15,85
1964,0,15,85
1965,0,15,85
1966,0,15,85
1967,0,15,85
1968,0,15,85
1969,0,15,85
1970,0,15,85
1971,0,15,85
1972,0,15,85
1973,0,15,85
1974,0,15,85
1975,0,15,85
1976,0,15,85
1977,0,15,85
1978,0,15,85
1979,0,15,85
1980,0,15,85
1981,0,15,85
1982,0,15,85
1983,0,15,85
1984,0,15,85
1985,0,15,85
1986,0,15,85
1987,0,15,85
1988,0,15,85
1989,0,15,85
1990,0,15,85
1991,0,15,85
1992,0,15,85
1993,0,15,85
1994,0,15,85
1995,0,15,85
1996,0,15,85
1997,0,15,85
1998,0,15,85
1999,0,15,85
2000,0,15,85
2001,0,15,85
2002,0,15,85
2003,0,15,85
2004,0,15,85
2005,0,15,85
2006,0,15,85
2007,0,15,85
2008,0,15,85
2009,0,15,85
2010,0,15,85
2011,0,15,85
2012,0,15,85
2013,0,15,85
2014,0,15,85
2015,0,15,85
2016,0,15,85
2017,0,15,85
2018,0,15,85
2019,0,15,85
2020,0,15,85
2021,0,15,85
2022,0,15,85
2023,0,15,85
2024,0,15,85
2025,0,15,85
2026,0,15,85
2027,0,15,85
2028,0,15,85
2029,0,15,85
2030,0,15,85
2031,0,14,86
2032,0,14,86
2033,0,14,86
2034,0,14,86
2035,0,14,86
2036,0,14,86
2037,0,14,86
2038,0,14,86
2039,0,14,86
2040,0,14,86
2041,0,14,86
2042,0,14,86
2043,0,14,86
2044,0,14,86
2045,0,14,86
2046,0,14,86
2047,0,14,86
2048,0,14,86
2049,0,14,86
2050,0,14,86
2051,0,14,86
2052,0,14,86
2053,0,14,86
2054,0,14,86
2055,0,14,86
2056,0,14,86
2057,0,14,86
2058,0,14,86
2059,0,14,86
2060,0,14,86
2061,0,14,86
2062,0,14,86
2063,0,14,86
2064,0,14,86
2065,0,14,86
2066,0,14,86
2067,0,14,86
2068,0,14,86
2069,0,13,87
2070,0,13,87
2071,0,13,87
2072,0,13,87
2073,0,13,87
2074,0,13,87
2075,0,13,87
2076,0,13,87
2077,0,13,87
2078,0,13,87
2079,0,13,87
2080,0,13,87
2081,0,13,87
2082,0,13,87
2083,0,13,87
2084,0,13,87
2085,0,13,87
2086,0,13,87
2087,0,13,87
2088,0,13,87
2089,0,13,87
2090,0,13,87
2091,0,13,87
2092,0,13,87
2093,0,12,88
2094,0,12,88
2095,0,12,88
2096,0,12,88
2097,0,12,88
2098,0,12,88
2099,0,12,88
2100,0,12,88
2101,0,12,88
2102,0,12,88
2103,0,12,88
2104,0,12,88
2105,0,12,88
2106,0,12,88
2107,0,12,88
2108,0,12,88
2109,0,12,88
2110,0,12,88
2111,0,12,88
2112,0,12,88
2113,0,12,88
2114,0,12,88
2115,0,12,88
2116,0,12,88
2117,0,12,88
2118,0,12,88
2119,0,12,88
2120,0,12,88
2121,0,12,88
2122,0,12,88
2123,0,12,88
2124,0,12,88
2125,0,12,88
2126,0,12,88
2127,0,12,88
2128,0,12,88
2129,0,12,88
2130,0,12,88
2131,0,12,88
2132,0,12,88
2133,0,12,88
2134,0,12,88
2135,0,12,88
2136,0,12,88
2137,0,12,88
2138,0,12,88
2139,0,12,88
2140,0,11,89
2141,0,11,89
2142,0,11,89
2143,0,11,89
2144,0,11,89
2145,0,11,89
2146,0,11,89
2147,0,11,89
2148,0,10,90
2149,0,10,90
2150,0,10,90
2151,0,10,90
2152,0,10,90
2153,0,10,90
2154,0,10,90
2155,0,10,90
2156,0,10,90
2157,0,10,90
2158,0,10,90
2159,0,10,90
2160,0,10,90
2161,0,10,90
2162,0,10,90
2163,0,10,90
2164,0,10,90
2165,0,10,90
2166,0,10,90
2167,0,10,90
2168,0,10,90
2169,0,10,90
2170,0,10,90
2171,0,10,90
2172,0,10,90
2173,0,10,90
2174,0,10,90
2175,0,10,90
2176,0,10,90
2177,0,10,90
2178,0,10,90
2179,0,10,90
2180,0,9,91
2181,0,9,91
2182,0,9,91
2183,0,9,91
2184,0,9,91
2185,0,9,91
2186,0,9,91
2187,0,9,91
2188,0,9,91
2189,0,9,91
2190,0,9,91
2191,0,9,91
2192,0,9,91
2193,0,8,92
2194,0,8,92
2195,0,8,92
2196,0,8,92
2197,0,8,92
2198,0,8,92
2199,0,8,92
2200,0,8,92
2201,0,8,92
2202,0,8,92
2203,0,8,92
2204,0,8,92
2205,0,8,92
2206,0,8,92
2207,0,8,92
2208,0,8,92
2209,0,8,92
2210,0,8,92
2211,0,8,92
2212,0,8,92
2213,0,8,92
2214,0,8,92
2215,0,8,92
2216,0,8,92
2217,0,8,92
2218,0,8,92
2219,0,8,92
2220,0,8,92
2221,0,8,92
2222,0,8,92
2223,0,8,92
2224,0,8,92
2225,0,8,92
2226,0,8,92
2227,0,8,92
2228,0,8,92
2229,0,8,92
2230,0,8,92
2231,0,8,92
2232,0,8,92
2233,0,8,92
2234,0,8,92
2235,0,8,92
2236,0,7,93
2237,0,7,93
2238,0,7,93
2239,0,7,93
2240,0,7,93
2241,0,7,93
2242,0,7,93
2243,0,7,93
2244,0,7,93
2245,0,7,93
2246,0,7,93
2247,0,7,93
2248,0,7,93
2249,0,7,93
2250,0,7,93
2251,0,7,93
2252,0,7,93
2253,0,7,93
2254,0,7,93
2255,0,7,93
2256,0,7,93
2257,0,7,93
2258,0,7,93
2259,0,7,93
2260,0,7,93
2261,0,7,93
2262,0,7,93
2263,0,7,93
2264,0,7,93
2265,0,7,93
2266,0,7,93
2267,0,7,93
2268,0,7,93
2269,0,7,93
2270,0,7,93
2271,0,7,93
2272,0,7,93
2273,0,7,93
2274,0,7,93
2275,0,7,93
2276,0,7,93
2277,0,7,93
2278,0,7,93
2279,0,7,93
2280,0,7,93
2281,0,7,93
2282,0,7,93
2283,0,7,93
2284,0,7,93
2285,0,7,93
2286,0,7,93
2287,0,7,93
2288,0,7,93
2289,0,7,93
2290,0,7,93
2291,0,7,93
2292,0,7,93
2293,0,7,93
2294,0,7,93
2295,0,7,93
2296,0,7,93
2297,0,7,93
2298,0,7,93
2299,0,7,93
2300,0,7,93
2301,0,7,93
2302,0,7,93
2303,0,7,93
2304,0,7,93
2305,0,7,93
2306,0,7,93
2307,0,7,93
2308,0,7,93
2309,0,7,93
2310,0,7,93
2311,0,7,93
2312,0,7,93
2313,0,7,93
2314,0,7,93
2315,0,7,93
2316,0,7,93
2317,0,7,93
2318,0,7,93
2319,0,7,93
2320,0,7,93
2321,0,7,93
2322,0,7,93
2323,0,7,93
2324,0,7,93
2325,0,7,93
2326,0,7,93
2327,0,7,93
2328,0,7,93
2329,0,7,93
2330,0,7,93
2331,0,7,93
2332,0,7,93
2333,0,7,93
2334,0,7,93
2335,0,7,93
2336,0,7,93
2337,0,7,93
2338,0,7,93
2339,0,7,93
2340,0,7,93
2341,0,7,93
2342,0,7,93
2343,0,7,93
2344,0,7,93
2345,0,7,93
2346,0,7,93
2347,0,7,93
2348,0,7,93
2349,0,7,93
2350,0,7,93
2351,0,7,93
2352,0,7,93
2353,0,7,93
2354,0,7,93
2355,0,7,93
2356,0,7,93
2357,0,7,93
2358,0,7,93
2359,0,7,93
2360,0,7,93
2361,0,7,93
2362,0,7,93
2363,0,7,93
2364,0,7,93
2365,0,7,93
2366,0,7,93
2367,0,7,93
2368,0,7,93
2369,0,7,93
2370,0,7,93
2371,0,7,93
2372,0,7,93
2373,0,7,93
2374,0,7,93
2375,0,7,93
2376,0,7,93
2377,0,7,93
2378,0,7,93
2379,0,7,93
2380,0,7,93
2381,0,7,93
2382,0,6,94
2383,0,6,94
2384,0,6,94
2385,0,6,94
2386,0,6,94
2387,0,6,94
2388,0,6,94
2389,0,6,94
2390,0,6,94
2391,0,6,94
2392,0,6,94
2393,0,6,94
2394,0,6,94
2395,0,6,94
2396,0,6,94
2397,0,6,94
2398,0,6,94
2399,0,6,94
2400,0,6,94
2401,0,6,94
2402,0,6,94
2403,0,6,94
2404,0,6,94
2405,0,6,94
2406,0,6,94
2407,0,6,94
2408,0,6,94
2409,0,6,94
2410,0,6,94
2411,0,6,94
2412,0,6,94
2413,0,6,94
2414,0,6,94
2415,0,6,94
2416,0,6,94
2417,0,6,94
2418,0,6,94
2419,0,6,94
2420,0,6,94
2421,0,6,94
2422,0,6,94
2423,0,6,94
2424,0,6,94
2425,0,6,94
2426,0,6,94
2427,0,6,94
2428,0,6,94
2429,0,6,94
2430,0,6,94
2431,0,6,94
2432,0,6,94
2433,0,6,94
2434,0,6,94
2435,0,6,94
2436,0,6,94
2437,0,6,94
2438,0,6,94
2439,0,6,94
2440,0,6,94
2441,0,6,94
2442,0,6,94
2443,0,6,94
2444,0,6,94
2445,0,6,94
2446,0,6,94
2447,0,6,94
2448,0,6,94
2449,0,6,94
2450,0,6,94
2451,0,6,94
2452,0,6,94
2453,0,6,94
2454,0,6,94
2455,0,6,94
2456,0,6,94
2457,0,6,94
2458,0,6,94
2459,0,6,94
2460,0,6,94
2461,0,6,94
2462,0,6,94
2463,0,6,94
2464,0,6,94
2465,0,6,94
2466,0,6,94
2467,0,6,94
2468,0,6,94
2469,0,6,94
2470,0,6,94
2471,0,6,94
2472,0,6,94
2473,0,6,94
2474,0,6,94
2475,0,6,94
2476,0,6,94
2477,0,5,95
2478,0,5,95
2479,0,5,95
2480,0,5,95
2481,0,5,95
2482,0,5,95
2483,0,5,95
2484,0,5,95
2485,0,5,95
2486,0,5,95
2487,0,5,95
2488,0,5,95
2489,0,5,95
2490,0,5,95
2491,0,5,95
2492,0,5,95
2493,0,5,95
2494,0,5,95
2495,0,5,95
2496,0,5,95
2497,0,5,95
2498,0,5,95
2499,0,5,95
2500,0,5,95
2501,0,5,95
2502,0,5,95
2503,0,5,95
2504,0,5,95
2505,0,5,95
2506,0,5,95
2507,0,5,95
2508,0,5,95
2509,0,5,95
2510,0,5,95
2511,0,5,95
2512,0,5,95
2513,0,5,95
2514,0,5,95
2515,0,5,95
2516,0,5,95
2517,0,5,95
2518,0,5,95
2519,0,5,95
2520,0,5,95
2521,0,5,95
2522,0,5,95
2523,0,5,95
2524,0,5,95
2525,0,5,95
2526,0,5,95
2527,0,5,95
2528,0,5,95
2529,0,5,95
2530,0,5,95
2531,0,5,95
2532,0,5,95
2533,0,5,95
2534,0,5,95
2535,0,5,95
2536,0,5,95
2537,0,5,95
2538,0,5,95
2539,0,5,95
2540,0,5,95
2541,0,5,95
2542,0,5,95
2543,0,5,95
2544,0,5,95
2545,0,5,95
2546,0,5,95
2547,0,5,95
2548,0,5,95
2549,0,5,95
2550,0,5,95
2551,0,5,95
2552,0,5,95
2553,0,5,95
2554,0,5,95
2555,0,5,95
2556,0,5,95
2557,0,5,95
2558,0,5,95
2559,0,5,95
2560,0,5,95
2561,0,5,95
2562,0,5,95
2563,0,5,95
2564,0,5,95
2565,0,5,95
2566,0,5,95
2567,0,5,95
2568,0,5,95
2569,0,5,95
2570,0,5,95
2571,0,5,95
2572,0,5,95
2573,0,5,95
2574,0,5,95
2575,0,5,95
2576,0,5,95
2577,0,5,95
2578,0,5,95
2579,0,5,95
2580,0,5,95
2581,0,5,95
2582,0,5,95
2583,0,4,96
2584,0,4,96
2585,0,4,96
2586,0,4,96
2587,0,4,96
2588,0,4,96
2589,0,4,96
2590,0,4,96
2591,0,4,96
2592,0,4,96
2593,0,4,96
2594,0,4,96
2595,0,4,96
2596,0,4,96
2597,0,4,96
2598,0,4,96
2599,0,4,96
2600,0,4,96
2601,0,4,96
2602,0,4,96
2603,0,4,96
2604,0,4,96
2605,0,4,96
2606,0,4,96
2607,0,4,96
2608,0,4,96
2609,0,4,96
2610,0,4,96
2611,0,4,96
2612,0,4,96
2613,0,4,96
2614,0,4,96
2615,0,4,96
2616,0,4,96
2617,0,4,96
2618,0,4,96
2619,0,4,96
2620,0,4,96
2621,0,4,96
2622,0,4,96
2623,0,4,96
2624,0,3,97
2625,0,3,97
2626,0,3,97
2627,0,3,97
2628,0,3,97
2629,0,3,97
2630,0,3,97
2631,0,3,97
2632,0,3,97
2633,0,3,97
2634,0,3,97
2635,0,3,97
2636,0,3,97
2637,0,3,97
2638,0,3,97
2639,0,3,97
2640,0,3,97
2641,0,3,97
2642,0,3,97
2643,0,3,97
2644,0,3,97
2645,0,3,97
2646,0,3,97
2647,0,3,97
2648,0,3,97
2649,0,3,97
2650,0,3,97
2651,0,3,97
2652,0,3,97
2653,0,3,97
2654,0,3,97
2655,0,3,97
2656,0,3,97
2657,0,3,97
2658,0,3,97
2659,0,3,97
2660,0,3,97
2661,0,3,97
2662,0,3,97
2663,0,3,97
2664,0,3,97
2665,0,3,97
2666,0,3,97
2667,0,3,97
2668,0,3,97
2669,0,3,97
2670,0,3,97
2671,0,3,97
2672,0,3,97
2673,0,3,97
2674,0,3,97
2675,0,3,97
2676,0,3,97
2677,0,3,97
2678,0,3,97
2679,0,3,97
2680,0,3,97
2681,0,2,98
2682,0,2,98
2683,0,2,98
2684,0,2,98
2685,0,2,98
2686,0,2,98
2687,0,2,98
2688,0,2,98
2689,0,2,98
2690,0,2,98
2691,0,2,98
2692,0,2,98
2693,0,2,98
2694,0,2,98
2695,0,2,98
2696,0,2,98
2697,0,2,98
2698,0,2,98
2699,0,2,98
2700,0,2,98
2701,0,2,98
2702,0,2,98
2703,0,2,98
2704,0,2,98
2705,0,2,98
2706,0,2,98
2707,0,2,98
2708,0,2,98
2709,0,2,98
2710,0,2,98
2711,0,2,98
2712,0,2,98
2713,0,2,98
2714,0,2,98
2715,0,2,98
2716,0,2,98
2717,0,2,98
2718,0,2,98
2719,0,2,98
2720,0,2,98
2721,0,2,98
2722,0,2,98
2723,0,2,98
2724,0,2,98
2725,0,2,98
2726,0,2,98
2727,0,2,98
2728,0,2,98
2729,0,2,98
2730,0,2,98
2731,0,2,98
2732,0,2,98
2733,0,2,98
2734,0,2,98
2735,0,2,98
2736,0,2,98
2737,0,2,98
2738,0,2,98
2739,0,2,98
2740,0,2,98
2741,0,2,98
2742,0,2,98
2743,0,2,98
2744,0,2,98
2745,0,2,98
2746,0,2,98
2747,0,2,98
2748,0,2,98
2749,0,2,98
2750,0,2,98
2751,0,2,98
2752,0,2,98
2753,0,2,98
2754,0,2,98
2755,0,2,98
2756,0,2,98
2757,0,2,98
2758,0,2,98
2759,0,2,98
2760,0,2,98
2761,0,2,98
2762,0,2,98
2763,0,2,98
2764,0,2,98
2765,0,2,98
2766,0,2,98
2767,0,2,98
2768,0,2,98
2769,0,2,98
2770,0,2,98
2771,0,2,98
2772,0,2,98
2773,0,2,98
2774,0,2,98
2775,0,2,98
2776,0,2,98
2777,0,2,98
2778,0,2,98
2779,0,2,98
2780,0,2,98
2781,0,2,98
2782,0,2,98
2783,0,2,98
2784,0,2,98
2785,0,2,98
2786,0,2,98
2787,0,2,98
2788,0,2,98
2789,0,2,98
2790,0,2,98
2791,0,2,98
2792,0,2,98
2793,0,2,98
2794,0,2,98
2795,0,2,98
2796,0,2,98
2797,0,2,98
2798,0,2,98
2799,0,2,98
2800,0,1,99
2801,0,1,99
2802,0,1,99
2803,0,1,99
2804,0,1,99
2805,0,1,99
2806,0,1,99
2807,0,1,99
2808,0,1,99
2809,0,1,99
2810,0,1,99
2811,0,1,99
2812,0,1,99
2813,0,1,99
2814,0,1,99
2815,0,1,99
2816,0,1,99
2817,0,1,99
2818,0,1,99
2819,0,1,99
2820,0,1,99
2821,0,1,99
2822,0,1,99
2823,0,1,99
2824,0,1,99
2825,0,1,99
2826,0,1,99
2827,0,1,99
2828,0,1,99
2829,0,1,99
2830,0,1,99
2831,0,1,99
2832,0,1,99
2833,0,1,99
2834,0,1,99
2835,0,1,99
2836,0,1,99
2837,0,1,99
2838,0,1,99
2839,0,1,99
2840,0,1,99
2841,0,1,99
2842,0,1,99
2843,0,1,99
2844,0,1,99
2845,0,1,99
2846,0,1,99
2847,0,1,99
2848,0,1,99
2849,0,1,99
2850,0,1,99
2851,0,1,99
2852,0,1,99
2853,0,1,99
2854,0,1,99
2855,0,1,99
2856,0,1,99
2857,0,1,99
2858,0,1,99
2859,0,1,99
2860,0,1,99
2861,0,1,99
2862,0,1,99
2863,0,1,99
2864,0,1,99
2865,0,1,99
2866,0,1,99
2867,0,1,99
2868,0,1,99
2869,0,1,99
2870,0,1,99
2871,0,1,99
2872,0,1,99
2873,0,1,99
2874,0,1,99
2875,0,1,99
2876,0,1,99
2877,0,1,99
2878,0,1,99
2879,0,1,99
2880,0,1,99
2881,0,1,99
2882,0,1,99
2883,0,1,99
2884,0,1,99
2885,0,1,99
2886,0,1,99
2887,0,1,99
2888,0,1,99
2889,0,1,99
2890,0,1,99
2891,0,1,99
2892,0,1,99
2893,0,1,99
2894,0,1,99
2895,0,1,99
2896,0,1,99
2897,0,1,99
2898,0,1,99
2899,0,1,99
2900,0,1,99
2901,0,1,99
2902,0,1,99
2903,0,1,99
2904,0,1,99
2905,0,1,99
2906,0,1,99
2907,0,1,99
2908,0,1,99
2909,0,1,99
2910,0,1,99
2911,0,1,99
2912,0,1,99
2913,0,1,99
2914,0,1,99
2915,0,1,99
2916,0,1,99
2917,0,1,99
2918,0,1,99
2919,0,1,99
2920,0,1,99
2921,0,1,99
2922,0,1,99
2923,0,1,99
2924,0,1,99
2925,0,1,99
2926,0,1,99
2927,0,1,99
2928,0,1,99
2929,0,1,99
2930,0,1,99
2931,0,1,99
2932,0,1,99
2933,0,1,99
2934,0,1,99
2935,0,1,99
2936,0,1,99
2937,0,1,99
2938,0,1,99
2939,0,1,99
2940,0,1,99
2941,0,1,99
2942,0,1,99
2943,0,1,99
2944,0,1,99
2945,0,1,99
2946,0,1,99
2947,0,1,99
2948,0,1,99
2949,0,1,99
2950,0,1,99
2951,0,1,99
2952,0,1,99
2953,0,1,99
2954,0,1,99
2955,0,1,99
2956,0,1,99
2957,0,1,99
2958,0,1,99
2959,0,1,99
2960,0,1,99
2961,0,1,99
2962,0,1,99
2963,0,1,99
2964,0,1,99
2965,0,1,99
2966,0,1,99
2967,0,1,99
2968,0,1,99
2969,0,1,99
2970,0,1,99
2971,0,1,99
2972,0,1,99
2973,0,1,99
2974,0,1,99
2975,0,1,99
2976,0,1,99
2977,0,1,99
2978,0,1,99
2979,0,1,99
2980,0,1,99
2981,0,1,99
2982,0,1,99
2983,0,1,99
2984,0,1,99
2985,0,1,99
2986,0,1,99
2987,0,1,99
2988,0,1,99
2989,0,1,99
2990,0,1,99
2991,0,1,99
2992,0,1,99
2993,0,1,99
2994,0,1,99
2995,0,1,99
2996,0,1,99
2997,0,1,99
2998,0,1,99
2999,0,1,99
3000,0,1,99
