Time,Healthy,Undetectable,Detectable
0,97,3,0
1,97,3,0
2,97,3,0
3,97,3,0
4,97,3,0
5,97,3,0
6,97,3,0
7,97,3,0
8,97,3,0
9,97,3,0
10,97,3,0
11,97,3,0
12,97,3,0
13,97,3,0
14,97,3,0
15,97,3,0
16,97,3,0
17,97,3,0
18,97,3,0
19,97,3,0
20,97,3,0
21,97,3,0
22,97,3,0
23,97,3,0
24,97,3,0
25,97,3,0
26,97,3,0
27,97,3,0
28,97,3,0
29,97,2,1
30,97,2,1
31,97,2,1
32,97,2,1
33,97,2,1
34,97,2,1
35,97,2,1
36,97,2,1
37,97,2,1
38,97,2,1
39,97,2,1
40,97,2,1
41,97,2,1
42,97,2,1
43,97,2,1
44,97,2,1
45,97,2,1
46,97,2,1
47,97,2,1
48,97,2,1
49,97,2,1
50,97,2,1
51,97,2,1
52,97,2,1
53,97,2,1
54,97,2,1
55,97,2,1
56,97,2,1
57,97,2,1
58,97,2,1
59,97,2,1
60,97,2,1
61,97,2,1
62,97,2,1
63,97,2,1
64,97,2,1
65,97,2,1
66,97,2,1
67,97,2,1
68,97,2,1
69,97,2,1
70,97,2,1
71,97,2,1
72,97,2,1
73,97,2,1
74,96,3,1
75,96,3,1
76,96,3,1
77,96,3,1
78,96,3,1
79,96,3,1
80,96,3,1
81,96,3,1
82,96,3,1
83,96,3,1
84,96,3,1
85,96,3,1
86,96,3,1
87,96,3,1
88,96,3,1
89,96,3,1
90,96,3,1
91,96,3,1
92,96,3,1
93,96,3,1
94,96,3,1
95,96,3,1
96,96,3,1
97,96,3,1
98,96,3,1
99,96,3,1
100,96,3,1
101,96,3,1
102,96,2,2
103,96,2,2
104,96,2,2
105,96,2,2
106,96,2,2
107,96,2,2
108,96,2,2
109,96,2,2
110,96,2,2
111,96,2,2
112,96,2,2
113,96,2,2
114,96,2,2
115,96,2,2
116,96,2,2
117,96,1,3
118,96,1,3
119,96,1,3
120,96,1,3
121,96,1,3
122,96,1,3
123,96,1,3
124,96,1,3
125,96,1,3
126,96,1,3
127,96,1,3
128,96,1,3
129,96,1,3
130,96,1,3
131,96,1,3
132,96,1,3
133,96,1,3
134,96,1,3
135,96,1,3
136,96,1,3
137,96,1,3
138,96,1,3
139,96,1,3
140,96,1,3
141,96,1,3
142,96,1,3
143,96,1,3
144,96,1,3
145,96,1,3
146,96,1,3
147,96,1,3
148,96,1,3
149,96,1,3
150,96,1,3
151,96,1,3
152,96,1,3
153,96,1,3
154,96,1,3
155,96,1,3
156,96,1,3
157,96,1,3
158,96,1,3
159,96,1,3
160,96,1,3
161,96,1,3
162,96,1,3
163,96,1,3
164,96,1,3
165,96,1,3
166,96,1,3
167,96,1,3
168,96,1,3
169,96,1,3
170,96,1,3
171,96,1,3
172,96,1,3
173,96,1,3
174,96,1,3
175,96,1,3
176,96,1,3
177,96,1,3
178,96,1,3
179,96,1,3
180,96,1,3
181,96,1,3
182,96,1,3
183,96,1,3
184,96,1,3
185,96,1,3
186,96,1,3
187,96,1,3
188,96,1,3
189,96,1,3
190,96,1,3
191,96,1,3
192,96,1,3
193,96,1,3
194,96,1,3
195,96,1,3
196,96,1,3
197,96,1,3
198,96,1,3
199,96,1,3
200,96,1,3
201,96,1,3
202,96,1,3
203,96,1,3
204,96,1,3
205,96,1,3
206,96,1,3
207,96,1,3
208,96,1,3
209,96,1,3
210,96,1,3
211,96,1,3
212,96,1,3
213,96,1,3
214,96,1,3
215,96,1,3
216,96,1,3
217,96,1,3
218,96,1,3
219,96,1,3
220,96,1,3
221,96,1,3
222,96,1,3
223,96,1,3
224,96,1,3
225,96,1,3
226,96,1,3
227,96,1,3
228,96,1,3
229,95,2,3
230,95,2,3
231,95,2,3
232,95,2,3
233,95,2,3
234,95,2,3
235,95,2,3
236,95,2,3
237,95,2,3
238,95,2,3
239,95,2,3
240,95,2,3
241,95,2,3
242,95,2,3
243,95,2,3
244,95,2,3
245,95,2,3
246,95,2,3
247,95,2,3
248,95,2,3
249,95,2,3
250,95,2,3
251,95,2,3
252,94,3,3
253,94,3,3
254,94,3,3
255,94,3,3
256,94,3,3
257,94,3,3
258,94,3,3
259,94,3,3
260,94,3,3
261,94,3,3
262,94,3,3
263,94,3,3
264,94,3,3
265,94,3,3
266,94,3,3
267,94,3,3
268,94,3,3
269,94,3,3
270,94,3,3
271,94,3,3
272,94,3,3
273,94,3,3
274,94,3,3
275,94,3,3
276,94,3,3
277,94,3,3
278,94,3,3
279,94,3,3
280,93,4,3
281,93,4,3
282,93,4,3
283,93,4,3
284,93,4,3
285,93,4,3
286,93,4,3
287,93,4,3
288,93,4,3
289,93,4,3
290,93,4,3
291,93,4,3
292,93,4,3
293,93,4,3
294,93,4,3
295,93,4,3
296,93,4,3
297,93,4,3
298,93,4,3
299,93,4,3
300,93,4,3
301,93,4,3
302,93,3,4
303,93,3,4
304,93,3,4
305,93,3,4
306,93,3,4
307,93,3,4
308,93,3,4
309,93,3,4
310,93,3,4
311,92,4,4
312,92,4,4
313,92,4,4
314,92,4,4
315,92,4,4
316,92,4,4
317,92,3,5
318,92,3,5
319,92,3,5
320,92,3,5
321,92,3,5
322,92,3,5
323,92,3,5
324,92,3,5
325,92,3,5
326,92,3,5
327,92,3,5
328,92,3,5
329,92,3,5
330,92,3,5
331,91,4,5
332,91,4,5
333,91,4,5
334,91,4,5
335,91,4,5
336,91,4,5
337,91,4,5
338,91,4,5
339,91,4,5
340,91,4,5
341,91,4,5
342,91,4,5
343,91,4,5
344,91,4,5
345,91,4,5
346,90,5,5
347,90,5,5
348,90,5,5
349,90,5,5
350,90,5,5
351,90,5,5
352,90,5,5
353,90,5,5
354,90,5,5
355,90,5,5
356,90,5,5
357,90,5,5
358,90,5,5
359,90,5,5
360,90,4,6
361,90,4,6
362,90,4,6
363,90,4,6
364,90,4,6
365,90,4,6
366,90,4,6
367,90,4,6
368,90,4,6
369,90,4,6
370,90,4,6
371,90,4,6
372,89,5,6
373,89,5,6
374,89,5,6
375,89,5,6
376,89,5,6
377,89,5,6
378,89,5,6
379,89,5,6
380,89,5,6
381,89,5,6
382,89,5,6
383,89,5,6
384,89,5,6
385,89,5,6
386,89,5,6
387,89,5,6
388,89,5,6
389,89,5,6
390,89,5,6
391,89,5,6
392,89,5,6
393,89,5,6
394,89,5,6
395,89,5,6
396,89,5,6
397,88,6,6
398,88,6,6
399,88,5,7
400,88,5,7
401,88,5,7
402,88,5,7
403,88,5,7
404,88,5,7
405,88,5,7
406,88,5,7
407,88,5,7
408,87,6,7
409,87,6,7
410,87,6,7
411,87,6,7
412,87,6,7
413,87,6,7
414,87,6,7
415,87,6,7
416,87,6,7
417,87,6,7
418,87,6,7
419,87,6,7
420,87,6,7
421,87,6,7
422,87,6,7
423,87,6,7
424,87,6,7
425,87,6,7
426,87,6,7
427,87,6,7
428,87,6,7
429,87,6,7
430,87,6,7
431,87,6,7
432,87,6,7
433,87,6,7
434,87,6,7
435,87,6,7
436,87,6,7
437,87,6,7
438,87,6,7
439,87,6,7
440,87,6,7
441,87,6,7
442,87,6,7
443,87,6,7
444,87,6,7
445,87,6,7
446,87,6,7
447,87,6,7
448,87,6,7
449,87,6,7
450,87,6,7
451,86,7,7
452,86,7,7
453,86,7,7
454,86,7,7
455,86,7,7
456,86,7,7
457,86,7,7
458,85,8,7
459,85,8,7
460,85,8,7
461,85,8,7
462,85,8,7
463,85,8,7
464,85,8,7
465,85,8,7
466,85,8,7
467,85,8,7
468,85,8,7
469,85,8,7
470,85,8,7
471,85,8,7
472,85,8,7
473,85,8,7
474,85,8,7
475,85,8,7
476,85,8,7
477,85,8,7
478,85,8,7
479,85,8,7
480,85,8,7
481,85,8,7
482,85,8,7
483,85,8,7
484,85,8,7
485,85,8,7
486,85,8,7
487,85,8,7
488,85,8,7
489,85,8,7
490,85,8,7
491,85,8,7
492,85,8,7
493,85,8,7
494,85,8,7
495,85,8,7
496,85,8,7
497,85,8,7
498,85,8,7
499,85,8,7
500,85,8,7
501,85,8,7
502,85,8,7
503,85,8,7
504,85,8,7
505,84,9,7
506,84,9,7
507,84,9,7
508,84,9,7
509,84,9,7
510,83,10,7
511,83,10,7
512,83,10,7
513,83,10,7
514,83,10,7
515,83,10,7
516,83,10,7
517,83,10,7
518,83,10,7
519,83,10,7
520,83,10,7
521,83,10,7
522,83,10,7
523,83,10,7
524,82,11,7
525,82,11,7
526,82,11,7
527,82,11,7
528,82,11,7
529,82,11,7
530,82,11,7
531,82,11,7
532,82,11,7
533,82,11,7
534,82,11,7
535,82,11,7
536,82,11,7
537,82,11,7
538,82,11,7
539,82,11,7
540,82,11,7
541,82,10,8
542,82,9,9
543,82,9,9
544,82,9,9
545,82,9,9
546,82,9,9
547,82,9,9
548,81,10,9
549,81,10,9
550,81,10,9
551,81,10,9
552,81,10,9
553,81,10,9
554,81,10,9
555,81,10,9
556,81,10,9
557,81,10,9
558,81,10,9
559,80,11,9
560,80,11,9
561,79,12,9
562,79,12,9
563,79,11,10
564,79,11,10
565,79,11,10
566,79,11,10
567,79,11,10
568,79,11,10
569,79,11,10
570,79,11,10
571,79,11,10
572,79,11,10
573,79,11,10
574,79,11,10
575,79,11,10
576,79,11,10
577,79,11,10
578,79,11,10
579,79,11,10
580,79,11,10
581,79,11,10
582,79,11,10
583,79,11,10
584,79,11,10
585,79,11,10
586,79,11,10
587,79,11,10
588,78,12,10
589,78,12,10
590,78,12,10
591,78,12,10
592,78,12,10
593,78,12,10
594,78,12,10
595,78,12,10
596,78,12,10
597,78,12,10
598,78,12,10
599,78,12,10
600,78,12,10
601,76,14,10
602,76,14,10
603,76,14,10
604,76,14,10
605,76,14,10
606,76,14,10
607,75,15,10
608,75,15,10
609,75,15,10
610,75,14,11
611,75,14,11
612,75,14,11
613,74,15,11
614,74,15,11
615,74,15,11
616,74,15,11
617,74,15,11
618,74,15,11
619,74,15,11
620,74,15,11
621,74,15,11
622,74,15,11
623,74,15,11
624,74,15,11
625,73,16,11
626,73,16,11
627,73,16,11
628,73,16,11
629,73,16,11
630,73,16,11
631,73,16,11
632,73,16,11
633,73,16,11
634,73,16,11
635,73,16,11
636,73,16,11
637,73,16,11
638,73,15,12
639,73,15,12
640,73,15,12
641,73,15,12
642,73,15,12
643,73,15,12
644,73,15,12
645,73,15,12
646,73,15,12
647,73,15,12
648,73,15,12
649,73,15,12
650,73,15,12
651,73,15,12
652,73,15,12
653,73,15,12
654,73,15,12
655,73,15,12
656,73,15,12
657,72,16,12
658,72,16,12
659,71,17,12
660,71,17,12
661,71,17,12
662,71,17,12
663,71,17,12
664,71,17,12
665,71,17,12
666,70,18,12
667,69,19,12
668,69,19,12
669,69,19,12
670,69,19,12
671,69,19,12
672,69,19,12
673,68,20,12
674,68,20,12
675,68,20,12
676,67,21,12
677,67,21,12
678,67,21,12
679,67,21,12
680,66,21,13
681,66,21,13
682,66,21,13
683,65,22,13
684,65,22,13
685,65,22,13
686,65,22,13
687,65,22,13
688,65,22,13
689,65,22,13
690,65,22,13
691,65,22,13
692,65,22,13
693,65,22,13
694,65,22,13
695,65,22,13
696,65,22,13
697,65,22,13
698,65,21,14
699,65,21,14
700,65,21,14
701,65,21,14
702,65,21,14
703,65,21,14
704,65,21,14
705,64,22,14
706,64,22,14
707,64,22,14
708,64,22,14
709,64,22,14
710,64,22,14
711,64,22,14
712,64,22,14
713,63,23,14
714,63,23,14
715,62,24,14
716,62,24,14
717,62,24,14
718,62,24,14
719,62,24,14
720,62,24,14
721,62,24,14
722,62,24,14
723,62,24,14
724,62,24,14
725,62,24,14
726,62,24,14
727,62,24,14
728,62,24,14
729,61,25,14
730,61,25,14
731,61,25,14
732,61,25,14
733,61,25,14
734,61,25,14
735,61,24,15
736,61,24,15
737,61,24,15
738,61,24,15
739,61,24,15
740,61,24,15
741,61,24,15
742,61,24,15
743,61,24,15
744,61,24,15
745,61,24,15
746,61,24,15
747,61,24,15
748,61,24,15
749,61,23,16
750,61,23,16
751,61,23,16
752,60,24,16
753,60,24,16
754,60,24,16
755,60,24,16
756,60,24,16
757,60,23,17
758,60,23,17
759,60,23,17
760,60,23,17
761,59,24,17
762,59,23,18
763,59,23,18
764,59,23,18
765,59,23,18
766,59,23,18
767,59,23,18
768,59,23,18
769,59,23,18
770,59,23,18
771,59,22,19
772,59,22,19
773,59,22,19
774,59,22,19
775,59,22,19
776,59,22,19
777,59,22,19
778,59,22,19
779,59,22,19
780,58,23,19
781,58,23,19
782,58,23,19
783,58,22,20
784,58,22,20
785,58,22,20
786,58,22,20
787,58,22,20
788,58,22,20
789,58,22,20
790,58,22,20
791,58,22,20
792,57,22,21
793,57,22,21
794,57,22,21
795,57,22,21
796,57,22,21
797,57,22,21
798,57,22,21
799,57,22,21
800,57,22,21
801,57,22,21
802,57,22,21
803,57,22,21
804,57,22,21
805,57,22,21
806,57,22,21
807,57,22,21
808,56,23,21
809,56,23,21
810,56,23,21
811,56,23,21
812,56,23,21
813,56,23,21
814,56,23,21
815,56,23,21
816,56,23,21
817,56,23,21
818,55,24,21
819,55,24,21
820,55,24,21
821,55,24,21
822,55,24,21
823,55,24,21
824,55,24,21
825,55,24,21
826,55,24,21
827,55,24,21
828,54,25,21
829,54,25,21
830,54,25,21
831,54,25,21
832,53,26,21
833,52,27,21
834,52,27,21
835,52,27,21
836,52,27,21
837,52,27,21
838,51,28,21
839,51,28,21
840,51,28,21
841,51,28,21
842,51,28,21
843,51,27,22
844,50,28,22
845,50,28,22
846,50,28,22
847,48,30,22
848,48,30,22
849,46,32,22
850,46,32,22
851,46,32,22
852,45,33,22
853,45,33,22
854,45,33,22
855,45,33,22
856,45,33,22
857,45,33,22
858,45,33,22
859,45,33,22
860,45,33,22
861,45,33,22
862,45,33,22
863,45,33,22
864,45,33,22
865,45,33,22
866,45,33,22
867,45,33,22
868,45,33,22
869,45,33,22
870,45,33,22
871,44,34,22
872,44,34,22
873,43,35,22
874,43,35,22
875,43,35,22
876,43,35,22
877,43,35,22
878,42,36,22
879,42,35,23
880,42,35,23
881,42,35,23
882,42,35,23
883,41,36,23
884,41,36,23
885,41,36,23
886,41,36,23
887,41,35,24
888,41,35,24
889,41,35,24
890,41,35,24
891,41,35,24
892,41,35,24
893,41,35,24
894,41,35,24
895,41,35,24
896,41,35,24
897,41,35,24
898,41,35,24
899,41,35,24
900,41,35,24
901,41,34,25
902,41,33,26
903,41,33,26
904,41,33,26
905,41,33,26
906,41,33,26
907,41,33,26
908,41,33,26
909,41,33,26
910,41,33,26
911,41,33,26
912,40,34,26
913,40,34,26
914,40,34,26
915,40,34,26
916,40,34,26
917,40,34,26
918,40,34,26
919,39,35,26
920,39,35,26
921,39,35,26
922,39,35,26
923,39,35,26
924,39,35,26
925,39,35,26
926,39,35,26
927,39,35,26
928,39,35,26
929,39,35,26
930,39,34,27
931,39,33,28
932,39,33,28
933,39,33,28
934,39,33,28
935,39,33,28
936,39,33,28
937,39,33,28
938,39,33,28
939,39,33,28
940,39,33,28
941,38,34,28
942,38,33,29
943,38,33,29
944,38,33,29
945,38,33,29
946,38,33,29
947,38,33,29
948,38,33,29
949,38,33,29
950,37,34,29
951,37,33,30
952,37,33,30
953,37,33,30
954,36,34,30
955,36,34,30
956,36,34,30
957,36,34,30
958,36,34,30
959,36,34,30
960,36,34,30
961,35,35,30
962,35,35,30
963,34,36,30
964,34,36,30
965,34,35,31
966,34,35,31
967,34,35,31
968,34,35,31
969,34,35,31
970,33,36,31
971,32,37,31
972,32,37,31
973,32,37,31
974,31,38,31
975,31,38,31
976,31,38,31
977,31,38,31
978,31,37,32
979,31,36,33
980,31,36,33
981,31,36,33
982,31,36,33
983,31,36,33
984,31,36,33
985,30,37,33
986,30,37,33
987,30,37,33
988,29,38,33
989,29,38,33
990,29,38,33
991,29,38,33
992,29,38,33
993,29,38,33
994,29,38,33
995,29,38,33
996,28,39,33
997,28,39,33
998,28,39,33
999,28,39,33
1000,27,40,33
1001,27,40,33
1002,27,40,33
1003,27,40,33
1004,25,42,33
1005,25,42,33
1006,25,42,33
1007,25,41,34
1008,25,41,34
1009,25,41,34
1010,25,41,34
1011,25,41,34
1012,25,41,34
1013,25,41,34
1014,25,41,34
1015,25,41,34
1016,25,41,34
1017,25,41,34
1018,25,41,34
1019,25,41,34
1020,25,41,34
1021,25,41,34
1022,25,41,34
1023,25,41,34
1024,25,41,34
1025,25,41,34
1026,25,41,34
1027,24,41,35
1028,24,41,35
1029,24,41,35
1030,24,41,35
1031,24,41,35
1032,24,41,35
1033,24,41,35
1034,24,41,35
1035,24,41,35
1036,24,40,36
1037,24,40,36
1038,24,39,37
1039,24,39,37
1040,24,39,37
1041,24,39,37
1042,24,38,38
1043,23,39,38
1044,23,39,38
1045,23,39,38
1046,22,40,38
1047,22,40,38
1048,22,40,38
1049,22,40,38
1050,22,40,38
1051,22,40,38
1052,22,40,38
1053,21,41,38
1054,20,41,39
1055,20,40,40
1056,20,40,40
1057,20,40,40
1058,20,40,40
1059,20,39,41
1060,19,40,41
1061,19,40,41
1062,19,40,41
1063,19,40,41
1064,19,40,41
1065,19,40,41
1066,19,40,41
1067,18,41,41
1068,18,41,41
1069,18,41,41
1070,18,40,42
1071,18,40,42
1072,18,40,42
1073,17,41,42
1074,17,41,42
1075,17,41,42
1076,17,41,42
1077,17,41,42
1078,17,41,42
1079,17,40,43
1080,17,40,43
1081,17,40,43
1082,17,40,43
1083,17,40,43
1084,17,40,43
1085,16,40,44
1086,16,40,44
1087,16,40,44
1088,16,40,44
1089,16,40,44
1090,16,40,44
1091,16,40,44
1092,16,40,44
1093,16,40,44
1094,15,41,44
1095,15,41,44
1096,15,41,44
1097,15,41,44
1098,15,41,44
1099,15,41,44
1100,15,41,44
1101,15,41,44
1102,15,41,44
1103,15,41,44
1104,15,41,44
1105,15,41,44
1106,15,39,46
1107,15,39,46
1108,15,39,46
1109,15,39,46
1110,15,39,46
1111,15,39,46
1112,15,39,46
1113,15,39,46
1114,15,39,46
1115,15,39,46
1116,15,39,46
1117,15,39,46
1118,15,39,46
1119,14,40,46
1120,14,40,46
1121,14,40,46
1122,13,40,47
1123,13,40,47
1124,13,40,47
1125,12,41,47
1126,12,41,47
1127,12,41,47
1128,12,41,47
1129,12,41,47
1130,12,41,47
1131,12,41,47
1132,12,41,47
1133,12,41,47
1134,12,41,47
1135,12,41,47
1136,12,40,48
1137,12,39,49
1138,12,39,49
1139,12,39,49
1140,12,39,49
1141,12,39,49
1142,12,39,49
1143,12,39,49
1144,12,39,49
1145,12,39,49
1146,12,39,49
1147,12,39,49
1148,12,39,49
1149,12,39,49
1150,12,39,49
1151,12,39,49
1152,11,40,49
1153,11,40,49
1154,11,40,49
1155,11,40,49
1156,11,40,49
1157,11,39,50
1158,11,39,50
1159,10,39,51
1160,10,39,51
1161,10,39,51
1162,10,39,51
1163,10,39,51
1164,10,39,51
1165,10,39,51
1166,10,39,51
1167,10,39,51
1168,10,39,51
1169,10,39,51
1170,10,39,51
1171,10,39,51
1172,10,39,51
1173,9,40,51
1174,9,40,51
1175,9,40,51
1176,8,40,52
1177,8,40,52
1178,8,40,52
1179,8,40,52
1180,8,40,52
1181,8,40,52
1182,8,40,52
1183,8,40,52
1184,8,40,52
1185,8,39,53
1186,7,40,53
1187,7,40,53
1188,7,40,53
1189,7,40,53
1190,7,40,53
1191,7,39,54
1192,7,39,54
1193,6,40,54
1194,6,40,54
1195,5,41,54
1196,5,41,54
1197,5,40,55
1198,5,40,55
1199,5,40,55
1200,5,39,56
1201,4,40,56
1202,4,40,56
1203,4,40,56
1204,4,40,56
1205,4,39,57
1206,4,39,57
1207,4,39,57
1208,3,40,57
1209,3,40,57
1210,3,40,57
1211,3,40,57
1212,3,40,57
1213,2,41,57
1214,2,41,57
1215,2,41,57
1216,2,41,57
1217,2,41,57
1218,2,41,57
1219,2,41,57
1220,2,41,57
1221,2,41,57
1222,2,41,57
1223,2,41,57
1224,2,41,57
1225,2,41,57
1226,2,41,57
1227,2,41,57
1228,2,41,57
1229,2,41,57
1230,2,41,57
1231,2,41,57
1232,2,41,57
1233,2,41,57
1234,2,41,57
1235,2,41,57
1236,2,41,57
1237,2,41,57
1238,2,41,57
1239,2,41,57
1240,2,41,57
1241,2,41,57
1242,2,41,57
1243,2,41,57
1244,2,41,57
1245,2,41,57
1246,2,41,57
1247,2,41,57
1248,2,40,58
1249,2,40,58
1250,2,40,58
1251,2,40,58
1252,2,40,58
1253,2,40,58
1254,2,40,58
1255,2,40,58
1256,2,40,58
1257,2,40,58
1258,2,40,58
1259,2,40,58
1260,2,40,58
1261,2,40,58
1262,2,40,58
1263,2,40,58
1264,2,40,58
1265,2,40,58
1266,2,40,58
1267,2,40,58
1268,2,40,58
1269,2,40,58
1270,2,40,58
1271,2,40,58
1272,2,40,58
1273,2,39,59
1274,2,39,59
1275,2,39,59
1276,2,38,60
1277,2,37,61
1278,2,37,61
1279,2,36,62
1280,2,36,62
1281,2,36,62
1282,2,36,62
1283,2,36,62
1284,2,36,62
1285,2,36,62
1286,2,36,62
1287,2,36,62
1288,2,36,62
1289,2,36,62
1290,2,36,62
1291,2,36,62
1292,2,36,62
1293,2,36,62
1294,1,37,62
1295,1,37,62
1296,1,37,62
1297,1,36,63
1298,1,36,63
1299,0,37,63
1300,0,37,63
1301,0,37,63
1302,0,37,63
1303,0,37,63
1304,0,37,63
1305,0,37,63
1306,0,37,63
1307,0,37,63
1308,0,37,63
1309,0,37,63
1310,0,37,63
1311,0,37,63
1312,0,37,63
1313,0,37,63
1314,0,37,63
1315,0,37,63
1316,0,37,63
1317,0,37,63
1318,0,36,64
1319,0,36,64
1320,0,36,64
1321,0,36,64
1322,0,36,64
1323,0,36,64
1324,0,36,64
1325,0,36,64
1326,0,36,64
1327,0,36,64
1328,0,35,65
1329,0,35,65
1330,0,35,65
1331,0,35,65
1332,0,35,65
1333,0,35,65
1334,0,34,66
1335,0,34,66
1336,0,34,66
1337,0,34,66
1338,0,34,66
1339,0,34,66
1340,0,34,66
1341,0,34,66
1342,0,33,67
1343,0,33,67
1344,0,33,67
1345,0,33,67
1346,0,33,67
1347,0,33,67
1348,0,33,67
1349,0,32,68
1350,0,32,68
1351,0,32,68
1352,0,32,68
1353,0,32,68
1354,0,32,68
1355,0,32,68
1356,0,32,68
1357,0,32,68
1358,0,32,68
1359,0,32,68
1360,0,32,68
1361,0,32,68
1362,0,32,68
1363,0,32,68
1364,0,32,68
1365,0,32,68
1366,0,32,68
1367,0,32,68
1368,0,32,68
1369,0,32,68
1370,0,32,68
1371,0,32,68
1372,0,32,68
1373,0,32,68
1374,0,32,68
1375,0,32,68
1376,0,32,68
1377,0,32,68
1378,0,32,68
1379,0,32,68
1380,0,32,68
1381,0,32,68
1382,0,32,68
1383,0,32,68
1384,0,32,68
1385,0,32,68
1386,0,32,68
1387,0,32,68
1388,0,32,68
1389,0,32,68
1390,0,32,68
1391,0,32,68
1392,0,32,68
1393,0,32,68
1394,0,32,68
1395,0,32,68
1396,0,32,68
1397,0,32,68
1398,0,32,68
1399,0,32,68
1400,0,32,68
1401,0,31,69
1402,0,31,69
1403,0,31,69
1404,0,31,69
1405,0,30,70
1406,0,30,70
1407,0,30,70
1408,0,29,71
1409,0,29,71
1410,0,29,71
1411,0,29,71
1412,0,29,71
1413,0,29,71
1414,0,28,72
1415,0,28,72
1416,0,28,72
1417,0,28,72
1418,0,28,72
1419,0,28,72
1420,0,28,72
1421,0,28,72
1422,0,28,72
1423,0,28,72
1424,0,28,72
1425,0,28,72
1426,0,28,72
1427,0,28,72
1428,0,28,72
1429,0,28,72
1430,0,28,72
1431,0,28,72
1432,0,28,72
1433,0,28,72
1434,0,28,72
1435,0,28,72
1436,0,28,72
1437,0,28,72
1438,0,27,73
1439,0,27,73
1440,0,27,73
1441,0,27,73
1442,0,27,73
1443,0,27,73
1444,0,27,73
1445,0,27,73
1446,0,27,73
1447,0,27,73
1448,0,27,73
1449,0,27,73
1450,0,27,73
1451,0,27,73
1452,0,27,73
1453,0,27,73
1454,0,27,73
1455,0,27,73
1456,0,27,73
1457,0,27,73
1458,0,27,73
1459,0,27,73
1460,0,27,73
1461,0,27,73
1462,0,27,73
1463,0,27,73
1464,0,27,73
1465,0,27,73
1466,0,27,73
1467,0,27,73
1468,0,27,73
1469,0,27,73
1470,0,27,73
1471,0,27,73
1472,0,27,73
1473,0,27,73
1474,0,27,73
1475,0,27,73
1476,0,27,73
1477,0,27,73
1478,0,27,73
1479,0,27,73
1480,0,26,74
1481,0,26,74
1482,0,26,74
1483,0,26,74
1484,0,26,74
1485,0,26,74
1486,0,26,74
1487,0,26,74
1488,0,26,74
1489,0,26,74
1490,0,26,74
1491,0,26,74
1492,0,26,74
1493,0,26,74
1494,0,26,74
1495,0,26,74
1496,0,26,74
1497,0,26,74
1498,0,26,74
1499,0,26,74
1500,0,26,74
1501,0,26,74
1502,0,26,74
1503,0,26,74
1504,0,26,74
1505,0,26,74
1506,0,26,74
1507,0,26,74
1508,0,26,74
1509,0,26,74
1510,0,26,74
1511,0,26,74
1512,0,26,74
1513,0,26,74
1514,0,26,74
1515,0,26,74
1516,0,26,74
1517,0,26,74
1518,0,26,74
1519,0,26,74
1520,0,26,74
1521,0,26,74
1522,0,26,74
1523,0,25,75
1524,0,25,75
1525,0,25,75
1526,0,25,75
1527,0,24,76
1528,0,24,76
1529,0,24,76
1530,0,24,76
1531,0,24,76
1532,0,24,76
1533,0,24,76
1534,0,24,76
1535,0,24,76
1536,0,24,76
1537,0,24,76
1538,0,23,77
1539,0,23,77
1540,0,23,77
1541,0,23,77
1542,0,23,77
1543,0,23,77
1544,0,23,77
1545,0,23,77
1546,0,23,77
1547,0,22,78
1548,0,22,78
1549,0,22,78
1550,0,22,78
1551,0,22,78
1552,0,22,78
1553,0,22,78
1554,0,22,78
1555,0,22,78
1556,0,22,78
1557,0,22,78
1558,0,22,78
1559,0,22,78
1560,0,22,78
1561,0,22,78
1562,0,22,78
1563,0,22,78
1564,0,22,78
1565,0,22,78
1566,0,22,78
1567,0,22,78
1568,0,22,78
1569,0,22,78
1570,0,22,78
1571,0,22,78
1572,0,22,78
1573,0,22,78
1574,0,22,78
1575,0,22,78
1576,0,22,78
1577,0,22,78
1578,0,22,78
1579,0,22,78
1580,0,22,78
1581,0,22,78
1582,0,22,78
1583,0,22,78
1584,0,22,78
1585,0,22,78
1586,0,22,78
1587,0,22,78
1588,0,22,78
1589,0,22,78
1590,0,22,78
1591,0,22,78
1592,0,22,78
1593,0,22,78
1594,0,22,78
1595,0,22,78
1596,0,21,79
1597,0,21,79
1598,0,21,79
1599,0,21,79
1600,0,21,79
1601,0,21,79
1602,0,21,79
1603,0,21,79
1604,0,21,79
1605,0,21,79
1606,0,21,79
1607,0,21,79
1608,0,21,79
1609,0,21,79
1610,0,21,79
1611,0,21,79
1612,0,21,79
1613,0,21,79
1614,0,21,79
1615,0,21,79
1616,0,21,79
1617,0,21,79
1618,0,21,79
1619,0,21,79
1620,0,21,79
1621,0,21,79
1622,0,21,79
1623,0,21,79
1624,0,21,79
1625,0,21,79
1626,0,21,79
1627,0,21,79
1628,0,21,79
1629,0,21,79
1630,0,20,80
1631,0,20,80
1632,0,20,80
1633,0,20,80
1634,0,20,80
1635,0,20,80
1636,0,20,80
1637,0,19,81
1638,0,19,81
1639,0,19,81
1640,0,19,81
1641,0,19,81
1642,0,18,82
1643,0,18,82
1644,0,18,82
1645,0,18,82
1646,0,18,82
1647,0,18,82
1648,0,18,82
1649,0,18,82
1650,0,18,82
1651,0,18,82
1652,0,18,82
1653,0,18,82
1654,0,18,82
1655,0,18,82
1656,0,18,82
1657,0,18,82
1658,0,18,82
1659,0,18,82
1660,0,18,82
1661,0,18,82
1662,0,18,82
1663,0,18,82
1664,0,18,82
1665,0,18,82
1666,0,18,82
1667,0,18,82
1668,0,18,82
1669,0,18,82
1670,0,18,82
1671,0,18,82
1672,0,18,82
1673,0,18,82
1674,0,18,82
1675,0,18,82
1676,0,18,82
1677,0,18,82
1678,0,18,82
1679,0,18,82
1680,0,18,82
1681,0,18,82
1682,0,18,82
1683,0,18,82
1684,0,18,82
1685,0,18,82
1686,0,18,82
1687,0,18,82
1688,0,18,82
1689,0,18,82
1690,0,18,82
1691,0,18,82
1692,0,18,82
1693,0,18,82
1694,0,17,83
1695,0,17,83
1696,0,17,83
1697,0,17,83
1698,0,17,83
1699,0,17,83
1700,0,17,83
1701,0,17,83
1702,0,17,83
1703,0,17,83
1704,0,17,83
1705,0,17,83
1706,0,17,83
1707,0,17,83
1708,0,17,83
1709,0,17,83
1710,0,17,83
1711,0,17,83
1712,0,17,83
1713,0,17,83
1714,0,17,83
1715,0,17,83
1716,0,17,83
1717,0,17,83
1718,0,17,83
1719,0,17,83
1720,0,17,83
1721,0,17,83
1722,0,17,83
1723,0,17,83
1724,0,17,83
1725,0,17,83
1726,0,17,83
1727,0,17,83
1728,0,17,83
1729,0,17,83
1730,0,17,83
1731,0,17,83
1732,0,17,83
1733,0,17,83
1734,0,17,83
1735,0,17,83
1736,0,17,83
1737,0,17,83
1738,0,17,83
1739,0,17,83
1740,0,17,83
1741,0,17,83
1742,0,17,83
1743,0,17,83
1744,0,17,83
1745,0,17,83
1746,0,17,83
1747,0,17,83
1748,0,17,83
1749,0,17,83
1750,0,17,83
1751,0,17,83
1752,0,17,83
1753,0,17,83
1754,0,17,83
1755,0,17,83
1756,0,17,83
1757,0,17,83
1758,0,17,83
1759,0,17,83
1760,0,17,83
1761,0,17,83
1762,0,17,83
1763,0,17,83
1764,0,17,83
1765,0,17,83
1766,0,17,83
1767,0,17,83
1768,0,17,83
1769,0,17,83
1770,0,17,83
1771,0,17,83
1772,0,16,84
1773,0,16,84
1774,0,16,84
1775,0,16,84
1776,0,16,84
1777,0,15,85
1778,0,15,85
1779,0,15,85
1780,0,15,85
1781,0,15,85
1782,0,15,85
1783,0,15,85
1784,0,15,85
1785,0,15,85
1786,0,15,85
1787,0,15,85
1788,0,15,85
1789,0,15,85
1790,0,15,85
1791,0,15,85
1792,0,15,85
1793,0,15,85
1794,0,15,85
1795,0,15,85
1796,0,15,85
1797,0,15,85
1798,0,15,85
1799,0,15,85
1800,0,15,85
1801,0,15,85
1802,0,15,85
1803,0,15,85
1804,0,15,85
1805,0,15,85
1806,0,15,85
1807,0,15,85
1808,0,15,85
1809,0,15,85
1810,0,15,85
1811,0,15,85
1812,0,15,85
1813,0,15,85
1814,0,15,85
1815,0,15,85
1816,0,15,85
1817,0,15,85
1818,0,15,85
1819,0,14,86
1820,0,14,86
1821,0,14,86
1822,0,14,86
1823,0,14,86
1824,0,14,86
1825,0,14,86
1826,0,14,86
1827,0,14,86
1828,0,14,86
1829,0,14,86
1830,0,14,86
1831,0,14,86
1832,0,14,86
1833,0,14,86
1834,0,14,86
1835,0,14,86
1836,0,14,86
1837,0,14,86
1838,0,14,86
1839,0,14,86
1840,0,13,87
1841,0,13,87
1842,0,13,87
1843,0,13,87
1844,0,13,87
1845,0,13,87
1846,0,13,87
1847,0,13,87
1848,0,13,87
1849,0,13,87
1850,0,13,87
1851,0,13,87
1852,0,13,87
1853,0,13,87
1854,0,13,87
1855,0,13,87
1856,0,13,87
1857,0,13,87
1858,0,13,87
1859,0,13,87
1860,0,13,87
1861,0,13,87
1862,0,13,87
1863,0,13,87
1864,0,13,87
1865,0,13,87
1866,0,13,87
1867,0,13,87
1868,0,13,87
1869,0,13,87
1870,0,13,87
1871,0,13,87
1872,0,13,87
1873,0,13,87
1874,0,13,87
1875,0,13,87
1876,0,13,87
1877,0,13,87
1878,0,13,87
1879,0,13,87
1880,0,13,87
1881,0,13,87
1882,0,13,87
1883,0,13,87
1884,0,13,87
1885,0,13,87
1886,0,13,87
1887,0,13,87
1888,0,13,87
1889,0,13,87
1890,0,13,87
1891,0,13,87
1892,0,13,87
1893,0,13,87
1894,0,13,87
1895,0,13,87
1896,0,13,87
1897,0,13,87
1898,0,13,87
1899,0,13,87
1900,0,13,87
1901,0,13,87
1902,0,13,87
1903,0,13,87
1904,0,13,87
1905,0,13,87
1906,0,13,87
1907,0,13,87
1908,0,13,87
1909,0,13,87
1910,0,13,87
1911,0,13,87
1912,0,13,87
1913,0,13,87
1914,0,13,87
1915,0,13,87
1916,0,13,87
1917,0,13,87
1918,0,13,87
1919,0,13,87
1920,0,13,87
1921,0,13,87
1922,0,13,87
1923,0,13,87
1924,0,13,87
1925,0,13,87
1926,0,13,87
1927,0,13,87
1928,0,13,87
1929,0,13,87
1930,0,13,87
1931,0,13,87
1932,0,13,87
1933,0,13,87
1934,0,13,87
1935,0,13,87
1936,0,13,87
1937,0,13,87
1938,0,13,87
1939,0,13,87
1940,0,13,87
1941,0,13,87
1942,0,12,88
1943,0,12,88
1944,0,12,88
1945,0,12,88
1946,0,12,88
1947,0,12,88
1948,0,12,88
1949,0,12,88
1950,0,12,88
1951,0,12,88
1952,0,12,88
1953,0,12,88
1954,0,12,88
1955,0,12,88
1956,0,12,88
1957,0,12,88
1958,0,12,88
1959,0,12,88
1960,0,11,89
1961,0,11,89
1962,0,11,89
1963,0,11,89
1964,0,11,89
1965,0,11,89
1966,0,11,89
1967,0,11,89
1968,0,11,89
1969,0,11,89
1970,0,11,89
1971,0,11,89
1972,0,11,89
1973,0,11,89
1974,0,11,89
1975,0,11,89
1976,0,11,89
1977,0,11,89
1978,0,11,89
1979,0,11,89
1980,0,11,89
1981,0,11,89
1982,0,11,89
1983,0,11,89
1984,0,11,89
1985,0,11,89
1986,0,11,89
1987,0,11,89
1988,0,11,89
1989,0,11,89
1990,0,11,89
1991,0,11,89
1992,0,11,89
1993,0,11,89
1994,0,11,89
1995,0,11,89
1996,0,11,89
1997,0,11,89
1998,0,11,89
1999,0,11,89
2000,0,11,89
2001,0,11,89
2002,0,11,89
2003,0,11,89
2004,0,11,89
2005,0,11,89
2006,0,11,89
2007,0,11,89
2008,0,11,89
2009,0,11,89
2010,0,11,89
2011,0,11,89
2012,0,11,89
2013,0,11,89
2014,0,11,89
2015,0,11,89
2016,0,11,89
2017,0,11,89
2018,0,11,89
2019,0,11,89
2020,0,11,89
2021,0,11,89
2022,0,11,89
2023,0,11,89
2024,0,11,89
2025,0,11,89
2026,0,11,89
2027,0,11,89
2028,0,11,89
2029,0,11,89
2030,0,11,89
2031,0,11,89
2032,0,11,89
2033,0,11,89
2034,0,11,89
2035,0,11,89
2036,0,11,89
2037,0,11,89
2038,0,11,89
2039,0,11,89
2040,0,11,89
2041,0,11,89
2042,0,11,89
2043,0,11,89
2044,0,11,89
2045,0,11,89
2046,0,11,89
2047,0,11,89
2048,0,11,89
2049,0,11,89
2050,0,11,89
2051,0,11,89
2052,0,11,89
2053,0,11,89
2054,0,11,89
2055,0,11,89
2056,0,11,89
2057,0,11,89
2058,0,11,89
2059,0,11,89
2060,0,11,89
2061,0,11,89
2062,0,11,89
2063,0,11,89
2064,0,11,89
2065,0,11,89
2066,0,11,89
2067,0,11,89
2068,0,11,89
2069,0,11,89
2070,0,11,89
2071,0,11,89
2072,0,11,89
2073,0,11,89
2074,0,11,89
2075,0,11,89
2076,0,11,89
2077,0,11,89
2078,0,11,89
2079,0,11,89
2080,0,11,89
2081,0,11,89
2082,0,11,89
2083,0,11,89
2084,0,11,89
2085,0,11,89
2086,0,11,89
2087,0,11,89
2088,0,11,89
2089,0,11,89
2090,0,11,89
2091,0,11,89
2092,0,11,89
2093,0,11,89
2094,0,11,89
2095,0,11,89
2096,0,11,89
2097,0,11,89
2098,0,11,89
2099,0,10,90
2100,0,10,90
2101,0,10,90
2102,0,10,90
2103,0,10,90
2104,0,10,90
2105,0,10,90
2106,0,10,90
2107,0,10,90
2108,0,10,90
2109,0,10,90
2110,0,10,90
2111,0,10,90
2112,0,10,90
2113,0,10,90
2114,0,10,90
2115,0,10,90
2116,0,10,90
2117,0,10,90
2118,0,10,90
2119,0,10,90
2120,0,10,90
2121,0,10,90
2122,0,10,90
2123,0,10,90
2124,0,10,90
2125,0,10,90
2126,0,10,90
2127,0,10,90
2128,0,10,90
2129,0,10,90
2130,0,10,90
2131,0,10,90
2132,0,10,90
2133,0,9,91
2134,0,9,91
2135,0,9,91
2136,0,9,91
2137,0,9,91
2138,0,9,91
2139,0,9,91
2140,0,9,91
2141,0,9,91
2142,0,9,91
2143,0,9,91
2144,0,9,91
2145,0,9,91
2146,0,9,91
2147,0,9,91
2148,0,9,91
2149,0,9,91
2150,0,9,91
2151,0,9,91
2152,0,9,91
2153,0,9,91
2154,0,9,91
2155,0,9,91
2156,0,9,91
2157,0,9,91
2158,0,9,91
2159,0,9,91
2160,0,9,91
2161,0,9,91
2162,0,9,91
2163,0,9,91
2164,0,9,91
2165,0,9,91
2166,0,9,91
2167,0,9,91
2168,0,9,91
2169,0,9,91
2170,0,9,91
2171,0,9,91
2172,0,9,91
2173,0,9,91
2174,0,9,91
2175,0,9,91
2176,0,9,91
2177,0,9,91
2178,0,9,91
2179,0,9,91
2180,0,9,91
2181,0,9,91
2182,0,9,91
2183,0,9,91
2184,0,9,91
2185,0,9,91
2186,0,9,91
2187,0,9,91
2188,0,9,91
2189,0,9,91
2190,0,9,91
2191,0,9,91
2192,0,9,91
2193,0,9,91
2194,0,9,91
2195,0,9,91
2196,0,9,91
2197,0,9,91
2198,0,9,91
2199,0,9,91
2200,0,9,91
2201,0,9,91
2202,0,9,91
2203,0,9,91
2204,0,9,91
2205,0,9,91
2206,0,9,91
2207,0,9,91
2208,0,9,91
2209,0,9,91
2210,0,9,91
2211,0,9,91
2212,0,9,91
2213,0,9,91
2214,0,9,91
2215,0,9,91
2216,0,8,92
2217,0,8,92
2218,0,8,92
2219,0,8,92
2220,0,8,92
2221,0,8,92
2222,0,8,92
2223,0,8,92
2224,0,8,92
2225,0,8,92
2226,0,8,92
2227,0,8,92
2228,0,8,92
2229,0,8,92
2230,0,8,92
2231,0,8,92
2232,0,8,92
2233,0,8,92
2234,0,8,92
2235,0,8,92
2236,0,8,92
2237,0,8,92
2238,0,8,92
2239,0,8,92
2240,0,8,92
2241,0,8,92
2242,0,8,92
2243,0,8,92
2244,0,8,92
2245,0,8,92
2246,0,8,92
2247,0,8,92
2248,0,8,92
2249,0,8,92
2250,0,8,92
2251,0,8,92
2252,0,8,92
2253,0,8,92
2254,0,8,92
2255,0,8,92
2256,0,8,92
2257,0,8,92
2258,0,8,92
2259,0,8,92
2260,0,8,92
2261,0,8,92
2262,0,8,92
2263,0,8,92
2264,0,8,92
2265,0,8,92
2266,0,8,92
2267,0,8,92
2268,0,8,92
2269,0,8,92
2270,0,8,92
2271,0,8,92
2272,0,8,92
2273,0,8,92
2274,0,8,92
2275,0,8,92
2276,0,8,92
2277,0,8,92
2278,0,8,92
2279,0,8,92
2280,0,8,92
2281,0,8,92
2282,0,8,92
2283,0,8,92
2284,0,8,92
2285,0,8,92
2286,0,8,92
2287,0,8,92
2288,0,8,92
2289,0,8,92
2290,0,8,92
2291,0,8,92
2292,0,8,92
2293,0,8,92
2294,0,8,92
2295,0,8,92
2296,0,8,92
2297,0,8,92
2298,0,8,92
2299,0,8,92
2300,0,8,92
2301,0,8,92
2302,0,8,92
2303,0,8,92
2304,0,8,92
2305,0,8,92
2306,0,8,92
2307,0,8,92
2308,0,8,92
2309,0,8,92
2310,0,8,92
2311,0,8,92
2312,0,8,92
2313,0,8,92
2314,0,8,92
2315,0,8,92
2316,0,8,92
2317,0,8,92
2318,0,8,92
2319,0,8,92
2320,0,8,92
2321,0,8,92
2322,0,8,92
2323,0,8,92
2324,0,8,92
2325,0,8,92
2326,0,8,92
2327,0,8,92
2328,0,8,92
2329,0,8,92
2330,0,8,92
2331,0,8,92
2332,0,8,92
2333,0,8,92
2334,0,8,92
2335,0,8,92
2336,0,8,92
2337,0,8,92
2338,0,8,92
2339,0,8,92
2340,0,8,92
2341,0,8,92
2342,0,8,92
2343,0,8,92
2344,0,8,92
2345,0,7,93
2346,0,7,93
2347,0,7,93
2348,0,7,93
2349,0,7,93
2350,0,7,93
2351,0,7,93
2352,0,7,93
2353,0,7,93
2354,0,7,93
2355,0,7,93
2356,0,7,93
2357,0,7,93
2358,0,7,93
2359,0,7,93
2360,0,7,93
2361,0,7,93
2362,0,7,93
2363,0,7,93
2364,0,7,93
2365,0,7,93
2366,0,7,93
2367,0,7,93
2368,0,7,93
2369,0,7,93
2370,0,7,93
2371,0,7,93
2372,0,7,93
2373,0,7,93
2374,0,6,94
2375,0,6,94
2376,0,6,94
2377,0,6,94
2378,0,6,94
2379,0,6,94
2380,0,6,94
2381,0,6,94
2382,0,6,94
2383,0,6,94
2384,0,6,94
2385,0,6,94
2386,0,6,94
2387,0,6,94
2388,0,6,94
2389,0,6,94
2390,0,6,94
2391,0,6,94
2392,0,6,94
2393,0,6,94
2394,0,6,94
2395,0,6,94
2396,0,6,94
2397,0,6,94
2398,0,6,94
2399,0,6,94
2400,0,6,94
2401,0,6,94
2402,0,6,94
2403,0,6,94
2404,0,6,94
2405,0,6,94
2406,0,6,94
2407,0,6,94
2408,0,6,94
2409,0,6,94
2410,0,6,94
2411,0,6,94
2412,0,6,94
2413,0,6,94
2414,0,6,94
2415,0,6,94
2416,0,6,94
2417,0,6,94
2418,0,6,94
2419,0,6,94
2420,0,6,94
2421,0,6,94
2422,0,6,94
2423,0,6,94
2424,0,6,94
2425,0,6,94
2426,0,6,94
2427,0,6,94
2428,0,6,94
2429,0,6,94
2430,0,6,94
2431,0,6,94
2432,0,6,94
2433,0,6,94
2434,0,6,94
2435,0,6,94
2436,0,6,94
2437,0,6,94
2438,0,6,94
2439,0,6,94
2440,0,6,94
2441,0,6,94
2442,0,6,94
2443,0,6,94
2444,0,6,94
2445,0,6,94
2446,0,6,94
2447,0,6,94
2448,0,6,94
2449,0,6,94
2450,0,6,94
2451,0,6,94
2452,0,6,94
2453,0,6,94
2454,0,6,94
2455,0,6,94
2456,0,6,94
2457,0,6,94
2458,0,6,94
2459,0,6,94
2460,0,6,94
2461,0,6,94
2462,0,6,94
2463,0,6,94
2464,0,6,94
2465,0,6,94
2466,0,6,94
2467,0,6,94
2468,0,6,94
2469,0,6,94
2470,0,6,94
2471,0,6,94
2472,0,6,94
2473,0,6,94
2474,0,6,94
2475,0,6,94
2476,0,6,94
2477,0,6,94
2478,0,6,94
2479,0,6,94
2480,0,6,94
2481,0,6,94
2482,0,6,94
2483,0,6,94
2484,0,6,94
2485,0,6,94
2486,0,6,94
2487,0,6,94
2488,0,6,94
2489,0,6,94
2490,0,6,94
2491,0,6,94
2492,0,6,94
2493,0,6,94
2494,0,6,94
2495,0,6,94
2496,0,6,94
2497,0,6,94
2498,0,6,94
2499,0,6,94
2500,0,6,94
2501,0,6,94
2502,0,6,94
2503,0,6,94
2504,0,6,94
2505,0,6,94
2506,0,6,94
2507,0,6,94
2508,0,6,94
2509,0,6,94
2510,0,6,94
2511,0,6,94
2512,0,6,94
2513,0,6,94
2514,0,6,94
2515,0,6,94
2516,0,6,94
2517,0,6,94
2518,0,6,94
2519,0,6,94
2520,0,6,94
2521,0,6,94
2522,0,6,94
2523,0,6,94
2524,0,6,94
2525,0,6,94
2526,0,6,94
2527,0,6,94
2528,0,6,94
2529,0,6,94
2530,0,6,94
2531,0,6,94
2532,0,6,94
2533,0,6,94
2534,0,6,94
2535,0,6,94
2536,0,6,94
2537,0,6,94
2538,0,6,94
2539,0,6,94
2540,0,6,94
2541,0,6,94
2542,0,6,94
2543,0,6,94
2544,0,6,94
2545,0,6,94
2546,0,6,94
2547,0,6,94
2548,0,6,94
2549,0,6,94
2550,0,6,94
2551,0,5,95
2552,0,5,95
2553,0,5,95
2554,0,5,95
2555,0,5,95
2556,0,5,95
2557,0,5,95
2558,0,5,95
2559,0,5,95
2560,0,5,95
2561,0,5,95
2562,0,5,95
2563,0,5,95
2564,0,5,95
2565,0,5,95
2566,0,5,95
2567,0,5,95
2568,0,5,95
2569,0,5,95
2570,0,5,95
2571,0,5,95
2572,0,5,95
2573,0,5,95
2574,0,5,95
2575,0,5,95
2576,0,5,95
2577,0,5,95
2578,0,5,95
2579,0,5,95
2580,0,4,96
2581,0,4,96
2582,0,4,96
2583,0,4,96
2584,0,4,96
2585,0,4,96
2586,0,4,96
2587,0,4,96
2588,0,4,96
2589,0,4,96
2590,0,4,96
2591,0,4,96
2592,0,4,96
2593,0,4,96
2594,0,4,96
2595,0,4,96
2596,0,4,96
2597,0,4,96
2598,0,4,96
2599,0,4,96
2600,0,4,96
2601,0,4,96
2602,0,4,96
2603,0,4,96
2604,0,4,96
2605,0,4,96
2606,0,4,96
2607,0,4,96
2608,0,4,96
2609,0,4,96
2610,0,4,96
2611,0,4,96
2612,0,4,96
2613,0,4,96
2614,0,4,96
2615,0,4,96
2616,0,4,96
2617,0,4,96
2618,0,4,96
2619,0,4,96
2620,0,4,96
2621,0,4,96
2622,0,4,96
2623,0,4,96
2624,0,4,96
2625,0,4,96
2626,0,4,96
2627,0,4,96
2628,0,4,96
2629,0,4,96
2630,0,4,96
2631,0,4,96
2632,0,4,96
2633,0,4,96
2634,0,4,96
2635,0,4,96
2636,0,4,96
2637,0,4,96
2638,0,4,96
2639,0,4,96
2640,0,4,96
2641,0,4,96
2642,0,4,96
2643,0,4,96
2644,0,4,96
2645,0,4,96
2646,0,4,96
2647,0,4,96
2648,0,4,96
2649,0,4,96
2650,0,4,96
2651,0,4,96
2652,0,4,96
2653,0,4,96
2654,0,4,96
2655,0,4,96
2656,0,4,96
2657,0,4,96
2658,0,4,96
2659,0,4,96
2660,0,4,96
2661,0,4,96
2662,0,4,96
2663,0,4,96
2664,0,4,96
2665,0,4,96
2666,0,4,96
2667,0,4,96
2668,0,4,96
2669,0,4,96
2670,0,4,96
2671,0,4,96
2672,0,4,96
2673,0,4,96
2674,0,4,96
2675,0,4,96
2676,0,4,96
2677,0,4,96
2678,0,3,97
2679,0,3,97
2680,0,3,97
2681,0,3,97
2682,0,3,97
2683,0,3,97
2684,0,3,97
2685,0,3,97
2686,0,3,97
2687,0,3,97
2688,0,3,97
2689,0,3,97
2690,0,2,98
2691,0,2,98
2692,0,2,98
2693,0,2,98
2694,0,2,98
2695,0,2,98
2696,0,2,98
2697,0,2,98
2698,0,1,99
2699,0,1,99
2700,0,1,99
2701,0,1,99
2702,0,1,99
2703,0,1,99
2704,0,1,99
2705,0,1,99
2706,0,1,99
2707,0,1,99
2708,0,1,99
2709,0,1,99
2710,0,1,99
2711,0,1,99
2712,0,1,99
2713,0,1,99
2714,0,1,99
2715,0,1,99
2716,0,1,99
2717,0,1,99
2718,0,1,99
2719,0,1,99
2720,0,1,99
2721,0,1,99
2722,0,1,99
2723,0,1,99
2724,0,1,99
2725,0,1,99
2726,0,1,99
2727,0,1,99
2728,0,1,99
2729,0,1,99
2730,0,1,99
2731,0,1,99
2732,0,1,99
2733,0,1,99
2734,0,1,99
2735,0,1,99
2736,0,1,99
2737,0,1,99
2738,0,1,99
2739,0,1,99
2740,0,1,99
2741,0,1,99
2742,0,1,99
2743,0,1,99
2744,0,1,99
2745,0,1,99
2746,0,1,99
2747,0,1,99
2748,0,1,99
2749,0,1,99
2750,0,1,99
2751,0,1,99
2752,0,1,99
2753,0,1,99
2754,0,1,99
2755,0,1,99
2756,0,1,99
2757,0,1,99
2758,0,1,99
2759,0,1,99
2760,0,1,99
2761,0,1,99
2762,0,1,99
2763,0,1,99
2764,0,1,99
2765,0,1,99
2766,0,1,99
2767,0,1,99
2768,0,1,99
2769,0,1,99
2770,0,1,99
2771,0,1,99
2772,0,1,99
2773,0,1,99
2774,0,1,99
2775,0,1,99
2776,0,1,99
2777,0,1,99
2778,0,1,99
2779,0,1,99
2780,0,0,100
2781,0,0,100
2782,0,0,100
2783,0,0,100
2784,0,0,100
2785,0,0,100
2786,0,0,100
2787,0,0,100
2788,0,0,100
2789,0,0,100
2790,0,0,100
2791,0,0,100
2792,0,0,100
2793,0,0,100
2794,0,0,100
2795,0,0,100
2796,0,0,100
2797,0,0,100
2798,0,0,100
2799,0,0,100
2800,0,0,100
2801,0,0,100
2802,0,0,100
2803,0,0,100
2804,0,0,100
2805,0,0,100
2806,0,0,100
2807,0,0,100
2808,0,0,100
2809,0,0,100
2810,0,0,100
2811,0,0,100
2812,0,0,100
2813,0,0,100
2814,0,0,100
2815,0,0,100
2816,0,0,100
2817,0,0,100
2818,0,0,100
2819,0,0,100
2820,0,0,100
2821,0,0,100
2822,0,0,100
2823,0,0,100
2824,0,0,100
2825,0,0,100
2826,0,0,100
2827,0,0,100
2828,0,0,100
2829,0,0,100
2830,0,0,100
2831,0,0,100
2832,0,0,100
2833,0,0,100
2834,0,0,100
2835,0,0,100
2836,0,0,100
2837,0,0,100
2838,0,0,100
2839,0,0,100
2840,0,0,100
2841,0,0,100
2842,0,0,100
2843,0,0,100
2844,0,0,100
2845,0,0,100
2846,0,0,100
2847,0,0,100
2848,0,0,100
2849,0,0,100
2850,0,0,100
2851,0,0,100
2852,0,0,100
2853,0,0,100
2854,0,0,100
2855,0,0,100
2856,0,0,100
2857,0,0,100
2858,0,0,100
2859,0,0,100
2860,0,0,100
2861,0,0,100
2862,0,0,100
2863,0,0,100
2864,0,0,100
2865,0,0,100
2866,0,0,100
2867,0,0,100
2868,0,0,100
2869,0,0,100
2870,0,0,100
2871,0,0,100
2872,0,0,100
2873,0,0,100
2874,0,0,100
2875,0,0,100
2876,0,0,100
2877,0,0,100
2878,0,0,100
2879,0,0,100
2880,0,0,100
2881,0,0,100
2882,0,0,100
2883,0,0,100
2884,0,0,100
2885,0,0,100
2886,0,0,100
2887,0,0,100
2888,0,0,100
2889,0,0,100
2890,0,0,100
2891,0,0,100
2892,0,0,100
2893,0,0,100
2894,0,0,100
2895,0,0,100
2896,0,0,100
2897,0,0,100
2898,0,0,100
2899,0,0,100
2900,0,0,100
2901,0,0,100
2902,0,0,100
2903,0,0,100
2904,0,0,100
2905,0,0,100
2906,0,0,100
2907,0,0,100
2908,0,0,100
2909,0,0,100
2910,0,0,100
2911,0,0,100
2912,0,0,100
2913,0,0,100
2914,0,0,100
2915,0,0,100
2916,0,0,100
2917,0,0,100
2918,0,0,100
2919,0,0,100
2920,0,0,100
2921,0,0,100
2922,0,0,100
2923,0,0,100
2924,0,0,100
2925,0,0,100
2926,0,0,100
2927,0,0,100
2928,0,0,100
2929,0,0,100
2930,0,0,100
2931,0,0,100
2932,0,0,100
2933,0,0,100
2934,0,0,100
2935,0,0,100
2936,0,0,100
2937,0,0,100
2938,0,0,100
2939,0,0,100
2940,0,0,100
2941,0,0,100
2942,0,0,100
2943,0,0,100
2944,0,0,100
2945,0,0,100
2946,0,0,100
2947,0,0,100
2948,0,0,100
2949,0,0,100
2950,0,0,100
2951,0,0,100
2952,0,0,100
2953,0,0,100
2954,0,0,100
2955,0,0,100
2956,0,0,100
2957,0,0,100
2958,0,0,100
2959,0,0,100
2960,0,0,100
2961,0,0,100
2962,0,0,100
2963,0,0,100
2964,0,0,100
2965,0,0,100
2966,0,0,100
2967,0,0,100
2968,0,0,100
2969,0,0,100
2970,0,0,100
2971,0,0,100
2972,0,0,100
2973,0,0,100
2974,0,0,100
2975,0,0,100
2976,0,0,100
2977,0,0,100
2978,0,0,100
2979,0,0,100
2980,0,0,100
2981,0,0,100
2982,0,0,100
2983,0,0,100
2984,0,0,100
2985,0,0,100
2986,0,0,100
2987,0,0,100
2988,0,0,100
2989,0,0,100
2990,0,0,100
2991,0,0,100
2992,0,0,100
2993,0,0,100
2994,0,0,100
2995,0,0,100
2996,0,0,100
2997,0,0,100
2998,0,0,100
2999,0,0,100
3000,0,0,100
