Time,Healthy,Undetectable,Detectable
0,97,3,0
1,97,3,0
2,97,3,0
3,97,3,0
4,97,3,0
5,97,3,0
6,97,3,0
7,97,3,0
8,97,3,0
9,97,3,0
10,97,3,0
11,97,3,0
12,97,3,0
13,97,3,0
14,97,3,0
15,97,3,0
16,97,3,0
17,97,3,0
18,97,3,0
19,97,3,0
20,97,3,0
21,97,3,0
22,97,3,0
23,97,3,0
24,97,3,0
25,97,3,0
26,97,3,0
27,97,3,0
28,97,3,0
29,97,3,0
30,97,3,0
31,97,3,0
32,97,3,0
33,97,3,0
34,97,3,0
35,97,3,0
36,97,3,0
37,97,3,0
38,97,3,0
39,97,3,0
40,97,3,0
41,97,3,0
42,97,3,0
43,97,3,0
44,97,3,0
45,97,3,0
46,97,3,0
47,97,3,0
48,97,3,0
49,97,3,0
50,97,3,0
51,97,3,0
52,97,3,0
53,97,3,0
54,97,3,0
55,97,3,0
56,97,3,0
57,97,3,0
58,97,3,0
59,97,3,0
60,97,3,0
61,97,3,0
62,97,3,0
63,97,3,0
64,97,3,0
65,97,3,0
66,97,3,0
67,97,3,0
68,97,3,0
69,97,3,0
70,97,3,0
71,97,3,0
72,97,3,0
73,97,3,0
74,97,3,0
75,97,3,0
76,97,3,0
77,97,3,0
78,97,3,0
79,97,3,0
80,97,3,0
81,97,3,0
82,97,3,0
83,97,3,0
84,97,3,0
85,97,3,0
86,97,3,0
87,97,3,0
88,97,3,0
89,97,3,0
90,97,3,0
91,97,3,0
92,97,3,0
93,97,3,0
94,97,3,0
95,97,3,0
96,97,3,0
97,97,3,0
98,97,3,0
99,97,3,0
100,97,3,0
101,97,3,0
102,97,3,0
103,97,3,0
104,97,3,0
105,97,3,0
106,97,3,0
107,97,3,0
108,97,3,0
109,97,3,0
110,97,3,0
111,97,3,0
112,97,3,0
113,97,3,0
114,97,3,0
115,97,3,0
116,97,3,0
117,97,3,0
118,97,3,0
119,97,3,0
120,97,3,0
121,97,3,0
122,97,3,0
123,97,3,0
124,97,3,0
125,97,3,0
126,97,3,0
127,97,3,0
128,97,3,0
129,97,3,0
130,97,3,0
131,97,3,0
132,97,3,0
133,97,3,0
134,97,3,0
135,97,3,0
136,97,3,0
137,97,3,0
138,97,3,0
139,97,3,0
140,97,3,0
141,97,3,0
142,97,3,0
143,97,3,0
144,97,3,0
145,97,3,0
146,97,3,0
147,97,3,0
148,97,3,0
149,97,3,0
150,97,3,0
151,97,3,0
152,97,3,0
153,97,3,0
154,97,3,0
155,97,3,0
156,97,3,0
157,97,3,0
158,97,3,0
159,97,3,0
160,97,3,0
161,97,3,0
162,97,3,0
163,97,3,0
164,97,3,0
165,97,3,0
166,97,3,0
167,97,3,0
168,97,3,0
169,97,3,0
170,97,3,0
171,97,3,0
172,97,3,0
173,97,3,0
174,97,3,0
175,97,3,0
176,97,3,0
177,97,3,0
178,97,3,0
179,97,3,0
180,97,3,0
181,97,3,0
182,97,3,0
183,97,3,0
184,97,3,0
185,97,3,0
186,97,3,0
187,97,3,0
188,97,3,0
189,97,3,0
190,97,3,0
191,97,3,0
192,97,3,0
193,97,3,0
194,97,3,0
195,97,3,0
196,97,3,0
197,97,3,0
198,97,3,0
199,97,3,0
200,97,3,0
201,97,3,0
202,97,3,0
203,97,3,0
204,97,3,0
205,97,3,0
206,97,3,0
207,97,3,0
208,97,3,0
209,97,3,0
210,97,3,0
211,97,3,0
212,97,3,0
213,97,3,0
214,97,3,0
215,97,3,0
216,97,3,0
217,97,3,0
218,97,3,0
219,97,3,0
220,97,3,0
221,97,3,0
222,97,3,0
223,97,3,0
224,97,3,0
225,97,3,0
226,97,3,0
227,97,3,0
228,97,3,0
229,97,3,0
230,97,3,0
231,97,3,0
232,97,3,0
233,97,3,0
234,97,3,0
235,97,3,0
236,97,3,0
237,97,3,0
238,97,3,0
239,97,3,0
240,97,3,0
241,97,3,0
242,97,3,0
243,97,3,0
244,97,3,0
245,97,3,0
246,97,3,0
247,97,3,0
248,97,3,0
249,97,3,0
250,97,3,0
251,97,3,0
252,97,3,0
253,97,3,0
254,97,3,0
255,97,3,0
256,97,3,0
257,97,3,0
258,97,3,0
259,97,3,0
260,97,3,0
261,97,3,0
262,97,3,0
263,97,3,0
264,97,3,0
265,97,3,0
266,97,3,0
267,97,3,0
268,97,3,0
269,97,3,0
270,97,3,0
271,97,3,0
272,97,3,0
273,97,3,0
274,97,3,0
275,97,3,0
276,97,3,0
277,97,3,0
278,97,3,0
279,97,3,0
280,97,3,0
281,97,3,0
282,97,3,0
283,97,3,0
284,97,3,0
285,97,3,0
286,97,3,0
287,97,3,0
288,97,3,0
289,97,3,0
290,97,3,0
291,97,3,0
292,97,3,0
293,97,3,0
294,97,3,0
295,97,3,0
296,97,3,0
297,97,3,0
298,97,3,0
299,97,3,0
300,97,3,0
301,97,3,0
302,97,3,0
303,97,3,0
304,97,3,0
305,97,3,0
306,97,3,0
307,97,3,0
308,97,3,0
309,97,3,0
310,97,3,0
311,97,3,0
312,97,3,0
313,97,3,0
314,97,3,0
315,97,3,0
316,97,3,0
317,97,3,0
318,97,3,0
319,97,3,0
320,97,3,0
321,97,3,0
322,97,3,0
323,97,3,0
324,97,3,0
325,97,3,0
326,97,3,0
327,97,3,0
328,97,3,0
329,97,3,0
330,97,3,0
331,97,3,0
332,97,3,0
333,97,3,0
334,97,3,0
335,97,3,0
336,97,3,0
337,97,3,0
338,97,3,0
339,97,3,0
340,97,3,0
341,97,3,0
342,97,3,0
343,97,3,0
344,97,3,0
345,97,3,0
346,97,3,0
347,97,3,0
348,97,3,0
349,97,3,0
350,97,3,0
351,97,3,0
352,97,3,0
353,97,3,0
354,97,3,0
355,97,3,0
356,97,3,0
357,97,3,0
358,97,3,0
359,97,3,0
360,97,3,0
361,97,3,0
362,97,3,0
363,97,3,0
364,97,3,0
365,97,3,0
366,97,3,0
367,97,3,0
368,97,3,0
369,97,3,0
370,97,3,0
371,97,3,0
372,97,3,0
373,97,3,0
374,97,3,0
375,97,3,0
376,97,3,0
377,97,3,0
378,97,3,0
379,97,3,0
380,97,3,0
381,97,3,0
382,97,3,0
383,97,3,0
384,97,3,0
385,97,3,0
386,97,3,0
387,97,3,0
388,97,3,0
389,97,3,0
390,97,3,0
391,97,3,0
392,97,3,0
393,97,3,0
394,97,3,0
395,97,3,0
396,97,3,0
397,97,3,0
398,97,3,0
399,97,3,0
400,97,3,0
401,97,3,0
402,97,3,0
403,97,3,0
404,97,3,0
405,97,3,0
406,97,3,0
407,97,3,0
408,97,3,0
409,97,3,0
410,97,3,0
411,97,3,0
412,97,3,0
413,97,3,0
414,97,3,0
415,97,3,0
416,97,3,0
417,97,3,0
418,97,3,0
419,97,3,0
420,97,3,0
421,97,3,0
422,97,3,0
423,97,3,0
424,97,3,0
425,97,3,0
426,97,3,0
427,97,3,0
428,97,3,0
429,97,3,0
430,97,3,0
431,97,3,0
432,97,3,0
433,97,3,0
434,97,3,0
435,97,3,0
436,97,3,0
437,97,3,0
438,97,3,0
439,97,3,0
440,97,3,0
441,97,3,0
442,97,3,0
443,97,3,0
444,97,3,0
445,97,3,0
446,97,3,0
447,97,3,0
448,97,3,0
449,97,3,0
450,97,3,0
451,97,3,0
452,97,3,0
453,97,3,0
454,97,3,0
455,97,3,0
456,97,3,0
457,97,3,0
458,97,3,0
459,97,3,0
460,97,3,0
461,97,3,0
462,97,3,0
463,97,3,0
464,97,3,0
465,97,3,0
466,97,3,0
467,97,3,0
468,97,3,0
469,97,3,0
470,97,3,0
471,97,3,0
472,97,3,0
473,97,3,0
474,97,3,0
475,97,3,0
476,97,3,0
477,97,3,0
478,97,3,0
479,97,3,0
480,97,3,0
481,97,3,0
482,97,3,0
483,97,3,0
484,97,3,0
485,97,3,0
486,97,3,0
487,97,3,0
488,97,3,0
489,97,3,0
490,97,3,0
491,97,3,0
492,97,3,0
493,97,3,0
494,97,3,0
495,97,3,0
496,97,3,0
497,97,3,0
498,97,3,0
499,97,3,0
500,97,3,0
501,97,3,0
502,97,3,0
503,97,3,0
504,97,3,0
505,97,3,0
506,97,3,0
507,97,3,0
508,97,3,0
509,97,3,0
510,97,3,0
511,97,3,0
512,97,3,0
513,97,3,0
514,97,3,0
515,97,3,0
516,97,3,0
517,97,3,0
518,97,3,0
519,97,3,0
520,97,3,0
521,97,3,0
522,97,3,0
523,97,3,0
524,97,3,0
525,97,3,0
526,97,3,0
527,97,3,0
528,97,3,0
529,97,3,0
530,97,3,0
531,97,3,0
532,97,3,0
533,97,3,0
534,97,3,0
535,97,3,0
536,97,3,0
537,97,3,0
538,97,3,0
539,97,3,0
540,97,3,0
541,97,3,0
542,97,3,0
543,97,3,0
544,97,3,0
545,97,3,0
546,97,3,0
547,97,3,0
548,97,3,0
549,97,3,0
550,97,3,0
551,97,3,0
552,97,3,0
553,97,3,0
554,97,3,0
555,97,3,0
556,97,3,0
557,97,3,0
558,97,3,0
559,97,3,0
560,97,3,0
561,97,3,0
562,97,3,0
563,97,3,0
564,97,3,0
565,97,3,0
566,97,3,0
567,97,3,0
568,97,3,0
569,97,3,0
570,97,3,0
571,97,3,0
572,97,3,0
573,97,3,0
574,97,3,0
575,97,3,0
576,97,3,0
577,97,3,0
578,97,3,0
579,97,3,0
580,97,3,0
581,97,3,0
582,97,3,0
583,97,3,0
584,97,3,0
585,97,3,0
586,97,3,0
587,97,3,0
588,97,3,0
589,97,3,0
590,97,3,0
591,97,3,0
592,97,3,0
593,97,3,0
594,97,3,0
595,97,3,0
596,97,3,0
597,97,3,0
598,97,3,0
599,97,3,0
600,97,3,0
601,97,3,0
602,97,3,0
603,97,3,0
604,97,3,0
605,97,3,0
606,97,3,0
607,97,3,0
608,97,3,0
609,97,3,0
610,97,3,0
611,97,3,0
612,97,3,0
613,97,3,0
614,97,3,0
615,97,3,0
616,97,3,0
617,97,3,0
618,97,3,0
619,97,3,0
620,97,3,0
621,97,3,0
622,97,3,0
623,97,3,0
624,97,3,0
625,97,3,0
626,97,3,0
627,97,3,0
628,97,3,0
629,97,3,0
630,97,3,0
631,97,3,0
632,97,3,0
633,97,3,0
634,97,3,0
635,97,3,0
636,97,3,0
637,97,3,0
638,97,3,0
639,97,3,0
640,97,3,0
641,97,3,0
642,97,3,0
643,97,3,0
644,97,3,0
645,97,3,0
646,97,3,0
647,97,3,0
648,97,3,0
649,97,3,0
650,97,3,0
651,97,3,0
652,97,3,0
653,97,3,0
654,97,3,0
655,97,3,0
656,97,3,0
657,97,3,0
658,97,3,0
659,97,3,0
660,97,3,0
661,97,3,0
662,97,3,0
663,97,3,0
664,97,3,0
665,97,3,0
666,97,3,0
667,97,3,0
668,97,3,0
669,97,3,0
670,97,3,0
671,97,3,0
672,97,3,0
673,97,3,0
674,97,3,0
675,97,3,0
676,97,3,0
677,97,3,0
678,97,3,0
679,97,3,0
680,97,3,0
681,97,3,0
682,97,3,0
683,97,3,0
684,97,3,0
685,97,3,0
686,97,3,0
687,97,3,0
688,97,3,0
689,97,3,0
690,97,3,0
691,97,3,0
692,97,3,0
693,97,3,0
694,97,3,0
695,97,3,0
696,97,3,0
697,97,3,0
698,97,3,0
699,97,3,0
700,97,3,0
701,97,3,0
702,97,3,0
703,97,3,0
704,97,3,0
705,97,3,0
706,97,3,0
707,97,3,0
708,97,3,0
709,97,3,0
710,97,3,0
711,97,3,0
712,97,3,0
713,97,3,0
714,97,3,0
715,97,3,0
716,97,3,0
717,97,3,0
718,97,3,0
719,97,3,0
720,97,3,0
721,97,3,0
722,97,3,0
723,97,3,0
724,97,3,0
725,97,3,0
726,97,3,0
727,97,3,0
728,97,3,0
729,97,3,0
730,97,3,0
731,97,3,0
732,97,3,0
733,97,3,0
734,97,2,1
735,97,2,1
736,97,2,1
737,97,2,1
738,97,2,1
739,97,2,1
740,97,2,1
741,97,2,1
742,97,2,1
743,97,2,1
744,97,2,1
745,97,2,1
746,97,2,1
747,97,2,1
748,97,2,1
749,97,2,1
750,97,2,1
751,97,2,1
752,97,2,1
753,97,2,1
754,97,2,1
755,97,2,1
756,97,2,1
757,96,3,1
758,96,3,1
759,96,3,1
760,96,3,1
761,96,3,1
762,96,3,1
763,96,3,1
764,96,3,1
765,96,3,1
766,96,3,1
767,96,3,1
768,96,3,1
769,96,3,1
770,96,3,1
771,96,3,1
772,96,3,1
773,96,3,1
774,96,3,1
775,96,3,1
776,96,3,1
777,96,3,1
778,96,3,1
779,96,3,1
780,96,3,1
781,96,3,1
782,96,3,1
783,96,3,1
784,96,2,2
785,96,2,2
786,96,2,2
787,96,2,2
788,96,2,2
789,96,2,2
790,96,2,2
791,96,2,2
792,96,2,2
793,96,2,2
794,96,2,2
795,96,2,2
796,96,2,2
797,96,2,2
798,96,2,2
799,96,2,2
800,96,2,2
801,96,2,2
802,96,2,2
803,96,2,2
804,96,2,2
805,96,2,2
806,96,2,2
807,96,2,2
808,96,2,2
809,96,2,2
810,96,2,2
811,96,2,2
812,96,2,2
813,96,2,2
814,96,2,2
815,96,2,2
816,96,2,2
817,96,2,2
818,96,2,2
819,96,2,2
820,96,2,2
821,96,2,2
822,96,2,2
823,96,2,2
824,96,2,2
825,96,2,2
826,96,2,2
827,96,2,2
828,96,2,2
829,96,2,2
830,95,3,2
831,95,3,2
832,95,3,2
833,95,3,2
834,95,3,2
835,95,3,2
836,95,3,2
837,95,3,2
838,95,3,2
839,95,3,2
840,95,3,2
841,95,3,2
842,95,3,2
843,95,3,2
844,95,3,2
845,95,3,2
846,95,3,2
847,95,3,2
848,95,3,2
849,95,3,2
850,95,3,2
851,95,3,2
852,95,3,2
853,95,3,2
854,95,3,2
855,95,3,2
856,95,3,2
857,95,3,2
858,95,3,2
859,95,3,2
860,95,3,2
861,95,3,2
862,95,3,2
863,95,3,2
864,95,3,2
865,95,3,2
866,95,3,2
867,95,3,2
868,95,3,2
869,95,3,2
870,95,3,2
871,95,3,2
872,95,3,2
873,95,3,2
874,95,3,2
875,95,3,2
876,95,3,2
877,95,3,2
878,95,3,2
879,95,3,2
880,95,3,2
881,95,3,2
882,95,3,2
883,95,3,2
884,95,2,3
885,95,2,3
886,95,2,3
887,95,2,3
888,95,2,3
889,95,2,3
890,95,2,3
891,95,2,3
892,95,2,3
893,95,2,3
894,95,2,3
895,95,2,3
896,95,2,3
897,95,2,3
898,95,2,3
899,95,2,3
900,95,2,3
901,95,2,3
902,95,2,3
903,95,2,3
904,95,2,3
905,95,2,3
906,95,2,3
907,95,2,3
908,95,2,3
909,95,2,3
910,95,2,3
911,95,2,3
912,95,2,3
913,95,2,3
914,95,2,3
915,95,2,3
916,95,2,3
917,95,2,3
918,95,2,3
919,94,3,3
920,94,3,3
921,94,3,3
922,94,3,3
923,94,3,3
924,94,3,3
925,94,3,3
926,94,3,3
927,94,3,3
928,94,3,3
929,93,4,3
930,93,4,3
931,93,4,3
932,93,4,3
933,93,4,3
934,93,4,3
935,93,4,3
936,93,4,3
937,93,4,3
938,93,4,3
939,93,4,3
940,93,4,3
941,93,4,3
942,93,4,3
943,93,4,3
944,93,4,3
945,93,4,3
946,93,4,3
947,93,4,3
948,93,4,3
949,93,4,3
950,93,4,3
951,93,4,3
952,93,4,3
953,93,4,3
954,93,4,3
955,93,4,3
956,93,4,3
957,93,4,3
958,93,4,3
959,93,4,3
960,93,4,3
961,93,4,3
962,93,4,3
963,93,4,3
964,93,4,3
965,93,4,3
966,93,4,3
967,93,4,3
968,93,4,3
969,93,4,3
970,93,4,3
971,93,4,3
972,93,4,3
973,93,4,3
974,92,5,3
975,92,5,3
976,92,5,3
977,92,5,3
978,92,5,3
979,92,5,3
980,92,5,3
981,92,5,3
982,92,5,3
983,92,5,3
984,92,5,3
985,92,5,3
986,92,5,3
987,92,5,3
988,92,5,3
989,92,5,3
990,92,5,3
991,92,5,3
992,92,5,3
993,92,5,3
994,92,5,3
995,92,5,3
996,92,5,3
997,92,5,3
998,92,5,3
999,92,5,3
1000,92,5,3
1001,92,5,3
1002,92,5,3
1003,92,5,3
1004,92,5,3
1005,92,5,3
1006,92,5,3
1007,92,5,3
1008,92,5,3
1009,92,5,3
1010,92,5,3
1011,92,5,3
1012,91,6,3
1013,91,6,3
1014,91,6,3
1015,91,6,3
1016,91,6,3
1017,91,6,3
1018,91,6,3
1019,91,6,3
1020,91,6,3
1021,91,6,3
1022,91,6,3
1023,91,6,3
1024,91,6,3
1025,91,6,3
1026,91,6,3
1027,91,6,3
1028,91,6,3
1029,91,6,3
1030,91,6,3
1031,91,6,3
1032,91,6,3
1033,91,6,3
1034,91,6,3
1035,91,6,3
1036,91,6,3
1037,91,6,3
1038,91,6,3
1039,91,6,3
1040,91,6,3
1041,91,6,3
1042,91,6,3
1043,91,6,3
1044,91,6,3
1045,91,6,3
1046,91,6,3
1047,91,6,3
1048,91,6,3
1049,91,6,3
1050,91,6,3
1051,91,6,3
1052,91,6,3
1053,91,6,3
1054,91,6,3
1055,91,5,4
1056,91,5,4
1057,91,5,4
1058,91,5,4
1059,91,5,4
1060,91,5,4
1061,91,5,4
1062,91,5,4
1063,91,5,4
1064,91,5,4
1065,91,5,4
1066,91,5,4
1067,91,5,4
1068,91,5,4
1069,91,5,4
1070,91,5,4
1071,91,5,4
1072,91,5,4
1073,91,5,4
1074,91,5,4
1075,91,5,4
1076,91,5,4
1077,91,5,4
1078,91,5,4
1079,91,5,4
1080,91,5,4
1081,91,5,4
1082,91,5,4
1083,91,5,4
1084,91,5,4
1085,91,5,4
1086,91,5,4
1087,91,5,4
1088,91,5,4
1089,91,5,4
1090,91,5,4
1091,91,5,4
1092,91,5,4
1093,91,5,4
1094,91,5,4
1095,91,5,4
1096,91,5,4
1097,91,5,4
1098,91,5,4
1099,91,5,4
1100,91,5,4
1101,91,5,4
1102,91,5,4
1103,91,5,4
1104,91,5,4
1105,91,5,4
1106,90,6,4
1107,90,6,4
1108,90,6,4
1109,90,6,4
1110,90,6,4
1111,90,6,4
1112,90,6,4
1113,90,6,4
1114,90,6,4
1115,90,6,4
1116,90,6,4
1117,90,6,4
1118,90,6,4
1119,90,6,4
1120,90,6,4
1121,90,6,4
1122,90,6,4
1123,90,6,4
1124,90,6,4
1125,90,6,4
1126,90,6,4
1127,90,6,4
1128,90,6,4
1129,90,6,4
1130,90,6,4
1131,90,6,4
1132,90,6,4
1133,90,6,4
1134,90,6,4
1135,90,6,4
1136,90,6,4
1137,90,6,4
1138,90,6,4
1139,90,6,4
1140,90,6,4
1141,90,6,4
1142,90,6,4
1143,90,6,4
1144,90,6,4
1145,90,6,4
1146,90,6,4
1147,90,6,4
1148,90,6,4
1149,90,6,4
1150,90,6,4
1151,90,6,4
1152,90,6,4
1153,90,6,4
1154,90,6,4
1155,90,6,4
1156,90,6,4
1157,90,6,4
1158,90,6,4
1159,90,6,4
1160,90,6,4
1161,90,6,4
1162,90,6,4
1163,90,6,4
1164,90,6,4
1165,90,6,4
1166,89,7,4
1167,89,7,4
1168,89,7,4
1169,89,7,4
1170,89,7,4
1171,89,7,4
1172,89,7,4
1173,89,7,4
1174,89,7,4
1175,89,7,4
1176,89,7,4
1177,89,7,4
1178,89,6,5
1179,89,6,5
1180,89,6,5
1181,89,6,5
1182,89,6,5
1183,89,6,5
1184,89,6,5
1185,89,6,5
1186,89,6,5
1187,89,6,5
1188,89,6,5
1189,89,6,5
1190,89,6,5
1191,89,6,5
1192,89,6,5
1193,89,6,5
1194,89,6,5
1195,89,6,5
1196,89,6,5
1197,89,6,5
1198,89,6,5
1199,89,6,5
1200,89,6,5
1201,89,6,5
1202,89,6,5
1203,89,6,5
1204,88,7,5
1205,88,7,5
1206,88,7,5
1207,88,7,5
1208,88,7,5
1209,88,7,5
1210,88,7,5
1211,88,7,5
1212,88,7,5
1213,88,7,5
1214,88,7,5
1215,88,7,5
1216,88,7,5
1217,88,7,5
1218,88,7,5
1219,88,7,5
1220,88,7,5
1221,88,7,5
1222,88,7,5
1223,88,7,5
1224,88,7,5
1225,88,7,5
1226,88,7,5
1227,88,7,5
1228,88,7,5
1229,88,7,5
1230,88,7,5
1231,88,6,6
1232,86,8,6
1233,86,8,6
1234,86,8,6
1235,86,8,6
1236,86,8,6
1237,86,8,6
1238,86,8,6
1239,86,8,6
1240,86,8,6
1241,86,8,6
1242,86,8,6
1243,86,7,7
1244,86,7,7
1245,86,7,7
1246,86,7,7
1247,86,7,7
1248,86,7,7
1249,86,7,7
1250,86,7,7
1251,86,7,7
1252,86,7,7
1253,86,7,7
1254,86,7,7
1255,86,7,7
1256,86,7,7
1257,86,7,7
1258,86,7,7
1259,86,7,7
1260,86,7,7
1261,86,7,7
1262,86,7,7
1263,86,7,7
1264,86,7,7
1265,86,7,7
1266,86,7,7
1267,86,7,7
1268,86,7,7
1269,86,7,7
1270,86,7,7
1271,86,7,7
1272,86,7,7
1273,85,8,7
1274,85,8,7
1275,85,8,7
1276,85,8,7
1277,85,8,7
1278,85,8,7
1279,85,8,7
1280,85,8,7
1281,85,8,7
1282,85,8,7
1283,85,7,8
1284,85,7,8
1285,85,7,8
1286,85,7,8
1287,85,7,8
1288,85,7,8
1289,84,8,8
1290,84,8,8
1291,84,8,8
1292,84,8,8
1293,84,8,8
1294,84,8,8
1295,84,8,8
1296,84,8,8
1297,84,8,8
1298,84,8,8
1299,83,9,8
1300,83,9,8
1301,83,9,8
1302,83,9,8
1303,83,9,8
1304,83,9,8
1305,83,9,8
1306,83,9,8
1307,83,9,8
1308,83,9,8
1309,83,9,8
1310,83,9,8
1311,83,9,8
1312,83,9,8
1313,83,9,8
1314,83,9,8
1315,83,9,8
1316,83,9,8
1317,83,9,8
1318,83,9,8
1319,82,10,8
1320,82,10,8
1321,82,10,8
1322,82,10,8
1323,82,10,8
1324,82,10,8
1325,82,10,8
1326,82,10,8
1327,82,10,8
1328,82,10,8
1329,82,10,8
1330,82,10,8
1331,82,10,8
1332,82,10,8
1333,82,10,8
1334,82,10,8
1335,82,10,8
1336,82,10,8
1337,82,10,8
1338,82,10,8
1339,82,10,8
1340,82,10,8
1341,82,10,8
1342,82,10,8
1343,82,10,8
1344,82,10,8
1345,82,10,8
1346,82,10,8
1347,82,10,8
1348,82,10,8
1349,82,10,8
1350,82,10,8
1351,82,10,8
1352,81,11,8
1353,81,11,8
1354,80,12,8
1355,80,12,8
1356,80,12,8
1357,80,12,8
1358,79,13,8
1359,79,13,8
1360,79,13,8
1361,79,13,8
1362,79,13,8
1363,79,13,8
1364,79,13,8
1365,79,13,8
1366,79,13,8
1367,79,13,8
1368,79,13,8
1369,79,13,8
1370,79,13,8
1371,79,13,8
1372,79,13,8
1373,79,13,8
1374,79,13,8
1375,79,13,8
1376,79,13,8
1377,79,13,8
1378,79,13,8
1379,79,13,8
1380,79,13,8
1381,79,13,8
1382,78,14,8
1383,78,14,8
1384,78,14,8
1385,78,14,8
1386,78,14,8
1387,78,14,8
1388,78,14,8
1389,78,14,8
1390,78,14,8
1391,78,14,8
1392,78,14,8
1393,78,14,8
1394,78,14,8
1395,78,14,8
1396,77,15,8
1397,77,15,8
1398,77,15,8
1399,77,15,8
1400,77,15,8
1401,77,15,8
1402,77,15,8
1403,77,15,8
1404,77,15,8
1405,77,15,8
1406,77,15,8
1407,76,16,8
1408,76,16,8
1409,76,16,8
1410,76,16,8
1411,76,16,8
1412,76,16,8
1413,76,16,8
1414,76,15,9
1415,76,15,9
1416,76,15,9
1417,76,15,9
1418,76,15,9
1419,76,15,9
1420,76,15,9
1421,76,15,9
1422,76,15,9
1423,76,15,9
1424,76,15,9
1425,76,15,9
1426,76,15,9
1427,76,15,9
1428,75,15,10
1429,75,14,11
1430,75,14,11
1431,75,14,11
1432,75,14,11
1433,75,14,11
1434,75,14,11
1435,75,14,11
1436,75,14,11
1437,74,15,11
1438,74,15,11
1439,74,15,11
1440,73,16,11
1441,73,16,11
1442,73,16,11
1443,73,16,11
1444,72,17,11
1445,72,17,11
1446,72,17,11
1447,72,17,11
1448,72,17,11
1449,72,17,11
1450,72,17,11
1451,72,17,11
1452,72,17,11
1453,72,17,11
1454,72,17,11
1455,71,18,11
1456,71,18,11
1457,71,18,11
1458,71,18,11
1459,71,18,11
1460,71,18,11
1461,71,18,11
1462,71,18,11
1463,71,18,11
1464,71,18,11
1465,71,18,11
1466,71,18,11
1467,71,18,11
1468,71,18,11
1469,70,19,11
1470,70,19,11
1471,70,19,11
1472,70,19,11
1473,70,19,11
1474,70,19,11
1475,70,19,11
1476,70,19,11
1477,70,19,11
1478,70,19,11
1479,69,20,11
1480,69,20,11
1481,69,20,11
1482,69,20,11
1483,69,20,11
1484,69,20,11
1485,69,20,11
1486,69,20,11
1487,69,20,11
1488,69,20,11
1489,69,20,11
1490,69,20,11
1491,69,20,11
1492,69,20,11
1493,69,20,11
1494,69,20,11
1495,69,20,11
1496,69,20,11
1497,69,20,11
1498,69,20,11
1499,69,20,11
1500,69,20,11
1501,69,20,11
1502,69,20,11
1503,69,20,11
1504,69,20,11
1505,68,21,11
1506,68,21,11
1507,67,22,11
1508,67,22,11
1509,67,22,11
1510,67,22,11
1511,67,22,11
1512,67,22,11
1513,67,22,11
1514,67,22,11
1515,67,22,11
1516,67,22,11
1517,67,21,12
1518,66,22,12
1519,66,22,12
1520,66,21,13
1521,66,21,13
1522,66,21,13
1523,66,21,13
1524,66,21,13
1525,66,21,13
1526,66,21,13
1527,66,21,13
1528,66,21,13
1529,66,21,13
1530,66,21,13
1531,66,21,13
1532,66,21,13
1533,66,21,13
1534,66,21,13
1535,66,21,13
1536,66,21,13
1537,65,22,13
1538,65,22,13
1539,65,22,13
1540,65,22,13
1541,65,22,13
1542,65,22,13
1543,65,22,13
1544,64,23,13
1545,64,23,13
1546,64,23,13
1547,64,23,13
1548,64,23,13
1549,64,23,13
1550,64,23,13
1551,64,23,13
1552,64,23,13
1553,64,23,13
1554,64,23,13
1555,64,23,13
1556,64,23,13
1557,64,23,13
1558,64,23,13
1559,64,23,13
1560,64,23,13
1561,64,23,13
1562,64,23,13
1563,64,23,13
1564,64,23,13
1565,64,23,13
1566,64,23,13
1567,64,23,13
1568,64,23,13
1569,64,23,13
1570,64,23,13
1571,64,23,13
1572,64,23,13
1573,64,23,13
1574,64,23,13
1575,63,24,13
1576,62,25,13
1577,61,26,13
1578,61,26,13
1579,61,26,13
1580,61,25,14
1581,61,25,14
1582,61,25,14
1583,61,25,14
1584,61,25,14
1585,61,25,14
1586,61,25,14
1587,61,24,15
1588,60,25,15
1589,60,25,15
1590,60,25,15
1591,59,26,15
1592,59,26,15
1593,59,26,15
1594,59,26,15
1595,59,26,15
1596,59,26,15
1597,59,26,15
1598,59,26,15
1599,59,26,15
1600,59,26,15
1601,59,26,15
1602,59,26,15
1603,59,26,15
1604,59,26,15
1605,59,26,15
1606,59,25,16
1607,59,25,16
1608,59,25,16
1609,58,26,16
1610,58,26,16
1611,58,26,16
1612,57,27,16
1613,57,27,16
1614,57,27,16
1615,57,27,16
1616,57,27,16
1617,57,26,17
1618,57,26,17
1619,57,26,17
1620,57,26,17
1621,57,26,17
1622,57,26,17
1623,57,26,17
1624,56,27,17
1625,55,28,17
1626,55,28,17
1627,55,28,17
1628,55,28,17
1629,54,29,17
1630,54,29,17
1631,54,29,17
1632,53,30,17
1633,53,29,18
1634,53,29,18
1635,53,29,18
1636,53,29,18
1637,53,29,18
1638,53,29,18
1639,53,29,18
1640,53,29,18
1641,53,29,18
1642,53,29,18
1643,52,30,18
1644,52,30,18
1645,52,30,18
1646,52,30,18
1647,52,30,18
1648,52,30,18
1649,52,30,18
1650,52,30,18
1651,52,30,18
1652,52,30,18
1653,52,30,18
1654,52,30,18
1655,52,30,18
1656,52,30,18
1657,51,31,18
1658,51,31,18
1659,51,31,18
1660,51,31,18
1661,51,31,18
1662,51,31,18
1663,51,31,18
1664,51,31,18
1665,51,30,19
1666,51,30,19
1667,51,30,19
1668,50,30,20
1669,50,30,20
1670,50,29,21
1671,50,29,21
1672,50,29,21
1673,50,28,22
1674,50,28,22
1675,49,29,22
1676,49,29,22
1677,48,30,22
1678,48,30,22
1679,47,31,22
1680,47,31,22
1681,47,31,22
1682,47,31,22
1683,47,31,22
1684,47,31,22
1685,47,31,22
1686,46,32,22
1687,46,32,22
1688,44,34,22
1689,44,34,22
1690,44,34,22
1691,44,34,22
1692,44,34,22
1693,44,34,22
1694,44,34,22
1695,44,34,22
1696,44,34,22
1697,44,34,22
1698,44,34,22
1699,44,34,22
1700,44,34,22
1701,44,33,23
1702,44,33,23
1703,44,33,23
1704,44,33,23
1705,44,33,23
1706,44,33,23
1707,43,34,23
1708,43,34,23
1709,42,35,23
1710,42,35,23
1711,42,35,23
1712,42,35,23
1713,42,35,23
1714,42,35,23
1715,42,35,23
1716,42,35,23
1717,42,35,23
1718,41,36,23
1719,41,35,24
1720,41,35,24
1721,41,35,24
1722,41,35,24
1723,41,35,24
1724,41,35,24
1725,41,35,24
1726,41,35,24
1727,39,37,24
1728,39,36,25
1729,39,36,25
1730,39,36,25
1731,38,37,25
1732,38,37,25
1733,38,37,25
1734,38,37,25
1735,38,37,25
1736,37,38,25
1737,37,38,25
1738,37,38,25
1739,37,36,27
1740,37,36,27
1741,37,36,27
1742,37,36,27
1743,37,36,27
1744,37,36,27
1745,37,35,28
1746,37,35,28
1747,37,35,28
1748,37,35,28
1749,37,35,28
1750,37,35,28
1751,37,35,28
1752,37,34,29
1753,37,34,29
1754,37,34,29
1755,37,34,29
1756,37,34,29
1757,37,34,29
1758,36,35,29
1759,36,35,29
1760,36,35,29
1761,35,36,29
1762,35,36,29
1763,35,36,29
1764,35,36,29
1765,35,36,29
1766,34,37,29
1767,32,39,29
1768,31,40,29
1769,31,40,29
1770,31,40,29
1771,31,40,29
1772,31,40,29
1773,31,40,29
1774,31,40,29
1775,31,40,29
1776,31,40,29
1777,31,40,29
1778,31,39,30
1779,31,39,30
1780,31,39,30
1781,31,39,30
1782,31,39,30
1783,31,39,30
1784,31,39,30
1785,31,39,30
1786,31,39,30
1787,31,38,31
1788,31,38,31
1789,31,38,31
1790,31,38,31
1791,31,38,31
1792,31,38,31
1793,31,37,32
1794,31,37,32
1795,31,37,32
1796,31,36,33
1797,31,36,33
1798,31,36,33
1799,31,35,34
1800,30,36,34
1801,30,36,34
1802,30,36,34
1803,30,36,34
1804,30,36,34
1805,30,36,34
1806,29,37,34
1807,29,37,34
1808,29,37,34
1809,29,37,34
1810,29,37,34
1811,28,38,34
1812,28,38,34
1813,28,37,35
1814,28,37,35
1815,27,38,35
1816,27,38,35
1817,27,38,35
1818,26,39,35
1819,24,41,35
1820,24,41,35
1821,24,41,35
1822,24,41,35
1823,24,41,35
1824,24,41,35
1825,23,42,35
1826,23,42,35
1827,23,42,35
1828,23,42,35
1829,23,41,36
1830,23,41,36
1831,23,41,36
1832,23,41,36
1833,23,41,36
1834,23,41,36
1835,23,41,36
1836,23,41,36
1837,22,42,36
1838,21,43,36
1839,21,43,36
1840,21,43,36
1841,21,43,36
1842,21,42,37
1843,21,42,37
1844,20,43,37
1845,20,43,37
1846,20,42,38
1847,20,42,38
1848,20,42,38
1849,20,42,38
1850,19,43,38
1851,19,43,38
1852,19,43,38
1853,19,43,38
1854,19,43,38
1855,19,43,38
1856,18,44,38
1857,17,45,38
1858,17,45,38
1859,17,45,38
1860,17,45,38
1861,17,45,38
1862,17,45,38
1863,17,45,38
1864,17,45,38
1865,17,44,39
1866,17,44,39
1867,17,44,39
1868,17,44,39
1869,17,44,39
1870,17,43,40
1871,17,43,40
1872,17,43,40
1873,17,43,40
1874,16,44,40
1875,16,44,40
1876,16,44,40
1877,15,45,40
1878,15,45,40
1879,15,45,40
1880,15,45,40
1881,15,45,40
1882,14,46,40
1883,14,46,40
1884,14,46,40
1885,14,46,40
1886,14,46,40
1887,14,46,40
1888,14,46,40
1889,14,46,40
1890,14,45,41
1891,14,45,41
1892,14,45,41
1893,14,45,41
1894,14,45,41
1895,14,45,41
1896,14,45,41
1897,14,45,41
1898,14,45,41
1899,14,45,41
1900,14,45,41
1901,13,46,41
1902,13,46,41
1903,13,46,41
1904,13,46,41
1905,12,47,41
1906,12,47,41
1907,12,47,41
1908,12,47,41
1909,12,47,41
1910,11,48,41
1911,11,48,41
1912,11,48,41
1913,11,48,41
1914,11,48,41
1915,11,48,41
1916,11,48,41
1917,11,48,41
1918,11,48,41
1919,11,48,41
1920,11,48,41
1921,11,48,41
1922,11,48,41
1923,11,48,41
1924,10,49,41
1925,10,49,41
1926,10,49,41
1927,10,49,41
1928,10,49,41
1929,10,49,41
1930,10,49,41
1931,10,49,41
1932,10,49,41
1933,10,49,41
1934,10,49,41
1935,10,49,41
1936,10,49,41
1937,10,49,41
1938,10,49,41
1939,10,49,41
1940,10,49,41
1941,10,49,41
1942,10,49,41
1943,10,49,41
1944,9,50,41
1945,9,50,41
1946,9,50,41
1947,9,50,41
1948,9,49,42
1949,9,49,42
1950,9,49,42
1951,9,49,42
1952,9,49,42
1953,9,48,43
1954,9,48,43
1955,9,48,43
1956,9,48,43
1957,9,48,43
1958,9,48,43
1959,9,48,43
1960,9,48,43
1961,9,48,43
1962,9,48,43
1963,8,49,43
1964,8,49,43
1965,8,49,43
1966,8,49,43
1967,8,49,43
1968,7,50,43
1969,7,50,43
1970,7,50,43
1971,7,50,43
1972,7,50,43
1973,7,50,43
1974,7,50,43
1975,7,50,43
1976,7,50,43
1977,7,50,43
1978,7,50,43
1979,7,50,43
1980,6,51,43
1981,6,51,43
1982,6,51,43
1983,6,51,43
1984,6,51,43
1985,6,51,43
1986,6,51,43
1987,6,51,43
1988,6,51,43
1989,6,51,43
1990,6,51,43
1991,6,51,43
1992,6,51,43
1993,6,51,43
1994,6,51,43
1995,6,51,43
1996,6,51,43
1997,6,51,43
1998,6,51,43
1999,6,51,43
2000,6,51,43
2001,6,51,43
2002,6,51,43
2003,6,51,43
2004,6,51,43
2005,6,51,43
2006,6,51,43
2007,6,50,44
2008,6,50,44
2009,6,50,44
2010,6,50,44
2011,6,50,44
2012,6,50,44
2013,6,50,44
2014,6,50,44
2015,6,50,44
2016,6,50,44
2017,6,49,45
2018,6,49,45
2019,6,49,45
2020,6,49,45
2021,6,49,45
2022,6,49,45
2023,6,49,45
2024,6,49,45
2025,6,49,45
2026,6,49,45
2027,6,49,45
2028,6,49,45
2029,6,49,45
2030,6,49,45
2031,6,49,45
2032,6,49,45
2033,6,49,45
2034,6,49,45
2035,6,49,45
2036,6,48,46
2037,5,49,46
2038,5,49,46
2039,5,49,46
2040,5,49,46
2041,5,49,46
2042,5,49,46
2043,5,49,46
2044,4,50,46
2045,4,50,46
2046,4,50,46
2047,4,50,46
2048,4,50,46
2049,4,50,46
2050,4,50,46
2051,4,50,46
2052,4,50,46
2053,4,50,46
2054,4,50,46
2055,4,50,46
2056,4,50,46
2057,4,50,46
2058,4,50,46
2059,4,50,46
2060,4,50,46
2061,4,50,46
2062,4,50,46
2063,4,50,46
2064,4,50,46
2065,4,50,46
2066,4,50,46
2067,4,50,46
2068,4,50,46
2069,4,50,46
2070,4,50,46
2071,4,50,46
2072,4,50,46
2073,4,50,46
2074,4,50,46
2075,4,50,46
2076,4,50,46
2077,4,50,46
2078,4,50,46
2079,4,49,47
2080,4,49,47
2081,4,47,49
2082,4,47,49
2083,4,47,49
2084,4,47,49
2085,4,47,49
2086,4,47,49
2087,4,47,49
2088,3,48,49
2089,3,48,49
2090,3,48,49
2091,3,48,49
2092,3,48,49
2093,3,47,50
2094,3,47,50
2095,3,47,50
2096,3,47,50
2097,3,47,50
2098,3,47,50
2099,3,47,50
2100,3,47,50
2101,3,47,50
2102,2,48,50
2103,2,48,50
2104,2,48,50
2105,2,48,50
2106,2,48,50
2107,2,48,50
2108,2,48,50
2109,2,48,50
2110,2,48,50
2111,2,48,50
2112,2,48,50
2113,2,48,50
2114,2,48,50
2115,2,48,50
2116,2,48,50
2117,2,48,50
2118,2,48,50
2119,2,48,50
2120,2,48,50
2121,2,48,50
2122,2,48,50
2123,2,48,50
2124,2,48,50
2125,2,48,50
2126,2,48,50
2127,2,48,50
2128,2,48,50
2129,2,48,50
2130,2,48,50
2131,2,48,50
2132,2,48,50
2133,2,48,50
2134,2,47,51
2135,2,47,51
2136,2,47,51
2137,2,47,51
2138,2,47,51
2139,2,47,51
2140,2,47,51
2141,2,47,51
2142,2,47,51
2143,2,47,51
2144,2,47,51
2145,2,47,51
2146,2,46,52
2147,2,45,53
2148,2,45,53
2149,2,45,53
2150,2,45,53
2151,2,45,53
2152,2,45,53
2153,2,45,53
2154,2,45,53
2155,2,45,53
2156,2,45,53
2157,2,45,53
2158,2,45,53
2159,2,45,53
2160,2,45,53
2161,2,45,53
2162,2,45,53
2163,1,46,53
2164,1,46,53
2165,1,46,53
2166,1,46,53
2167,1,46,53
2168,1,46,53
2169,1,46,53
2170,1,46,53
2171,1,46,53
2172,1,46,53
2173,1,46,53
2174,1,46,53
2175,1,45,54
2176,1,45,54
2177,1,45,54
2178,1,45,54
2179,1,45,54
2180,1,45,54
2181,1,45,54
2182,1,45,54
2183,1,45,54
2184,1,45,54
2185,1,45,54
2186,1,45,54
2187,1,45,54
2188,1,44,55
2189,1,44,55
2190,1,43,56
2191,1,43,56
2192,1,43,56
2193,1,43,56
2194,1,43,56
2195,1,43,56
2196,1,43,56
2197,1,43,56
2198,1,43,56
2199,1,43,56
2200,1,43,56
2201,1,43,56
2202,1,43,56
2203,1,43,56
2204,1,43,56
2205,1,43,56
2206,1,42,57
2207,1,42,57
2208,1,41,58
2209,1,41,58
2210,1,40,59
2211,1,40,59
2212,1,40,59
2213,1,40,59
2214,1,40,59
2215,1,40,59
2216,1,40,59
2217,1,40,59
2218,1,40,59
2219,1,40,59
2220,1,40,59
2221,1,40,59
2222,1,40,59
2223,1,39,60
2224,1,39,60
2225,1,39,60
2226,1,39,60
2227,1,39,60
2228,1,39,60
2229,1,39,60
2230,1,39,60
2231,1,39,60
2232,1,39,60
2233,1,39,60
2234,1,39,60
2235,1,39,60
2236,1,39,60
2237,1,38,61
2238,1,38,61
2239,1,38,61
2240,1,37,62
2241,1,37,62
2242,1,36,63
2243,1,36,63
2244,1,36,63
2245,1,36,63
2246,1,36,63
2247,1,36,63
2248,1,36,63
2249,1,36,63
2250,1,35,64
2251,1,35,64
2252,1,34,65
2253,1,34,65
2254,1,34,65
2255,1,34,65
2256,1,34,65
2257,1,34,65
2258,1,34,65
2259,1,34,65
2260,1,34,65
2261,1,32,67
2262,1,32,67
2263,1,32,67
2264,1,32,67
2265,1,32,67
2266,1,32,67
2267,1,32,67
2268,1,32,67
2269,1,32,67
2270,1,32,67
2271,1,32,67
2272,1,32,67
2273,1,32,67
2274,1,32,67
2275,1,32,67
2276,1,32,67
2277,1,31,68
2278,1,31,68
2279,1,31,68
2280,1,31,68
2281,1,31,68
2282,1,31,68
2283,1,31,68
2284,1,31,68
2285,1,31,68
2286,1,31,68
2287,1,31,68
2288,1,31,68
2289,1,31,68
2290,1,31,68
2291,1,31,68
2292,1,31,68
2293,1,31,68
2294,1,31,68
2295,1,31,68
2296,1,31,68
2297,1,30,69
2298,1,30,69
2299,1,30,69
2300,1,30,69
2301,1,30,69
2302,1,30,69
2303,1,30,69
2304,1,30,69
2305,1,30,69
2306,1,30,69
2307,1,30,69
2308,1,30,69
2309,1,30,69
2310,1,30,69
2311,1,30,69
2312,1,30,69
2313,1,30,69
2314,1,30,69
2315,1,30,69
2316,1,30,69
2317,1,30,69
2318,1,30,69
2319,1,29,70
2320,1,29,70
2321,1,29,70
2322,1,29,70
2323,1,29,70
2324,1,29,70
2325,1,29,70
2326,1,29,70
2327,1,29,70
2328,1,29,70
2329,1,29,70
2330,1,28,71
2331,1,28,71
2332,1,28,71
2333,1,28,71
2334,1,27,72
2335,1,27,72
2336,1,27,72
2337,1,27,72
2338,1,27,72
2339,1,27,72
2340,1,27,72
2341,1,27,72
2342,1,27,72
2343,1,27,72
2344,1,27,72
2345,1,27,72
2346,1,27,72
2347,1,27,72
2348,1,27,72
2349,1,26,73
2350,1,26,73
2351,1,26,73
2352,1,26,73
2353,1,25,74
2354,1,25,74
2355,1,25,74
2356,1,25,74
2357,1,25,74
2358,1,25,74
2359,1,25,74
2360,1,24,75
2361,1,24,75
2362,1,24,75
2363,1,24,75
2364,1,24,75
2365,1,24,75
2366,1,24,75
2367,1,24,75
2368,1,24,75
2369,1,24,75
2370,1,24,75
2371,1,24,75
2372,1,24,75
2373,1,24,75
2374,1,24,75
2375,1,24,75
2376,1,24,75
2377,1,24,75
2378,1,24,75
2379,1,24,75
2380,1,24,75
2381,1,24,75
2382,1,24,75
2383,1,24,75
2384,1,24,75
2385,1,24,75
2386,1,24,75
2387,1,24,75
2388,1,24,75
2389,1,24,75
2390,1,24,75
2391,1,24,75
2392,1,24,75
2393,1,24,75
2394,1,24,75
2395,1,24,75
2396,1,24,75
2397,1,24,75
2398,1,24,75
2399,1,24,75
2400,1,24,75
2401,1,24,75
2402,1,24,75
2403,1,24,75
2404,1,24,75
2405,1,24,75
2406,1,24,75
2407,1,24,75
2408,1,24,75
2409,1,24,75
2410,1,24,75
2411,1,24,75
2412,1,24,75
2413,1,23,76
2414,1,23,76
2415,1,23,76
2416,1,23,76
2417,1,23,76
2418,1,23,76
2419,1,23,76
2420,1,23,76
2421,1,23,76
2422,1,23,76
2423,1,23,76
2424,1,23,76
2425,1,23,76
2426,1,23,76
2427,1,23,76
2428,1,23,76
2429,1,23,76
2430,1,23,76
2431,1,23,76
2432,1,23,76
2433,1,23,76
2434,1,23,76
2435,1,23,76
2436,1,23,76
2437,1,23,76
2438,1,23,76
2439,1,22,77
2440,1,22,77
2441,1,22,77
2442,1,22,77
2443,1,22,77
2444,1,22,77
2445,1,22,77
2446,1,22,77
2447,1,22,77
2448,1,22,77
2449,1,22,77
2450,1,22,77
2451,1,22,77
2452,1,22,77
2453,1,22,77
2454,1,22,77
2455,1,22,77
2456,1,22,77
2457,1,22,77
2458,1,22,77
2459,1,22,77
2460,1,22,77
2461,1,22,77
2462,1,22,77
2463,0,23,77
2464,0,23,77
2465,0,23,77
2466,0,23,77
2467,0,23,77
2468,0,23,77
2469,0,23,77
2470,0,23,77
2471,0,22,78
2472,0,22,78
2473,0,21,79
2474,0,21,79
2475,0,21,79
2476,0,21,79
2477,0,21,79
2478,0,21,79
2479,0,21,79
2480,0,21,79
2481,0,21,79
2482,0,21,79
2483,0,21,79
2484,0,21,79
2485,0,21,79
2486,0,21,79
2487,0,21,79
2488,0,21,79
2489,0,21,79
2490,0,21,79
2491,0,21,79
2492,0,21,79
2493,0,21,79
2494,0,21,79
2495,0,21,79
2496,0,21,79
2497,0,21,79
2498,0,21,79
2499,0,21,79
2500,0,21,79
2501,0,21,79
2502,0,21,79
2503,0,21,79
2504,0,21,79
2505,0,21,79
2506,0,21,79
2507,0,21,79
2508,0,21,79
2509,0,21,79
2510,0,21,79
2511,0,21,79
2512,0,21,79
2513,0,21,79
2514,0,21,79
2515,0,21,79
2516,0,21,79
2517,0,21,79
2518,0,21,79
2519,0,21,79
2520,0,21,79
2521,0,21,79
2522,0,21,79
2523,0,21,79
2524,0,21,79
2525,0,21,79
2526,0,21,79
2527,0,21,79
2528,0,20,80
2529,0,20,80
2530,0,20,80
2531,0,20,80
2532,0,20,80
2533,0,20,80
2534,0,20,80
2535,0,20,80
2536,0,19,81
2537,0,19,81
2538,0,19,81
2539,0,19,81
2540,0,19,81
2541,0,19,81
2542,0,19,81
2543,0,19,81
2544,0,19,81
2545,0,19,81
2546,0,19,81
2547,0,19,81
2548,0,19,81
2549,0,19,81
2550,0,19,81
2551,0,19,81
2552,0,19,81
2553,0,19,81
2554,0,19,81
2555,0,19,81
2556,0,19,81
2557,0,18,82
2558,0,18,82
2559,0,18,82
2560,0,18,82
2561,0,18,82
2562,0,18,82
2563,0,18,82
2564,0,18,82
2565,0,18,82
2566,0,18,82
2567,0,18,82
2568,0,18,82
2569,0,18,82
2570,0,18,82
2571,0,18,82
2572,0,18,82
2573,0,18,82
2574,0,18,82
2575,0,18,82
2576,0,18,82
2577,0,18,82
2578,0,18,82
2579,0,18,82
2580,0,18,82
2581,0,18,82
2582,0,18,82
2583,0,18,82
2584,0,18,82
2585,0,18,82
2586,0,18,82
2587,0,18,82
2588,0,18,82
2589,0,18,82
2590,0,18,82
2591,0,18,82
2592,0,17,83
2593,0,17,83
2594,0,17,83
2595,0,17,83
2596,0,17,83
2597,0,17,83
2598,0,17,83
2599,0,17,83
2600,0,17,83
2601,0,16,84
2602,0,16,84
2603,0,16,84
2604,0,16,84
2605,0,16,84
2606,0,16,84
2607,0,16,84
2608,0,16,84
2609,0,16,84
2610,0,16,84
2611,0,16,84
2612,0,16,84
2613,0,16,84
2614,0,16,84
2615,0,16,84
2616,0,16,84
2617,0,16,84
2618,0,15,85
2619,0,15,85
2620,0,15,85
2621,0,15,85
2622,0,15,85
2623,0,15,85
2624,0,15,85
2625,0,15,85
2626,0,15,85
2627,0,15,85
2628,0,15,85
2629,0,15,85
2630,0,15,85
2631,0,15,85
2632,0,15,85
2633,0,15,85
2634,0,15,85
2635,0,15,85
2636,0,15,85
2637,0,15,85
2638,0,15,85
2639,0,15,85
2640,0,15,85
2641,0,15,85
2642,0,15,85
2643,0,15,85
2644,0,15,85
2645,0,15,85
2646,0,15,85
2647,0,15,85
2648,0,15,85
2649,0,15,85
2650,0,15,85
2651,0,15,85
2652,0,15,85
2653,0,15,85
2654,0,15,85
2655,0,15,85
2656,0,15,85
2657,0,15,85
2658,0,15,85
2659,0,15,85
2660,0,15,85
2661,0,15,85
2662,0,15,85
2663,0,15,85
2664,0,15,85
2665,0,15,85
2666,0,15,85
2667,0,15,85
2668,0,15,85
2669,0,15,85
2670,0,15,85
2671,0,15,85
2672,0,15,85
2673,0,15,85
2674,0,15,85
2675,0,15,85
2676,0,15,85
2677,0,15,85
2678,0,15,85
2679,0,15,85
2680,0,15,85
2681,0,15,85
2682,0,15,85
2683,0,15,85
2684,0,15,85
2685,0,15,85
2686,0,15,85
2687,0,15,85
2688,0,15,85
2689,0,15,85
2690,0,15,85
2691,0,15,85
2692,0,15,85
2693,0,15,85
2694,0,15,85
2695,0,14,86
2696,0,14,86
2697,0,14,86
2698,0,14,86
2699,0,14,86
2700,0,14,86
2701,0,14,86
2702,0,14,86
2703,0,14,86
2704,0,14,86
2705,0,14,86
2706,0,14,86
2707,0,14,86
2708,0,14,86
2709,0,14,86
2710,0,14,86
2711,0,14,86
2712,0,14,86
2713,0,14,86
2714,0,14,86
2715,0,14,86
2716,0,14,86
2717,0,14,86
2718,0,14,86
2719,0,14,86
2720,0,14,86
2721,0,14,86
2722,0,14,86
2723,0,14,86
2724,0,14,86
2725,0,14,86
2726,0,14,86
2727,0,14,86
2728,0,14,86
2729,0,14,86
2730,0,14,86
2731,0,14,86
2732,0,14,86
2733,0,14,86
2734,0,14,86
2735,0,14,86
2736,0,14,86
2737,0,14,86
2738,0,13,87
2739,0,13,87
2740,0,13,87
2741,0,13,87
2742,0,13,87
2743,0,13,87
2744,0,13,87
2745,0,13,87
2746,0,13,87
2747,0,13,87
2748,0,13,87
2749,0,13,87
2750,0,13,87
2751,0,13,87
2752,0,13,87
2753,0,13,87
2754,0,13,87
2755,0,13,87
2756,0,13,87
2757,0,13,87
2758,0,12,88
2759,0,12,88
2760,0,12,88
2761,0,12,88
2762,0,12,88
2763,0,12,88
2764,0,12,88
2765,0,12,88
2766,0,12,88
2767,0,12,88
2768,0,12,88
2769,0,12,88
2770,0,12,88
2771,0,12,88
2772,0,12,88
2773,0,12,88
2774,0,12,88
2775,0,12,88
2776,0,12,88
2777,0,12,88
2778,0,12,88
2779,0,12,88
2780,0,12,88
2781,0,12,88
2782,0,12,88
2783,0,12,88
2784,0,12,88
2785,0,11,89
2786,0,11,89
2787,0,11,89
2788,0,11,89
2789,0,11,89
2790,0,11,89
2791,0,11,89
2792,0,11,89
2793,0,11,89
2794,0,11,89
2795,0,11,89
2796,0,11,89
2797,0,11,89
2798,0,11,89
2799,0,11,89
2800,0,11,89
2801,0,11,89
2802,0,11,89
2803,0,11,89
2804,0,11,89
2805,0,11,89
2806,0,11,89
2807,0,11,89
2808,0,11,89
2809,0,11,89
2810,0,11,89
2811,0,11,89
2812,0,11,89
2813,0,11,89
2814,0,11,89
2815,0,11,89
2816,0,11,89
2817,0,11,89
2818,0,11,89
2819,0,11,89
2820,0,11,89
2821,0,11,89
2822,0,11,89
2823,0,11,89
2824,0,11,89
2825,0,11,89
2826,0,11,89
2827,0,11,89
2828,0,11,89
2829,0,11,89
2830,0,11,89
2831,0,11,89
2832,0,11,89
2833,0,11,89
2834,0,11,89
2835,0,11,89
2836,0,11,89
2837,0,11,89
2838,0,11,89
2839,0,11,89
2840,0,11,89
2841,0,11,89
2842,0,11,89
2843,0,11,89
2844,0,11,89
2845,0,11,89
2846,0,11,89
2847,0,11,89
2848,0,11,89
2849,0,11,89
2850,0,11,89
2851,0,11,89
2852,0,11,89
2853,0,11,89
2854,0,11,89
2855,0,11,89
2856,0,11,89
2857,0,11,89
2858,0,11,89
2859,0,11,89
2860,0,11,89
2861,0,11,89
2862,0,11,89
2863,0,11,89
2864,0,11,89
2865,0,11,89
2866,0,11,89
2867,0,11,89
2868,0,11,89
2869,0,11,89
2870,0,11,89
2871,0,11,89
2872,0,11,89
2873,0,11,89
2874,0,11,89
2875,0,11,89
2876,0,10,90
2877,0,10,90
2878,0,10,90
2879,0,10,90
2880,0,10,90
2881,0,10,90
2882,0,10,90
2883,0,10,90
2884,0,10,90
2885,0,10,90
2886,0,10,90
2887,0,10,90
2888,0,10,90
2889,0,10,90
2890,0,10,90
2891,0,10,90
2892,0,10,90
2893,0,10,90
2894,0,10,90
2895,0,10,90
2896,0,10,90
2897,0,10,90
2898,0,10,90
2899,0,10,90
2900,0,10,90
2901,0,10,90
2902,0,10,90
2903,0,10,90
2904,0,10,90
2905,0,10,90
2906,0,9,91
2907,0,9,91
2908,0,9,91
2909,0,9,91
2910,0,9,91
2911,0,9,91
2912,0,9,91
2913,0,9,91
2914,0,9,91
2915,0,9,91
2916,0,9,91
2917,0,9,91
2918,0,9,91
2919,0,9,91
2920,0,9,91
2921,0,9,91
2922,0,9,91
2923,0,9,91
2924,0,9,91
2925,0,9,91
2926,0,9,91
2927,0,9,91
2928,0,9,91
2929,0,9,91
2930,0,9,91
2931,0,9,91
2932,0,9,91
2933,0,9,91
2934,0,9,91
2935,0,8,92
2936,0,8,92
2937,0,8,92
2938,0,8,92
2939,0,8,92
2940,0,8,92
2941,0,8,92
2942,0,8,92
2943,0,8,92
2944,0,8,92
2945,0,8,92
2946,0,8,92
2947,0,8,92
2948,0,8,92
2949,0,8,92
2950,0,8,92
2951,0,8,92
2952,0,8,92
2953,0,8,92
2954,0,8,92
2955,0,8,92
2956,0,8,92
2957,0,8,92
2958,0,8,92
2959,0,8,92
2960,0,8,92
2961,0,8,92
2962,0,8,92
2963,0,8,92
2964,0,8,92
2965,0,8,92
2966,0,8,92
2967,0,7,93
2968,0,7,93
2969,0,7,93
2970,0,7,93
2971,0,7,93
2972,0,7,93
2973,0,7,93
2974,0,7,93
2975,0,7,93
2976,0,7,93
2977,0,7,93
2978,0,7,93
2979,0,7,93
2980,0,7,93
2981,0,7,93
2982,0,7,93
2983,0,7,93
2984,0,7,93
2985,0,7,93
2986,0,7,93
2987,0,7,93
2988,0,7,93
2989,0,7,93
2990,0,7,93
2991,0,7,93
2992,0,7,93
2993,0,7,93
2994,0,7,93
2995,0,7,93
2996,0,7,93
2997,0,7,93
2998,0,7,93
2999,0,7,93
3000,0,7,93
