Time,Healthy,Undetectable,Detectable
0,97,3,0
1,97,3,0
2,97,3,0
3,97,3,0
4,97,3,0
5,97,3,0
6,97,3,0
7,97,3,0
8,97,3,0
9,97,3,0
10,97,3,0
11,97,3,0
12,97,3,0
13,97,3,0
14,97,3,0
15,97,3,0
16,97,3,0
17,97,3,0
18,97,3,0
19,97,3,0
20,97,3,0
21,97,3,0
22,97,3,0
23,97,3,0
24,97,3,0
25,97,3,0
26,97,3,0
27,97,3,0
28,97,3,0
29,97,3,0
30,97,3,0
31,97,3,0
32,97,3,0
33,97,3,0
34,97,3,0
35,97,3,0
36,97,3,0
37,97,3,0
38,97,3,0
39,97,3,0
40,97,3,0
41,97,3,0
42,97,3,0
43,97,3,0
44,97,3,0
45,97,3,0
46,97,3,0
47,97,3,0
48,97,3,0
49,97,3,0
50,97,3,0
51,97,3,0
52,97,3,0
53,97,3,0
54,97,3,0
55,97,3,0
56,97,3,0
57,97,3,0
58,97,3,0
59,97,3,0
60,97,3,0
61,97,3,0
62,97,3,0
63,97,3,0
64,97,3,0
65,97,3,0
66,97,3,0
67,97,3,0
68,97,3,0
69,97,3,0
70,97,3,0
71,97,3,0
72,97,3,0
73,97,3,0
74,97,3,0
75,97,3,0
76,97,3,0
77,97,3,0
78,97,3,0
79,97,3,0
80,97,3,0
81,97,3,0
82,97,3,0
83,97,3,0
84,97,3,0
85,97,3,0
86,97,3,0
87,97,3,0
88,97,3,0
89,97,3,0
90,97,3,0
91,97,3,0
92,97,3,0
93,97,3,0
94,97,3,0
95,97,3,0
96,97,3,0
97,97,3,0
98,97,3,0
99,97,3,0
100,97,3,0
101,97,3,0
102,97,3,0
103,97,3,0
104,97,3,0
105,97,3,0
106,97,3,0
107,97,3,0
108,97,3,0
109,97,3,0
110,97,3,0
111,97,3,0
112,97,3,0
113,97,3,0
114,97,3,0
115,97,3,0
116,97,3,0
117,97,3,0
118,97,3,0
119,97,3,0
120,97,3,0
121,97,3,0
122,97,3,0
123,97,3,0
124,97,3,0
125,97,3,0
126,97,3,0
127,97,3,0
128,97,3,0
129,97,3,0
130,97,3,0
131,97,3,0
132,97,3,0
133,97,3,0
134,97,3,0
135,97,3,0
136,97,3,0
137,97,3,0
138,97,3,0
139,97,3,0
140,97,3,0
141,97,3,0
142,97,3,0
143,97,3,0
144,97,3,0
145,97,3,0
146,97,3,0
147,97,3,0
148,97,3,0
149,97,3,0
150,97,3,0
151,97,3,0
152,97,3,0
153,97,3,0
154,97,3,0
155,97,3,0
156,97,3,0
157,97,3,0
158,97,3,0
159,97,3,0
160,97,3,0
161,97,3,0
162,97,3,0
163,97,3,0
164,97,3,0
165,97,3,0
166,97,3,0
167,97,3,0
168,97,3,0
169,97,3,0
170,97,3,0
171,97,3,0
172,97,3,0
173,97,3,0
174,97,3,0
175,97,3,0
176,97,3,0
177,97,3,0
178,97,3,0
179,97,3,0
180,97,3,0
181,97,3,0
182,97,3,0
183,97,3,0
184,97,3,0
185,97,3,0
186,97,3,0
187,97,3,0
188,97,3,0
189,97,3,0
190,97,3,0
191,97,3,0
192,97,3,0
193,97,3,0
194,97,3,0
195,97,3,0
196,97,3,0
197,97,3,0
198,97,3,0
199,97,3,0
200,97,3,0
201,97,3,0
202,97,3,0
203,97,3,0
204,97,3,0
205,97,3,0
206,97,3,0
207,97,3,0
208,97,3,0
209,97,3,0
210,97,3,0
211,97,3,0
212,97,3,0
213,97,3,0
214,97,3,0
215,97,3,0
216,97,3,0
217,97,3,0
218,97,3,0
219,97,3,0
220,97,3,0
221,97,3,0
222,97,3,0
223,97,3,0
224,97,3,0
225,97,3,0
226,97,3,0
227,97,3,0
228,97,3,0
229,97,3,0
230,97,3,0
231,97,3,0
232,97,3,0
233,97,3,0
234,97,3,0
235,97,3,0
236,97,3,0
237,97,3,0
238,97,3,0
239,97,3,0
240,97,3,0
241,97,3,0
242,97,3,0
243,97,3,0
244,97,3,0
245,97,3,0
246,97,3,0
247,97,3,0
248,97,3,0
249,97,3,0
250,97,3,0
251,97,3,0
252,97,3,0
253,97,3,0
254,97,3,0
255,97,3,0
256,97,3,0
257,97,3,0
258,97,3,0
259,97,3,0
260,97,3,0
261,97,3,0
262,97,3,0
263,97,3,0
264,97,3,0
265,97,3,0
266,97,3,0
267,97,3,0
268,97,3,0
269,97,3,0
270,97,3,0
271,97,3,0
272,97,3,0
273,97,3,0
274,97,3,0
275,97,3,0
276,97,3,0
277,97,3,0
278,97,3,0
279,97,3,0
280,97,3,0
281,97,3,0
282,97,3,0
283,97,3,0
284,97,3,0
285,97,3,0
286,97,3,0
287,97,3,0
288,97,3,0
289,97,3,0
290,97,3,0
291,97,3,0
292,97,3,0
293,97,3,0
294,97,2,1
295,97,2,1
296,97,2,1
297,97,2,1
298,97,2,1
299,97,2,1
300,97,2,1
301,97,2,1
302,97,2,1
303,97,2,1
304,97,2,1
305,97,2,1
306,97,2,1
307,97,2,1
308,97,2,1
309,97,2,1
310,97,2,1
311,97,2,1
312,97,2,1
313,97,2,1
314,97,2,1
315,97,2,1
316,97,2,1
317,97,2,1
318,97,2,1
319,97,2,1
320,97,2,1
321,97,2,1
322,97,2,1
323,97,2,1
324,97,2,1
325,97,2,1
326,97,2,1
327,97,2,1
328,97,2,1
329,97,2,1
330,97,2,1
331,97,2,1
332,97,2,1
333,97,2,1
334,97,2,1
335,97,2,1
336,97,2,1
337,97,2,1
338,97,2,1
339,97,2,1
340,97,2,1
341,97,2,1
342,97,2,1
343,97,2,1
344,97,2,1
345,97,2,1
346,97,2,1
347,97,2,1
348,97,2,1
349,97,2,1
350,97,2,1
351,97,2,1
352,97,2,1
353,97,2,1
354,97,2,1
355,97,2,1
356,97,2,1
357,97,2,1
358,97,2,1
359,97,2,1
360,97,2,1
361,97,2,1
362,97,2,1
363,97,2,1
364,97,2,1
365,97,2,1
366,97,2,1
367,97,2,1
368,97,2,1
369,97,2,1
370,97,2,1
371,97,2,1
372,97,2,1
373,97,2,1
374,97,2,1
375,97,2,1
376,97,2,1
377,97,2,1
378,97,2,1
379,97,2,1
380,97,2,1
381,97,2,1
382,97,2,1
383,97,2,1
384,97,2,1
385,97,2,1
386,97,2,1
387,97,2,1
388,97,2,1
389,97,2,1
390,97,2,1
391,97,2,1
392,97,2,1
393,97,2,1
394,97,2,1
395,97,2,1
396,97,2,1
397,97,2,1
398,97,1,2
399,97,1,2
400,97,1,2
401,97,1,2
402,97,1,2
403,97,1,2
404,97,1,2
405,97,1,2
406,97,1,2
407,97,1,2
408,97,1,2
409,97,1,2
410,97,1,2
411,97,1,2
412,97,1,2
413,97,1,2
414,97,1,2
415,97,1,2
416,97,1,2
417,97,1,2
418,97,1,2
419,97,1,2
420,97,1,2
421,97,1,2
422,97,1,2
423,97,1,2
424,97,1,2
425,97,1,2
426,97,1,2
427,97,1,2
428,97,1,2
429,97,1,2
430,97,1,2
431,97,1,2
432,97,1,2
433,97,1,2
434,97,1,2
435,97,1,2
436,97,1,2
437,97,1,2
438,97,1,2
439,97,1,2
440,97,1,2
441,97,1,2
442,97,1,2
443,97,1,2
444,97,1,2
445,97,1,2
446,97,1,2
447,97,1,2
448,97,1,2
449,97,1,2
450,97,1,2
451,97,1,2
452,97,1,2
453,97,1,2
454,97,1,2
455,97,1,2
456,97,1,2
457,97,1,2
458,97,1,2
459,97,1,2
460,97,1,2
461,97,1,2
462,97,1,2
463,97,1,2
464,97,1,2
465,97,1,2
466,97,1,2
467,97,1,2
468,97,1,2
469,97,1,2
470,97,1,2
471,97,1,2
472,97,1,2
473,97,1,2
474,97,1,2
475,97,1,2
476,97,1,2
477,97,1,2
478,97,1,2
479,97,1,2
480,97,1,2
481,97,1,2
482,97,1,2
483,97,1,2
484,97,1,2
485,97,1,2
486,97,1,2
487,97,1,2
488,97,1,2
489,97,1,2
490,97,1,2
491,97,1,2
492,97,1,2
493,97,1,2
494,97,1,2
495,97,1,2
496,97,1,2
497,97,1,2
498,97,1,2
499,97,1,2
500,97,1,2
501,97,1,2
502,97,1,2
503,97,1,2
504,97,1,2
505,97,1,2
506,97,1,2
507,97,1,2
508,97,1,2
509,97,1,2
510,97,1,2
511,97,1,2
512,97,1,2
513,97,1,2
514,97,1,2
515,97,1,2
516,97,1,2
517,97,1,2
518,97,1,2
519,97,1,2
520,97,1,2
521,97,1,2
522,97,1,2
523,97,1,2
524,97,1,2
525,97,1,2
526,97,1,2
527,97,1,2
528,97,1,2
529,97,1,2
530,97,1,2
531,97,1,2
532,97,1,2
533,97,1,2
534,97,1,2
535,97,1,2
536,97,1,2
537,97,1,2
538,97,1,2
539,97,1,2
540,97,1,2
541,97,1,2
542,97,1,2
543,97,1,2
544,97,1,2
545,97,1,2
546,97,1,2
547,97,1,2
548,97,1,2
549,97,1,2
550,97,1,2
551,97,1,2
552,97,1,2
553,97,1,2
554,97,1,2
555,97,1,2
556,97,1,2
557,97,1,2
558,97,1,2
559,97,1,2
560,97,1,2
561,97,1,2
562,97,1,2
563,97,1,2
564,97,1,2
565,97,1,2
566,97,1,2
567,97,1,2
568,97,1,2
569,97,1,2
570,97,1,2
571,97,1,2
572,97,1,2
573,97,1,2
574,97,1,2
575,97,1,2
576,97,1,2
577,96,2,2
578,96,2,2
579,96,2,2
580,96,2,2
581,96,2,2
582,96,2,2
583,96,2,2
584,96,2,2
585,96,2,2
586,96,2,2
587,96,2,2
588,96,2,2
589,96,2,2
590,96,2,2
591,96,2,2
592,96,2,2
593,96,2,2
594,96,2,2
595,96,2,2
596,96,2,2
597,96,2,2
598,96,2,2
599,96,2,2
600,96,2,2
601,96,2,2
602,96,2,2
603,96,2,2
604,96,2,2
605,96,2,2
606,96,2,2
607,96,2,2
608,96,2,2
609,96,2,2
610,96,2,2
611,96,2,2
612,96,2,2
613,96,2,2
614,96,2,2
615,96,2,2
616,96,2,2
617,95,3,2
618,95,3,2
619,95,3,2
620,95,3,2
621,95,3,2
622,95,3,2
623,95,3,2
624,95,3,2
625,95,3,2
626,95,3,2
627,94,4,2
628,94,4,2
629,94,4,2
630,94,4,2
631,94,4,2
632,94,4,2
633,94,4,2
634,94,4,2
635,94,4,2
636,94,4,2
637,94,4,2
638,94,4,2
639,94,4,2
640,94,4,2
641,94,4,2
642,94,4,2
643,94,4,2
644,94,4,2
645,94,4,2
646,94,4,2
647,94,4,2
648,94,4,2
649,94,4,2
650,94,4,2
651,94,4,2
652,94,4,2
653,94,4,2
654,94,4,2
655,94,4,2
656,94,4,2
657,94,4,2
658,94,4,2
659,94,4,2
660,94,4,2
661,94,4,2
662,94,4,2
663,94,4,2
664,94,4,2
665,94,4,2
666,94,4,2
667,94,4,2
668,94,4,2
669,94,4,2
670,94,4,2
671,94,4,2
672,94,4,2
673,94,4,2
674,94,4,2
675,94,4,2
676,94,4,2
677,94,4,2
678,94,4,2
679,94,4,2
680,94,4,2
681,94,4,2
682,94,4,2
683,94,4,2
684,94,4,2
685,93,5,2
686,93,5,2
687,93,5,2
688,93,5,2
689,93,5,2
690,93,5,2
691,93,5,2
692,93,5,2
693,93,5,2
694,93,5,2
695,93,5,2
696,93,5,2
697,93,5,2
698,93,5,2
699,93,5,2
700,93,5,2
701,93,5,2
702,93,5,2
703,93,5,2
704,93,5,2
705,93,5,2
706,93,5,2
707,93,5,2
708,93,5,2
709,93,5,2
710,93,5,2
711,93,5,2
712,93,5,2
713,93,5,2
714,93,5,2
715,93,5,2
716,93,5,2
717,93,5,2
718,93,5,2
719,93,5,2
720,93,5,2
721,93,5,2
722,93,5,2
723,93,5,2
724,93,5,2
725,93,5,2
726,93,5,2
727,93,5,2
728,93,5,2
729,93,5,2
730,93,5,2
731,93,5,2
732,93,5,2
733,93,5,2
734,93,5,2
735,93,5,2
736,93,5,2
737,93,5,2
738,93,5,2
739,93,5,2
740,93,5,2
741,93,5,2
742,93,5,2
743,93,5,2
744,93,5,2
745,93,5,2
746,93,5,2
747,93,5,2
748,93,5,2
749,93,5,2
750,93,5,2
751,93,5,2
752,93,4,3
753,93,4,3
754,93,4,3
755,93,4,3
756,93,4,3
757,93,4,3
758,93,4,3
759,93,4,3
760,93,4,3
761,93,4,3
762,93,4,3
763,93,4,3
764,93,4,3
765,93,4,3
766,93,4,3
767,93,4,3
768,93,4,3
769,93,4,3
770,93,4,3
771,93,4,3
772,93,4,3
773,93,4,3
774,93,4,3
775,93,4,3
776,93,4,3
777,93,4,3
778,93,4,3
779,93,4,3
780,93,4,3
781,93,4,3
782,93,4,3
783,93,4,3
784,93,4,3
785,93,4,3
786,93,4,3
787,93,4,3
788,93,4,3
789,93,4,3
790,93,4,3
791,93,4,3
792,93,4,3
793,93,4,3
794,93,4,3
795,93,4,3
796,93,4,3
797,93,4,3
798,93,4,3
799,93,4,3
800,93,4,3
801,93,4,3
802,93,4,3
803,93,4,3
804,93,4,3
805,93,4,3
806,93,3,4
807,93,3,4
808,93,3,4
809,93,3,4
810,93,3,4
811,93,3,4
812,93,3,4
813,93,3,4
814,93,3,4
815,93,3,4
816,93,3,4
817,93,3,4
818,93,3,4
819,93,3,4
820,93,3,4
821,93,3,4
822,93,3,4
823,93,3,4
824,93,3,4
825,93,3,4
826,93,3,4
827,93,3,4
828,92,4,4
829,92,4,4
830,92,4,4
831,92,3,5
832,92,3,5
833,92,3,5
834,92,3,5
835,92,3,5
836,92,3,5
837,92,3,5
838,91,4,5
839,91,4,5
840,91,4,5
841,91,4,5
842,91,4,5
843,91,4,5
844,91,4,5
845,91,4,5
846,91,4,5
847,91,4,5
848,91,4,5
849,90,5,5
850,90,5,5
851,90,5,5
852,90,5,5
853,90,5,5
854,90,5,5
855,90,5,5
856,90,5,5
857,90,5,5
858,90,5,5
859,90,5,5
860,90,5,5
861,90,5,5
862,90,5,5
863,90,5,5
864,90,5,5
865,90,5,5
866,90,5,5
867,90,5,5
868,90,5,5
869,90,5,5
870,90,5,5
871,90,5,5
872,89,6,5
873,89,6,5
874,89,6,5
875,89,6,5
876,89,6,5
877,89,6,5
878,89,6,5
879,89,6,5
880,89,6,5
881,89,6,5
882,89,6,5
883,89,6,5
884,89,6,5
885,89,6,5
886,89,6,5
887,89,6,5
888,89,6,5
889,89,6,5
890,89,6,5
891,89,6,5
892,89,6,5
893,89,6,5
894,89,6,5
895,89,6,5
896,89,6,5
897,89,6,5
898,89,6,5
899,89,6,5
900,89,6,5
901,89,6,5
902,89,6,5
903,89,6,5
904,89,6,5
905,89,6,5
906,89,6,5
907,89,6,5
908,89,6,5
909,89,6,5
910,89,6,5
911,89,6,5
912,89,6,5
913,89,5,6
914,89,5,6
915,89,5,6
916,89,5,6
917,89,5,6
918,89,5,6
919,89,5,6
920,89,5,6
921,89,5,6
922,89,5,6
923,89,5,6
924,89,5,6
925,89,5,6
926,89,5,6
927,89,5,6
928,89,5,6
929,89,5,6
930,89,5,6
931,89,5,6
932,89,5,6
933,89,5,6
934,89,5,6
935,89,5,6
936,89,5,6
937,89,5,6
938,89,5,6
939,89,5,6
940,89,5,6
941,89,5,6
942,89,5,6
943,89,5,6
944,89,5,6
945,89,5,6
946,89,5,6
947,89,5,6
948,89,5,6
949,89,5,6
950,89,5,6
951,89,5,6
952,89,5,6
953,89,5,6
954,89,5,6
955,89,5,6
956,89,5,6
957,89,5,6
958,89,5,6
959,89,5,6
960,88,6,6
961,88,5,7
962,88,5,7
963,88,5,7
964,88,5,7
965,88,5,7
966,88,5,7
967,88,5,7
968,88,5,7
969,88,5,7
970,88,5,7
971,88,5,7
972,88,5,7
973,88,5,7
974,88,5,7
975,88,5,7
976,88,5,7
977,88,5,7
978,88,5,7
979,88,5,7
980,88,5,7
981,88,5,7
982,88,5,7
983,88,5,7
984,88,5,7
985,88,5,7
986,88,5,7
987,88,5,7
988,88,5,7
989,88,5,7
990,88,5,7
991,88,5,7
992,88,5,7
993,88,5,7
994,88,5,7
995,88,5,7
996,88,5,7
997,88,5,7
998,88,5,7
999,88,5,7
1000,88,5,7
1001,88,5,7
1002,88,5,7
1003,88,5,7
1004,87,6,7
1005,87,6,7
1006,87,6,7
1007,87,6,7
1008,87,6,7
1009,87,6,7
1010,87,6,7
1011,87,6,7
1012,87,6,7
1013,87,6,7
1014,87,6,7
1015,87,6,7
1016,87,6,7
1017,87,6,7
1018,87,6,7
1019,87,6,7
1020,87,6,7
1021,87,6,7
1022,87,6,7
1023,87,6,7
1024,87,6,7
1025,87,6,7
1026,87,6,7
1027,86,7,7
1028,86,7,7
1029,86,7,7
1030,86,7,7
1031,86,7,7
1032,86,7,7
1033,86,7,7
1034,86,7,7
1035,86,7,7
1036,86,7,7
1037,86,7,7
1038,86,7,7
1039,86,7,7
1040,86,7,7
1041,86,7,7
1042,86,7,7
1043,86,7,7
1044,86,7,7
1045,86,7,7
1046,86,7,7
1047,86,7,7
1048,86,7,7
1049,86,7,7
1050,86,7,7
1051,86,7,7
1052,86,7,7
1053,86,7,7
1054,85,8,7
1055,85,8,7
1056,85,8,7
1057,84,8,8
1058,84,8,8
1059,84,8,8
1060,84,8,8
1061,84,8,8
1062,84,8,8
1063,83,9,8
1064,83,9,8
1065,83,9,8
1066,83,9,8
1067,83,9,8
1068,83,9,8
1069,83,9,8
1070,83,9,8
1071,82,9,9
1072,82,9,9
1073,82,9,9
1074,82,9,9
1075,82,9,9
1076,82,9,9
1077,82,9,9
1078,82,9,9
1079,82,9,9
1080,82,9,9
1081,81,10,9
1082,81,10,9
1083,81,10,9
1084,81,10,9
1085,81,10,9
1086,81,10,9
1087,80,11,9
1088,80,11,9
1089,80,11,9
1090,79,12,9
1091,79,12,9
1092,79,11,10
1093,79,11,10
1094,79,11,10
1095,79,11,10
1096,79,11,10
1097,79,11,10
1098,79,11,10
1099,79,11,10
1100,79,11,10
1101,79,11,10
1102,79,11,10
1103,79,11,10
1104,79,11,10
1105,79,11,10
1106,79,10,11
1107,79,10,11
1108,78,11,11
1109,78,11,11
1110,77,12,11
1111,77,12,11
1112,77,12,11
1113,77,12,11
1114,76,13,11
1115,76,13,11
1116,76,13,11
1117,76,13,11
1118,76,13,11
1119,76,13,11
1120,76,13,11
1121,76,13,11
1122,76,13,11
1123,76,13,11
1124,76,13,11
1125,76,13,11
1126,76,13,11
1127,76,13,11
1128,76,13,11
1129,76,13,11
1130,76,13,11
1131,76,13,11
1132,76,13,11
1133,75,14,11
1134,74,15,11
1135,74,15,11
1136,74,15,11
1137,74,15,11
1138,74,15,11
1139,74,15,11
1140,74,15,11
1141,74,15,11
1142,74,15,11
1143,74,15,11
1144,74,15,11
1145,74,15,11
1146,74,15,11
1147,74,15,11
1148,74,15,11
1149,74,15,11
1150,74,15,11
1151,74,15,11
1152,74,15,11
1153,74,15,11
1154,74,15,11
1155,74,15,11
1156,74,14,12
1157,74,14,12
1158,74,14,12
1159,73,15,12
1160,73,15,12
1161,73,15,12
1162,73,15,12
1163,73,15,12
1164,73,15,12
1165,72,15,13
1166,72,14,14
1167,71,15,14
1168,71,15,14
1169,70,16,14
1170,70,16,14
1171,70,16,14
1172,70,16,14
1173,70,16,14
1174,69,17,14
1175,69,17,14
1176,68,18,14
1177,68,18,14
1178,68,18,14
1179,68,17,15
1180,68,17,15
1181,68,17,15
1182,68,17,15
1183,68,17,15
1184,68,17,15
1185,68,17,15
1186,68,17,15
1187,68,17,15
1188,68,17,15
1189,68,17,15
1190,67,18,15
1191,67,18,15
1192,67,17,16
1193,67,17,16
1194,67,17,16
1195,67,17,16
1196,67,17,16
1197,67,17,16
1198,67,17,16
1199,67,17,16
1200,67,17,16
1201,67,17,16
1202,67,17,16
1203,66,18,16
1204,66,18,16
1205,66,18,16
1206,65,19,16
1207,65,19,16
1208,65,19,16
1209,65,19,16
1210,64,20,16
1211,64,20,16
1212,64,19,17
1213,63,20,17
1214,63,20,17
1215,63,19,18
1216,63,18,19
1217,63,18,19
1218,63,18,19
1219,63,18,19
1220,63,18,19
1221,63,18,19
1222,63,18,19
1223,63,18,19
1224,63,18,19
1225,62,19,19
1226,62,19,19
1227,62,19,19
1228,62,19,19
1229,62,19,19
1230,62,19,19
1231,62,19,19
1232,62,19,19
1233,61,20,19
1234,61,20,19
1235,61,20,19
1236,61,20,19
1237,61,20,19
1238,61,20,19
1239,61,19,20
1240,61,19,20
1241,61,19,20
1242,61,19,20
1243,61,19,20
1244,61,19,20
1245,60,20,20
1246,60,20,20
1247,60,20,20
1248,59,21,20
1249,59,21,20
1250,59,21,20
1251,59,21,20
1252,59,21,20
1253,59,21,20
1254,59,21,20
1255,59,21,20
1256,59,21,20
1257,59,21,20
1258,58,22,20
1259,58,22,20
1260,58,22,20
1261,58,22,20
1262,58,22,20
1263,58,22,20
1264,58,22,20
1265,58,22,20
1266,56,24,20
1267,56,22,22
1268,56,22,22
1269,55,23,22
1270,53,24,23
1271,53,24,23
1272,53,24,23
1273,53,24,23
1274,53,24,23
1275,52,25,23
1276,52,25,23
1277,52,25,23
1278,52,25,23
1279,52,24,24
1280,52,24,24
1281,52,24,24
1282,52,24,24
1283,52,24,24
1284,52,23,25
1285,51,24,25
1286,51,24,25
1287,51,24,25
1288,50,25,25
1289,50,25,25
1290,50,25,25
1291,50,25,25
1292,50,25,25
1293,50,25,25
1294,50,25,25
1295,50,25,25
1296,50,25,25
1297,49,26,25
1298,49,26,25
1299,48,27,25
1300,48,27,25
1301,48,27,25
1302,46,29,25
1303,46,29,25
1304,45,30,25
1305,45,30,25
1306,45,30,25
1307,45,30,25
1308,45,30,25
1309,45,30,25
1310,44,31,25
1311,44,31,25
1312,44,31,25
1313,44,31,25
1314,44,31,25
1315,44,31,25
1316,43,32,25
1317,43,32,25
1318,43,32,25
1319,43,32,25
1320,43,32,25
1321,43,32,25
1322,43,32,25
1323,43,32,25
1324,43,32,25
1325,43,32,25
1326,43,31,26
1327,43,31,26
1328,43,31,26
1329,43,31,26
1330,43,31,26
1331,42,32,26
1332,42,32,26
1333,42,32,26
1334,42,32,26
1335,42,32,26
1336,42,31,27
1337,42,30,28
1338,41,31,28
1339,41,31,28
1340,40,32,28
1341,40,32,28
1342,40,32,28
1343,40,32,28
1344,40,32,28
1345,39,33,28
1346,39,33,28
1347,38,34,28
1348,38,34,28
1349,38,34,28
1350,38,34,28
1351,37,35,28
1352,37,34,29
1353,37,34,29
1354,37,34,29
1355,37,34,29
1356,36,35,29
1357,36,35,29
1358,36,35,29
1359,36,35,29
1360,36,35,29
1361,36,35,29
1362,36,35,29
1363,36,33,31
1364,36,33,31
1365,36,33,31
1366,36,32,32
1367,36,32,32
1368,36,32,32
1369,36,32,32
1370,35,32,33
1371,35,32,33
1372,35,32,33
1373,35,32,33
1374,35,32,33
1375,35,32,33
1376,35,32,33
1377,35,32,33
1378,35,32,33
1379,35,32,33
1380,35,32,33
1381,35,32,33
1382,35,32,33
1383,35,32,33
1384,35,32,33
1385,35,32,33
1386,35,32,33
1387,35,32,33
1388,35,32,33
1389,35,32,33
1390,35,32,33
1391,35,32,33
1392,35,32,33
1393,33,34,33
1394,33,34,33
1395,33,33,34
1396,33,33,34
1397,33,33,34
1398,33,33,34
1399,33,33,34
1400,33,33,34
1401,33,33,34
1402,33,33,34
1403,33,33,34
1404,33,33,34
1405,33,33,34
1406,33,32,35
1407,33,32,35
1408,33,31,36
1409,33,31,36
1410,32,32,36
1411,32,32,36
1412,32,32,36
1413,32,32,36
1414,32,32,36
1415,32,32,36
1416,32,32,36
1417,32,32,36
1418,31,33,36
1419,31,33,36
1420,31,33,36
1421,31,32,37
1422,31,32,37
1423,31,32,37
1424,31,32,37
1425,31,32,37
1426,31,32,37
1427,31,32,37
1428,31,31,38
1429,31,30,39
1430,31,30,39
1431,31,30,39
1432,31,30,39
1433,31,30,39
1434,31,30,39
1435,30,31,39
1436,30,30,40
1437,30,30,40
1438,30,30,40
1439,30,30,40
1440,30,30,40
1441,29,31,40
1442,29,31,40
1443,29,31,40
1444,29,31,40
1445,29,31,40
1446,29,31,40
1447,29,31,40
1448,29,31,40
1449,29,31,40
1450,29,31,40
1451,29,31,40
1452,29,31,40
1453,29,31,40
1454,29,31,40
1455,29,31,40
1456,29,30,41
1457,29,30,41
1458,29,30,41
1459,29,30,41
1460,29,30,41
1461,29,30,41
1462,29,30,41
1463,29,30,41
1464,29,30,41
1465,29,30,41
1466,28,31,41
1467,28,31,41
1468,28,31,41
1469,28,31,41
1470,28,31,41
1471,28,31,41
1472,28,31,41
1473,28,31,41
1474,28,31,41
1475,28,31,41
1476,28,31,41
1477,28,31,41
1478,28,31,41
1479,28,31,41
1480,28,30,42
1481,28,30,42
1482,28,30,42
1483,28,30,42
1484,28,30,42
1485,28,30,42
1486,28,30,42
1487,28,30,42
1488,28,30,42
1489,28,30,42
1490,28,30,42
1491,28,30,42
1492,28,30,42
1493,28,30,42
1494,28,30,42
1495,28,30,42
1496,28,30,42
1497,28,30,42
1498,28,30,42
1499,28,30,42
1500,28,30,42
1501,28,30,42
1502,28,30,42
1503,28,30,42
1504,28,30,42
1505,28,29,43
1506,27,30,43
1507,26,31,43
1508,25,32,43
1509,25,32,43
1510,25,32,43
1511,24,33,43
1512,24,33,43
1513,24,33,43
1514,23,34,43
1515,23,34,43
1516,23,34,43
1517,23,34,43
1518,23,34,43
1519,23,34,43
1520,23,34,43
1521,23,34,43
1522,22,35,43
1523,22,35,43
1524,21,36,43
1525,21,36,43
1526,21,36,43
1527,21,36,43
1528,21,36,43
1529,21,36,43
1530,21,36,43
1531,21,36,43
1532,21,36,43
1533,21,36,43
1534,20,36,44
1535,20,36,44
1536,20,36,44
1537,20,36,44
1538,20,36,44
1539,20,36,44
1540,20,36,44
1541,20,36,44
1542,20,36,44
1543,20,36,44
1544,20,36,44
1545,20,36,44
1546,20,36,44
1547,20,36,44
1548,20,36,44
1549,20,36,44
1550,20,36,44
1551,19,37,44
1552,19,37,44
1553,19,37,44
1554,19,36,45
1555,19,36,45
1556,19,36,45
1557,19,36,45
1558,18,37,45
1559,18,37,45
1560,18,37,45
1561,18,37,45
1562,18,37,45
1563,18,37,45
1564,18,37,45
1565,18,37,45
1566,18,37,45
1567,18,37,45
1568,18,37,45
1569,18,37,45
1570,18,37,45
1571,18,37,45
1572,18,37,45
1573,18,37,45
1574,18,37,45
1575,18,34,48
1576,18,34,48
1577,18,33,49
1578,18,33,49
1579,18,33,49
1580,17,34,49
1581,17,34,49
1582,17,34,49
1583,17,34,49
1584,17,34,49
1585,17,34,49
1586,16,34,50
1587,16,34,50
1588,16,34,50
1589,16,34,50
1590,16,34,50
1591,16,34,50
1592,15,35,50
1593,15,35,50
1594,15,34,51
1595,15,34,51
1596,14,35,51
1597,14,35,51
1598,14,35,51
1599,14,35,51
1600,14,35,51
1601,14,35,51
1602,13,36,51
1603,13,36,51
1604,13,36,51
1605,13,36,51
1606,13,36,51
1607,13,36,51
1608,13,36,51
1609,13,36,51
1610,13,36,51
1611,13,36,51
1612,13,36,51
1613,13,36,51
1614,13,36,51
1615,13,36,51
1616,13,36,51
1617,13,36,51
1618,13,36,51
1619,13,36,51
1620,13,36,51
1621,13,36,51
1622,12,37,51
1623,12,37,51
1624,12,37,51
1625,12,37,51
1626,12,37,51
1627,12,37,51
1628,12,37,51
1629,12,37,51
1630,12,37,51
1631,12,37,51
1632,12,37,51
1633,12,37,51
1634,12,36,52
1635,12,36,52
1636,12,36,52
1637,12,36,52
1638,12,36,52
1639,12,36,52
1640,12,36,52
1641,12,36,52
1642,12,36,52
1643,12,36,52
1644,11,37,52
1645,11,37,52
1646,10,38,52
1647,10,38,52
1648,10,38,52
1649,10,38,52
1650,10,38,52
1651,10,38,52
1652,10,38,52
1653,10,38,52
1654,10,38,52
1655,9,39,52
1656,9,39,52
1657,9,39,52
1658,9,39,52
1659,9,38,53
1660,9,38,53
1661,9,38,53
1662,9,38,53
1663,9,37,54
1664,9,37,54
1665,9,37,54
1666,8,38,54
1667,8,38,54
1668,8,38,54
1669,8,38,54
1670,8,38,54
1671,8,38,54
1672,8,38,54
1673,8,38,54
1674,8,38,54
1675,8,37,55
1676,8,37,55
1677,8,37,55
1678,8,37,55
1679,8,37,55
1680,8,37,55
1681,8,37,55
1682,8,37,55
1683,8,37,55
1684,8,37,55
1685,8,37,55
1686,8,37,55
1687,8,37,55
1688,8,37,55
1689,8,37,55
1690,8,37,55
1691,8,37,55
1692,8,37,55
1693,8,37,55
1694,8,37,55
1695,8,37,55
1696,8,37,55
1697,8,37,55
1698,8,37,55
1699,8,37,55
1700,7,38,55
1701,7,38,55
1702,7,38,55
1703,7,38,55
1704,7,37,56
1705,7,37,56
1706,7,37,56
1707,7,37,56
1708,7,37,56
1709,7,37,56
1710,7,37,56
1711,7,36,57
1712,7,36,57
1713,7,36,57
1714,7,36,57
1715,7,36,57
1716,7,35,58
1717,7,35,58
1718,7,35,58
1719,7,35,58
1720,7,35,58
1721,7,35,58
1722,7,35,58
1723,7,35,58
1724,7,35,58
1725,7,35,58
1726,6,36,58
1727,5,37,58
1728,5,37,58
1729,5,37,58
1730,5,37,58
1731,5,37,58
1732,4,38,58
1733,4,38,58
1734,4,38,58
1735,4,38,58
1736,4,38,58
1737,4,38,58
1738,4,38,58
1739,4,38,58
1740,4,38,58
1741,4,38,58
1742,4,38,58
1743,4,38,58
1744,4,38,58
1745,4,38,58
1746,4,38,58
1747,4,38,58
1748,4,38,58
1749,4,38,58
1750,4,38,58
1751,4,37,59
1752,4,37,59
1753,4,37,59
1754,4,37,59
1755,4,37,59
1756,4,37,59
1757,4,37,59
1758,4,37,59
1759,4,36,60
1760,4,36,60
1761,4,36,60
1762,4,36,60
1763,4,36,60
1764,4,36,60
1765,4,36,60
1766,4,36,60
1767,4,35,61
1768,4,34,62
1769,4,34,62
1770,4,34,62
1771,4,32,64
1772,4,32,64
1773,4,32,64
1774,4,32,64
1775,4,32,64
1776,4,31,65
1777,4,31,65
1778,4,31,65
1779,4,31,65
1780,4,31,65
1781,4,31,65
1782,4,31,65
1783,4,31,65
1784,4,31,65
1785,4,31,65
1786,4,31,65
1787,4,31,65
1788,4,31,65
1789,4,30,66
1790,4,30,66
1791,4,30,66
1792,4,30,66
1793,4,30,66
1794,4,30,66
1795,4,30,66
1796,4,29,67
1797,4,29,67
1798,4,29,67
1799,4,29,67
1800,4,29,67
1801,4,29,67
1802,4,29,67
1803,4,29,67
1804,4,29,67
1805,4,29,67
1806,4,29,67
1807,4,29,67
1808,4,29,67
1809,4,29,67
1810,4,29,67
1811,4,29,67
1812,4,29,67
1813,4,29,67
1814,4,29,67
1815,4,29,67
1816,4,29,67
1817,4,29,67
1818,4,29,67
1819,4,29,67
1820,4,29,67
1821,4,29,67
1822,4,29,67
1823,4,29,67
1824,4,28,68
1825,4,28,68
1826,4,27,69
1827,4,27,69
1828,4,27,69
1829,4,27,69
1830,4,27,69
1831,4,27,69
1832,4,27,69
1833,4,27,69
1834,4,27,69
1835,4,27,69
1836,4,27,69
1837,3,28,69
1838,3,28,69
1839,3,28,69
1840,3,28,69
1841,3,28,69
1842,3,28,69
1843,3,28,69
1844,3,28,69
1845,3,28,69
1846,3,28,69
1847,3,28,69
1848,3,28,69
1849,3,28,69
1850,3,28,69
1851,3,27,70
1852,3,27,70
1853,3,27,70
1854,3,27,70
1855,3,27,70
1856,3,27,70
1857,3,27,70
1858,3,27,70
1859,3,27,70
1860,3,27,70
1861,3,27,70
1862,3,27,70
1863,3,27,70
1864,3,27,70
1865,3,27,70
1866,3,27,70
1867,3,27,70
1868,3,27,70
1869,3,27,70
1870,3,27,70
1871,3,27,70
1872,3,27,70
1873,3,27,70
1874,3,27,70
1875,3,27,70
1876,3,27,70
1877,3,27,70
1878,3,27,70
1879,3,27,70
1880,3,27,70
1881,3,27,70
1882,3,27,70
1883,3,27,70
1884,3,27,70
1885,3,27,70
1886,3,27,70
1887,3,27,70
1888,3,27,70
1889,3,27,70
1890,3,27,70
1891,3,27,70
1892,3,27,70
1893,3,26,71
1894,3,26,71
1895,3,26,71
1896,3,26,71
1897,3,26,71
1898,3,26,71
1899,3,26,71
1900,3,26,71
1901,3,26,71
1902,3,26,71
1903,3,26,71
1904,3,26,71
1905,3,26,71
1906,3,26,71
1907,3,26,71
1908,3,26,71
1909,3,26,71
1910,3,25,72
1911,3,25,72
1912,3,25,72
1913,3,25,72
1914,3,25,72
1915,3,25,72
1916,3,25,72
1917,3,25,72
1918,3,25,72
1919,3,25,72
1920,3,25,72
1921,3,25,72
1922,3,25,72
1923,3,25,72
1924,3,25,72
1925,3,25,72
1926,3,25,72
1927,3,25,72
1928,3,25,72
1929,3,25,72
1930,3,25,72
1931,3,25,72
1932,3,25,72
1933,3,25,72
1934,3,25,72
1935,3,25,72
1936,3,25,72
1937,3,25,72
1938,3,25,72
1939,3,25,72
1940,3,25,72
1941,3,25,72
1942,3,25,72
1943,3,25,72
1944,3,24,73
1945,3,24,73
1946,3,24,73
1947,3,23,74
1948,3,23,74
1949,3,23,74
1950,3,23,74
1951,3,23,74
1952,3,23,74
1953,3,23,74
1954,3,23,74
1955,3,23,74
1956,3,23,74
1957,3,23,74
1958,3,23,74
1959,2,24,74
1960,2,24,74
1961,2,24,74
1962,2,24,74
1963,2,24,74
1964,2,23,75
1965,2,23,75
1966,2,23,75
1967,2,23,75
1968,2,22,76
1969,2,22,76
1970,2,22,76
1971,2,22,76
1972,2,22,76
1973,2,22,76
1974,2,22,76
1975,2,22,76
1976,2,22,76
1977,2,22,76
1978,2,22,76
1979,2,22,76
1980,2,22,76
1981,2,22,76
1982,2,22,76
1983,2,22,76
1984,2,22,76
1985,2,22,76
1986,2,22,76
1987,2,22,76
1988,2,22,76
1989,2,22,76
1990,2,22,76
1991,2,22,76
1992,2,22,76
1993,2,22,76
1994,2,22,76
1995,2,22,76
1996,2,22,76
1997,2,22,76
1998,2,22,76
1999,2,22,76
2000,2,22,76
2001,2,22,76
2002,2,22,76
2003,2,22,76
2004,2,22,76
2005,2,22,76
2006,2,22,76
2007,2,22,76
2008,2,22,76
2009,2,22,76
2010,2,22,76
2011,2,22,76
2012,2,22,76
2013,2,22,76
2014,2,22,76
2015,2,22,76
2016,2,22,76
2017,2,22,76
2018,2,22,76
2019,2,22,76
2020,2,22,76
2021,2,22,76
2022,2,22,76
2023,2,22,76
2024,2,22,76
2025,2,22,76
2026,2,22,76
2027,1,23,76
2028,1,23,76
2029,1,23,76
2030,1,23,76
2031,1,23,76
2032,1,23,76
2033,1,23,76
2034,1,23,76
2035,1,23,76
2036,1,23,76
2037,1,23,76
2038,1,22,77
2039,1,22,77
2040,1,22,77
2041,1,22,77
2042,1,22,77
2043,1,22,77
2044,1,22,77
2045,1,22,77
2046,1,22,77
2047,1,22,77
2048,1,22,77
2049,1,22,77
2050,1,22,77
2051,1,22,77
2052,1,22,77
2053,1,22,77
2054,1,22,77
2055,1,22,77
2056,1,22,77
2057,1,22,77
2058,1,22,77
2059,1,22,77
2060,1,22,77
2061,1,22,77
2062,1,22,77
2063,1,22,77
2064,1,22,77
2065,1,22,77
2066,1,22,77
2067,1,22,77
2068,1,22,77
2069,1,22,77
2070,1,22,77
2071,1,22,77
2072,1,22,77
2073,1,22,77
2074,1,22,77
2075,1,22,77
2076,1,22,77
2077,1,22,77
2078,1,22,77
2079,1,22,77
2080,1,22,77
2081,1,22,77
2082,1,22,77
2083,1,22,77
2084,1,22,77
2085,1,22,77
2086,1,22,77
2087,1,22,77
2088,1,22,77
2089,1,22,77
2090,1,22,77
2091,1,22,77
2092,1,22,77
2093,1,22,77
2094,1,22,77
2095,1,22,77
2096,1,22,77
2097,1,22,77
2098,1,22,77
2099,1,22,77
2100,1,22,77
2101,1,22,77
2102,1,22,77
2103,1,22,77
2104,0,23,77
2105,0,23,77
2106,0,22,78
2107,0,22,78
2108,0,22,78
2109,0,22,78
2110,0,22,78
2111,0,22,78
2112,0,22,78
2113,0,22,78
2114,0,22,78
2115,0,22,78
2116,0,22,78
2117,0,22,78
2118,0,22,78
2119,0,22,78
2120,0,22,78
2121,0,22,78
2122,0,22,78
2123,0,22,78
2124,0,22,78
2125,0,22,78
2126,0,22,78
2127,0,22,78
2128,0,22,78
2129,0,22,78
2130,0,22,78
2131,0,22,78
2132,0,22,78
2133,0,22,78
2134,0,22,78
2135,0,22,78
2136,0,22,78
2137,0,22,78
2138,0,22,78
2139,0,22,78
2140,0,22,78
2141,0,22,78
2142,0,22,78
2143,0,22,78
2144,0,22,78
2145,0,22,78
2146,0,22,78
2147,0,21,79
2148,0,21,79
2149,0,21,79
2150,0,21,79
2151,0,21,79
2152,0,21,79
2153,0,21,79
2154,0,21,79
2155,0,21,79
2156,0,21,79
2157,0,21,79
2158,0,21,79
2159,0,21,79
2160,0,21,79
2161,0,21,79
2162,0,21,79
2163,0,21,79
2164,0,21,79
2165,0,21,79
2166,0,21,79
2167,0,21,79
2168,0,21,79
2169,0,21,79
2170,0,21,79
2171,0,21,79
2172,0,21,79
2173,0,21,79
2174,0,21,79
2175,0,21,79
2176,0,21,79
2177,0,21,79
2178,0,21,79
2179,0,21,79
2180,0,21,79
2181,0,21,79
2182,0,21,79
2183,0,21,79
2184,0,21,79
2185,0,21,79
2186,0,21,79
2187,0,21,79
2188,0,21,79
2189,0,21,79
2190,0,21,79
2191,0,21,79
2192,0,20,80
2193,0,20,80
2194,0,20,80
2195,0,20,80
2196,0,20,80
2197,0,20,80
2198,0,19,81
2199,0,19,81
2200,0,19,81
2201,0,19,81
2202,0,19,81
2203,0,19,81
2204,0,19,81
2205,0,19,81
2206,0,19,81
2207,0,19,81
2208,0,19,81
2209,0,19,81
2210,0,19,81
2211,0,19,81
2212,0,19,81
2213,0,19,81
2214,0,19,81
2215,0,19,81
2216,0,19,81
2217,0,19,81
2218,0,19,81
2219,0,19,81
2220,0,19,81
2221,0,19,81
2222,0,19,81
2223,0,19,81
2224,0,19,81
2225,0,19,81
2226,0,19,81
2227,0,19,81
2228,0,19,81
2229,0,19,81
2230,0,19,81
2231,0,19,81
2232,0,19,81
2233,0,19,81
2234,0,19,81
2235,0,19,81
2236,0,19,81
2237,0,19,81
2238,0,19,81
2239,0,19,81
2240,0,19,81
2241,0,19,81
2242,0,19,81
2243,0,19,81
2244,0,19,81
2245,0,19,81
2246,0,19,81
2247,0,19,81
2248,0,19,81
2249,0,19,81
2250,0,19,81
2251,0,19,81
2252,0,19,81
2253,0,19,81
2254,0,19,81
2255,0,19,81
2256,0,19,81
2257,0,19,81
2258,0,19,81
2259,0,19,81
2260,0,19,81
2261,0,19,81
2262,0,19,81
2263,0,19,81
2264,0,19,81
2265,0,19,81
2266,0,19,81
2267,0,19,81
2268,0,19,81
2269,0,19,81
2270,0,19,81
2271,0,19,81
2272,0,19,81
2273,0,19,81
2274,0,19,81
2275,0,19,81
2276,0,19,81
2277,0,19,81
2278,0,19,81
2279,0,19,81
2280,0,19,81
2281,0,19,81
2282,0,19,81
2283,0,19,81
2284,0,19,81
2285,0,18,82
2286,0,18,82
2287,0,18,82
2288,0,18,82
2289,0,18,82
2290,0,18,82
2291,0,18,82
2292,0,18,82
2293,0,18,82
2294,0,18,82
2295,0,18,82
2296,0,18,82
2297,0,18,82
2298,0,18,82
2299,0,18,82
2300,0,18,82
2301,0,18,82
2302,0,18,82
2303,0,18,82
2304,0,18,82
2305,0,18,82
2306,0,18,82
2307,0,18,82
2308,0,18,82
2309,0,18,82
2310,0,18,82
2311,0,18,82
2312,0,18,82
2313,0,18,82
2314,0,18,82
2315,0,18,82
2316,0,18,82
2317,0,18,82
2318,0,18,82
2319,0,18,82
2320,0,18,82
2321,0,18,82
2322,0,18,82
2323,0,18,82
2324,0,18,82
2325,0,17,83
2326,0,17,83
2327,0,17,83
2328,0,16,84
2329,0,16,84
2330,0,16,84
2331,0,16,84
2332,0,15,85
2333,0,15,85
2334,0,15,85
2335,0,15,85
2336,0,15,85
2337,0,14,86
2338,0,14,86
2339,0,14,86
2340,0,14,86
2341,0,14,86
2342,0,14,86
2343,0,14,86
2344,0,14,86
2345,0,14,86
2346,0,14,86
2347,0,14,86
2348,0,14,86
2349,0,14,86
2350,0,14,86
2351,0,14,86
2352,0,14,86
2353,0,14,86
2354,0,14,86
2355,0,14,86
2356,0,14,86
2357,0,14,86
2358,0,14,86
2359,0,14,86
2360,0,14,86
2361,0,14,86
2362,0,14,86
2363,0,14,86
2364,0,14,86
2365,0,14,86
2366,0,14,86
2367,0,14,86
2368,0,14,86
2369,0,14,86
2370,0,14,86
2371,0,14,86
2372,0,14,86
2373,0,14,86
2374,0,14,86
2375,0,14,86
2376,0,14,86
2377,0,14,86
2378,0,14,86
2379,0,14,86
2380,0,14,86
2381,0,14,86
2382,0,14,86
2383,0,14,86
2384,0,14,86
2385,0,14,86
2386,0,14,86
2387,0,14,86
2388,0,14,86
2389,0,14,86
2390,0,14,86
2391,0,14,86
2392,0,14,86
2393,0,14,86
2394,0,14,86
2395,0,14,86
2396,0,14,86
2397,0,14,86
2398,0,14,86
2399,0,14,86
2400,0,14,86
2401,0,14,86
2402,0,14,86
2403,0,14,86
2404,0,14,86
2405,0,13,87
2406,0,13,87
2407,0,13,87
2408,0,13,87
2409,0,13,87
2410,0,13,87
2411,0,13,87
2412,0,13,87
2413,0,13,87
2414,0,13,87
2415,0,13,87
2416,0,13,87
2417,0,13,87
2418,0,13,87
2419,0,13,87
2420,0,13,87
2421,0,13,87
2422,0,13,87
2423,0,13,87
2424,0,13,87
2425,0,13,87
2426,0,13,87
2427,0,12,88
2428,0,12,88
2429,0,12,88
2430,0,11,89
2431,0,11,89
2432,0,11,89
2433,0,11,89
2434,0,11,89
2435,0,11,89
2436,0,11,89
2437,0,11,89
2438,0,11,89
2439,0,11,89
2440,0,11,89
2441,0,10,90
2442,0,10,90
2443,0,10,90
2444,0,10,90
2445,0,10,90
2446,0,10,90
2447,0,10,90
2448,0,10,90
2449,0,10,90
2450,0,10,90
2451,0,10,90
2452,0,10,90
2453,0,10,90
2454,0,10,90
2455,0,10,90
2456,0,10,90
2457,0,10,90
2458,0,10,90
2459,0,10,90
2460,0,10,90
2461,0,10,90
2462,0,10,90
2463,0,10,90
2464,0,10,90
2465,0,10,90
2466,0,10,90
2467,0,10,90
2468,0,10,90
2469,0,10,90
2470,0,10,90
2471,0,10,90
2472,0,10,90
2473,0,10,90
2474,0,10,90
2475,0,10,90
2476,0,10,90
2477,0,10,90
2478,0,10,90
2479,0,10,90
2480,0,10,90
2481,0,10,90
2482,0,10,90
2483,0,10,90
2484,0,10,90
2485,0,10,90
2486,0,10,90
2487,0,10,90
2488,0,10,90
2489,0,10,90
2490,0,10,90
2491,0,10,90
2492,0,10,90
2493,0,10,90
2494,0,10,90
2495,0,10,90
2496,0,10,90
2497,0,10,90
2498,0,10,90
2499,0,9,91
2500,0,9,91
2501,0,8,92
2502,0,8,92
2503,0,8,92
2504,0,8,92
2505,0,8,92
2506,0,8,92
2507,0,8,92
2508,0,8,92
2509,0,8,92
2510,0,8,92
2511,0,8,92
2512,0,8,92
2513,0,8,92
2514,0,8,92
2515,0,8,92
2516,0,8,92
2517,0,8,92
2518,0,8,92
2519,0,8,92
2520,0,8,92
2521,0,8,92
2522,0,8,92
2523,0,8,92
2524,0,8,92
2525,0,7,93
2526,0,7,93
2527,0,7,93
2528,0,7,93
2529,0,7,93
2530,0,7,93
2531,0,7,93
2532,0,7,93
2533,0,7,93
2534,0,7,93
2535,0,7,93
2536,0,7,93
2537,0,7,93
2538,0,7,93
2539,0,7,93
2540,0,7,93
2541,0,7,93
2542,0,7,93
2543,0,7,93
2544,0,7,93
2545,0,7,93
2546,0,7,93
2547,0,7,93
2548,0,7,93
2549,0,7,93
2550,0,7,93
2551,0,7,93
2552,0,7,93
2553,0,7,93
2554,0,7,93
2555,0,7,93
2556,0,7,93
2557,0,7,93
2558,0,7,93
2559,0,7,93
2560,0,7,93
2561,0,7,93
2562,0,7,93
2563,0,7,93
2564,0,7,93
2565,0,6,94
2566,0,6,94
2567,0,6,94
2568,0,6,94
2569,0,6,94
2570,0,6,94
2571,0,6,94
2572,0,6,94
2573,0,6,94
2574,0,6,94
2575,0,6,94
2576,0,6,94
2577,0,6,94
2578,0,6,94
2579,0,6,94
2580,0,6,94
2581,0,6,94
2582,0,6,94
2583,0,5,95
2584,0,5,95
2585,0,5,95
2586,0,5,95
2587,0,5,95
2588,0,5,95
2589,0,5,95
2590,0,5,95
2591,0,5,95
2592,0,5,95
2593,0,5,95
2594,0,5,95
2595,0,5,95
2596,0,5,95
2597,0,5,95
2598,0,5,95
2599,0,5,95
2600,0,5,95
2601,0,5,95
2602,0,5,95
2603,0,5,95
2604,0,5,95
2605,0,5,95
2606,0,5,95
2607,0,5,95
2608,0,5,95
2609,0,5,95
2610,0,5,95
2611,0,5,95
2612,0,5,95
2613,0,5,95
2614,0,5,95
2615,0,5,95
2616,0,5,95
2617,0,5,95
2618,0,5,95
2619,0,5,95
2620,0,5,95
2621,0,5,95
2622,0,5,95
2623,0,5,95
2624,0,5,95
2625,0,5,95
2626,0,5,95
2627,0,5,95
2628,0,5,95
2629,0,5,95
2630,0,5,95
2631,0,5,95
2632,0,5,95
2633,0,5,95
2634,0,5,95
2635,0,5,95
2636,0,5,95
2637,0,5,95
2638,0,5,95
2639,0,5,95
2640,0,5,95
2641,0,5,95
2642,0,5,95
2643,0,5,95
2644,0,5,95
2645,0,5,95
2646,0,5,95
2647,0,5,95
2648,0,5,95
2649,0,5,95
2650,0,5,95
2651,0,5,95
2652,0,5,95
2653,0,5,95
2654,0,5,95
2655,0,5,95
2656,0,5,95
2657,0,5,95
2658,0,5,95
2659,0,5,95
2660,0,5,95
2661,0,5,95
2662,0,5,95
2663,0,5,95
2664,0,5,95
2665,0,5,95
2666,0,5,95
2667,0,5,95
2668,0,5,95
2669,0,5,95
2670,0,5,95
2671,0,5,95
2672,0,5,95
2673,0,4,96
2674,0,4,96
2675,0,4,96
2676,0,4,96
2677,0,4,96
2678,0,4,96
2679,0,4,96
2680,0,4,96
2681,0,4,96
2682,0,3,97
2683,0,3,97
2684,0,3,97
2685,0,3,97
2686,0,3,97
2687,0,3,97
2688,0,3,97
2689,0,3,97
2690,0,3,97
2691,0,3,97
2692,0,2,98
2693,0,2,98
2694,0,2,98
2695,0,2,98
2696,0,2,98
2697,0,2,98
2698,0,2,98
2699,0,2,98
2700,0,2,98
2701,0,2,98
2702,0,2,98
2703,0,2,98
2704,0,2,98
2705,0,2,98
2706,0,2,98
2707,0,2,98
2708,0,2,98
2709,0,2,98
2710,0,2,98
2711,0,2,98
2712,0,2,98
2713,0,2,98
2714,0,2,98
2715,0,2,98
2716,0,2,98
2717,0,2,98
2718,0,2,98
2719,0,2,98
2720,0,2,98
2721,0,2,98
2722,0,2,98
2723,0,2,98
2724,0,2,98
2725,0,2,98
2726,0,2,98
2727,0,2,98
2728,0,2,98
2729,0,2,98
2730,0,2,98
2731,0,2,98
2732,0,2,98
2733,0,2,98
2734,0,2,98
2735,0,2,98
2736,0,2,98
2737,0,2,98
2738,0,2,98
2739,0,2,98
2740,0,2,98
2741,0,2,98
2742,0,2,98
2743,0,2,98
2744,0,2,98
2745,0,2,98
2746,0,2,98
2747,0,2,98
2748,0,2,98
2749,0,2,98
2750,0,2,98
2751,0,2,98
2752,0,2,98
2753,0,2,98
2754,0,2,98
2755,0,2,98
2756,0,2,98
2757,0,2,98
2758,0,2,98
2759,0,2,98
2760,0,2,98
2761,0,2,98
2762,0,2,98
2763,0,2,98
2764,0,2,98
2765,0,2,98
2766,0,2,98
2767,0,2,98
2768,0,2,98
2769,0,2,98
2770,0,2,98
2771,0,2,98
2772,0,2,98
2773,0,2,98
2774,0,2,98
2775,0,2,98
2776,0,2,98
2777,0,2,98
2778,0,2,98
2779,0,2,98
2780,0,2,98
2781,0,2,98
2782,0,2,98
2783,0,2,98
2784,0,2,98
2785,0,2,98
2786,0,2,98
2787,0,2,98
2788,0,2,98
2789,0,2,98
2790,0,2,98
2791,0,2,98
2792,0,2,98
2793,0,2,98
2794,0,2,98
2795,0,2,98
2796,0,2,98
2797,0,2,98
2798,0,2,98
2799,0,2,98
2800,0,2,98
2801,0,2,98
2802,0,2,98
2803,0,2,98
2804,0,2,98
2805,0,2,98
2806,0,2,98
2807,0,2,98
2808,0,2,98
2809,0,2,98
2810,0,2,98
2811,0,2,98
2812,0,2,98
2813,0,2,98
2814,0,2,98
2815,0,2,98
2816,0,2,98
2817,0,2,98
2818,0,2,98
2819,0,2,98
2820,0,2,98
2821,0,2,98
2822,0,2,98
2823,0,2,98
2824,0,2,98
2825,0,2,98
2826,0,2,98
2827,0,2,98
2828,0,2,98
2829,0,2,98
2830,0,2,98
2831,0,2,98
2832,0,2,98
2833,0,2,98
2834,0,2,98
2835,0,2,98
2836,0,2,98
2837,0,2,98
2838,0,2,98
2839,0,2,98
2840,0,2,98
2841,0,2,98
2842,0,2,98
2843,0,2,98
2844,0,2,98
2845,0,2,98
2846,0,2,98
2847,0,2,98
2848,0,2,98
2849,0,2,98
2850,0,2,98
2851,0,2,98
2852,0,2,98
2853,0,2,98
2854,0,2,98
2855,0,2,98
2856,0,2,98
2857,0,2,98
2858,0,2,98
2859,0,2,98
2860,0,2,98
2861,0,2,98
2862,0,2,98
2863,0,2,98
2864,0,2,98
2865,0,2,98
2866,0,2,98
2867,0,2,98
2868,0,2,98
2869,0,2,98
2870,0,2,98
2871,0,2,98
2872,0,2,98
2873,0,2,98
2874,0,2,98
2875,0,2,98
2876,0,2,98
2877,0,2,98
2878,0,2,98
2879,0,2,98
2880,0,2,98
2881,0,2,98
2882,0,2,98
2883,0,2,98
2884,0,2,98
2885,0,2,98
2886,0,2,98
2887,0,2,98
2888,0,2,98
2889,0,2,98
2890,0,2,98
2891,0,2,98
2892,0,2,98
2893,0,2,98
2894,0,2,98
2895,0,2,98
2896,0,2,98
2897,0,2,98
2898,0,2,98
2899,0,2,98
2900,0,2,98
2901,0,2,98
2902,0,2,98
2903,0,2,98
2904,0,2,98
2905,0,2,98
2906,0,2,98
2907,0,2,98
2908,0,2,98
2909,0,2,98
2910,0,2,98
2911,0,2,98
2912,0,2,98
2913,0,2,98
2914,0,2,98
2915,0,2,98
2916,0,2,98
2917,0,2,98
2918,0,2,98
2919,0,2,98
2920,0,2,98
2921,0,2,98
2922,0,2,98
2923,0,2,98
2924,0,2,98
2925,0,2,98
2926,0,2,98
2927,0,2,98
2928,0,2,98
2929,0,2,98
2930,0,2,98
2931,0,2,98
2932,0,2,98
2933,0,2,98
2934,0,1,99
2935,0,1,99
2936,0,1,99
2937,0,1,99
2938,0,1,99
2939,0,1,99
2940,0,1,99
2941,0,1,99
2942,0,1,99
2943,0,1,99
2944,0,1,99
2945,0,1,99
2946,0,1,99
2947,0,1,99
2948,0,1,99
2949,0,1,99
2950,0,1,99
2951,0,1,99
2952,0,1,99
2953,0,1,99
2954,0,1,99
2955,0,1,99
2956,0,1,99
2957,0,1,99
2958,0,1,99
2959,0,1,99
2960,0,1,99
2961,0,1,99
2962,0,1,99
2963,0,1,99
2964,0,1,99
2965,0,1,99
2966,0,1,99
2967,0,1,99
2968,0,1,99
2969,0,1,99
2970,0,1,99
2971,0,1,99
2972,0,1,99
2973,0,1,99
2974,0,1,99
2975,0,1,99
2976,0,1,99
2977,0,1,99
2978,0,1,99
2979,0,1,99
2980,0,1,99
2981,0,1,99
2982,0,1,99
2983,0,1,99
2984,0,1,99
2985,0,1,99
2986,0,1,99
2987,0,1,99
2988,0,1,99
2989,0,1,99
2990,0,1,99
2991,0,1,99
2992,0,1,99
2993,0,1,99
2994,0,1,99
2995,0,1,99
2996,0,1,99
2997,0,1,99
2998,0,1,99
2999,0,1,99
3000,0,1,99
