Time,Healthy,Undetectable,Detectable
0,97,3,0
1,97,3,0
2,97,3,0
3,97,3,0
4,97,3,0
5,97,3,0
6,97,3,0
7,97,3,0
8,97,3,0
9,97,3,0
10,97,3,0
11,97,3,0
12,97,3,0
13,97,3,0
14,97,3,0
15,97,3,0
16,97,3,0
17,97,3,0
18,97,3,0
19,97,3,0
20,97,3,0
21,97,3,0
22,97,3,0
23,97,3,0
24,97,3,0
25,97,3,0
26,97,3,0
27,97,3,0
28,97,3,0
29,97,3,0
30,97,3,0
31,97,3,0
32,97,3,0
33,97,3,0
34,97,3,0
35,97,3,0
36,97,3,0
37,97,3,0
38,97,3,0
39,97,3,0
40,97,3,0
41,97,3,0
42,97,3,0
43,97,3,0
44,97,3,0
45,97,3,0
46,97,3,0
47,97,3,0
48,97,3,0
49,97,3,0
50,97,3,0
51,97,3,0
52,97,3,0
53,97,3,0
54,97,3,0
55,97,3,0
56,97,3,0
57,97,3,0
58,97,3,0
59,97,3,0
60,97,3,0
61,97,3,0
62,97,3,0
63,97,3,0
64,97,3,0
65,97,3,0
66,97,3,0
67,97,3,0
68,97,3,0
69,97,3,0
70,97,3,0
71,97,3,0
72,97,3,0
73,97,3,0
74,97,3,0
75,97,3,0
76,97,3,0
77,97,3,0
78,97,3,0
79,97,3,0
80,97,3,0
81,97,3,0
82,97,3,0
83,97,3,0
84,97,3,0
85,97,3,0
86,97,3,0
87,97,3,0
88,97,3,0
89,97,3,0
90,97,3,0
91,97,3,0
92,97,3,0
93,97,3,0
94,97,3,0
95,97,3,0
96,97,3,0
97,97,3,0
98,97,3,0
99,97,3,0
100,97,3,0
101,97,3,0
102,97,3,0
103,97,3,0
104,97,3,0
105,97,3,0
106,97,3,0
107,97,3,0
108,97,3,0
109,97,3,0
110,97,3,0
111,97,3,0
112,97,3,0
113,97,3,0
114,97,3,0
115,97,3,0
116,97,3,0
117,97,3,0
118,97,3,0
119,97,3,0
120,97,3,0
121,97,3,0
122,97,3,0
123,97,3,0
124,97,3,0
125,97,3,0
126,97,3,0
127,97,3,0
128,97,3,0
129,97,3,0
130,97,3,0
131,97,3,0
132,97,3,0
133,97,3,0
134,97,3,0
135,97,3,0
136,97,3,0
137,97,3,0
138,97,3,0
139,97,3,0
140,97,3,0
141,97,3,0
142,97,3,0
143,97,3,0
144,97,3,0
145,97,3,0
146,97,3,0
147,97,3,0
148,97,3,0
149,97,3,0
150,97,3,0
151,97,3,0
152,97,3,0
153,97,3,0
154,97,3,0
155,97,3,0
156,97,3,0
157,97,3,0
158,97,3,0
159,97,3,0
160,97,3,0
161,97,3,0
162,97,3,0
163,97,3,0
164,97,3,0
165,97,3,0
166,97,3,0
167,97,3,0
168,97,3,0
169,97,3,0
170,97,3,0
171,97,3,0
172,97,3,0
173,97,3,0
174,97,3,0
175,97,3,0
176,97,3,0
177,97,3,0
178,97,3,0
179,97,3,0
180,97,3,0
181,97,3,0
182,97,3,0
183,97,3,0
184,97,3,0
185,97,3,0
186,97,3,0
187,97,3,0
188,97,3,0
189,97,3,0
190,97,3,0
191,97,3,0
192,97,3,0
193,97,3,0
194,97,3,0
195,97,3,0
196,97,3,0
197,97,3,0
198,97,3,0
199,97,3,0
200,97,3,0
201,97,3,0
202,97,3,0
203,97,3,0
204,97,3,0
205,97,3,0
206,97,3,0
207,97,3,0
208,97,3,0
209,97,3,0
210,97,3,0
211,97,3,0
212,97,3,0
213,97,3,0
214,97,3,0
215,97,3,0
216,97,3,0
217,97,3,0
218,97,3,0
219,97,3,0
220,97,3,0
221,97,3,0
222,97,3,0
223,97,3,0
224,97,3,0
225,97,3,0
226,97,3,0
227,97,3,0
228,97,3,0
229,97,3,0
230,97,3,0
231,97,3,0
232,97,3,0
233,97,3,0
234,97,3,0
235,97,3,0
236,97,3,0
237,97,3,0
238,97,3,0
239,97,3,0
240,97,3,0
241,97,3,0
242,97,3,0
243,97,3,0
244,97,3,0
245,97,3,0
246,97,3,0
247,97,3,0
248,97,3,0
249,97,3,0
250,97,3,0
251,97,3,0
252,97,3,0
253,97,3,0
254,97,3,0
255,97,3,0
256,97,3,0
257,97,3,0
258,97,3,0
259,97,3,0
260,97,3,0
261,97,3,0
262,97,3,0
263,97,3,0
264,97,3,0
265,97,3,0
266,97,3,0
267,97,3,0
268,97,3,0
269,97,3,0
270,97,3,0
271,97,3,0
272,97,3,0
273,97,3,0
274,97,3,0
275,97,3,0
276,97,3,0
277,97,3,0
278,97,3,0
279,97,3,0
280,97,3,0
281,97,3,0
282,97,3,0
283,97,3,0
284,97,3,0
285,97,3,0
286,97,3,0
287,97,3,0
288,97,3,0
289,97,3,0
290,97,3,0
291,97,3,0
292,97,3,0
293,97,3,0
294,97,3,0
295,97,3,0
296,97,3,0
297,97,3,0
298,97,3,0
299,97,3,0
300,97,3,0
301,97,3,0
302,97,3,0
303,97,3,0
304,97,3,0
305,97,3,0
306,97,3,0
307,97,3,0
308,97,3,0
309,97,3,0
310,97,3,0
311,97,3,0
312,97,3,0
313,97,3,0
314,97,3,0
315,97,3,0
316,97,3,0
317,97,3,0
318,97,3,0
319,97,3,0
320,97,3,0
321,97,3,0
322,97,3,0
323,97,3,0
324,97,3,0
325,97,3,0
326,97,3,0
327,97,3,0
328,97,3,0
329,97,3,0
330,97,3,0
331,97,3,0
332,97,3,0
333,97,3,0
334,97,3,0
335,97,3,0
336,97,3,0
337,97,3,0
338,97,3,0
339,97,3,0
340,97,3,0
341,97,3,0
342,97,3,0
343,97,3,0
344,97,3,0
345,97,3,0
346,97,3,0
347,97,3,0
348,97,3,0
349,97,3,0
350,97,3,0
351,97,3,0
352,97,3,0
353,97,3,0
354,97,3,0
355,97,3,0
356,97,3,0
357,97,3,0
358,97,3,0
359,97,3,0
360,97,3,0
361,97,3,0
362,97,3,0
363,97,3,0
364,97,3,0
365,97,3,0
366,97,3,0
367,97,3,0
368,97,3,0
369,97,3,0
370,97,3,0
371,97,3,0
372,97,3,0
373,97,3,0
374,97,3,0
375,97,3,0
376,97,3,0
377,97,3,0
378,97,3,0
379,97,3,0
380,97,3,0
381,97,3,0
382,97,3,0
383,97,3,0
384,97,3,0
385,97,3,0
386,97,3,0
387,97,3,0
388,97,3,0
389,97,3,0
390,97,3,0
391,97,3,0
392,97,3,0
393,97,3,0
394,97,3,0
395,97,3,0
396,97,3,0
397,97,3,0
398,97,3,0
399,97,3,0
400,97,3,0
401,97,3,0
402,97,3,0
403,97,3,0
404,97,3,0
405,97,3,0
406,97,3,0
407,97,3,0
408,97,3,0
409,97,3,0
410,97,3,0
411,97,3,0
412,97,3,0
413,97,3,0
414,97,3,0
415,97,3,0
416,97,3,0
417,97,3,0
418,97,3,0
419,97,3,0
420,97,3,0
421,97,3,0
422,97,3,0
423,97,3,0
424,97,3,0
425,97,3,0
426,97,3,0
427,97,3,0
428,97,3,0
429,97,3,0
430,97,3,0
431,97,3,0
432,97,3,0
433,97,3,0
434,97,3,0
435,97,3,0
436,97,3,0
437,97,3,0
438,97,3,0
439,97,3,0
440,97,3,0
441,97,3,0
442,97,3,0
443,97,3,0
444,97,3,0
445,97,3,0
446,97,3,0
447,97,3,0
448,97,3,0
449,97,3,0
450,97,3,0
451,97,3,0
452,97,3,0
453,97,3,0
454,97,3,0
455,97,3,0
456,97,3,0
457,97,3,0
458,97,3,0
459,97,3,0
460,97,3,0
461,97,3,0
462,97,3,0
463,97,3,0
464,97,3,0
465,97,3,0
466,97,2,1
467,97,2,1
468,97,2,1
469,97,2,1
470,97,2,1
471,97,2,1
472,97,2,1
473,97,2,1
474,97,2,1
475,97,2,1
476,97,2,1
477,97,2,1
478,97,2,1
479,97,2,1
480,97,2,1
481,97,2,1
482,97,2,1
483,97,2,1
484,97,2,1
485,97,2,1
486,97,2,1
487,97,2,1
488,97,2,1
489,97,2,1
490,97,2,1
491,97,2,1
492,97,2,1
493,97,2,1
494,97,2,1
495,97,2,1
496,97,2,1
497,97,2,1
498,97,2,1
499,97,2,1
500,97,2,1
501,97,2,1
502,97,2,1
503,97,2,1
504,97,2,1
505,97,2,1
506,97,2,1
507,97,2,1
508,97,2,1
509,97,2,1
510,97,2,1
511,97,2,1
512,97,2,1
513,97,2,1
514,97,2,1
515,97,2,1
516,97,2,1
517,97,2,1
518,97,2,1
519,97,2,1
520,97,2,1
521,97,2,1
522,97,2,1
523,97,2,1
524,97,2,1
525,97,2,1
526,97,2,1
527,97,2,1
528,97,2,1
529,97,2,1
530,97,2,1
531,97,2,1
532,97,2,1
533,97,2,1
534,97,2,1
535,97,2,1
536,97,2,1
537,97,2,1
538,97,2,1
539,97,2,1
540,97,2,1
541,97,2,1
542,97,2,1
543,97,2,1
544,97,2,1
545,97,2,1
546,97,2,1
547,97,2,1
548,97,2,1
549,96,3,1
550,96,3,1
551,96,3,1
552,96,3,1
553,96,3,1
554,96,3,1
555,96,3,1
556,96,3,1
557,96,3,1
558,96,3,1
559,96,2,2
560,96,2,2
561,96,2,2
562,96,2,2
563,96,2,2
564,96,2,2
565,96,2,2
566,96,2,2
567,96,2,2
568,96,2,2
569,96,2,2
570,96,2,2
571,96,2,2
572,96,2,2
573,96,2,2
574,96,2,2
575,96,2,2
576,96,2,2
577,96,2,2
578,96,2,2
579,96,2,2
580,96,2,2
581,96,2,2
582,96,2,2
583,96,2,2
584,96,2,2
585,96,2,2
586,96,2,2
587,96,2,2
588,96,2,2
589,96,2,2
590,96,2,2
591,96,2,2
592,96,2,2
593,96,2,2
594,96,2,2
595,96,2,2
596,96,2,2
597,96,2,2
598,96,2,2
599,96,2,2
600,96,2,2
601,96,2,2
602,96,2,2
603,96,2,2
604,96,2,2
605,96,2,2
606,96,2,2
607,96,2,2
608,96,2,2
609,96,2,2
610,96,2,2
611,96,2,2
612,96,2,2
613,96,2,2
614,96,2,2
615,96,2,2
616,96,2,2
617,96,2,2
618,96,2,2
619,96,2,2
620,96,2,2
621,96,2,2
622,96,2,2
623,96,2,2
624,96,2,2
625,96,2,2
626,96,2,2
627,96,2,2
628,96,2,2
629,96,2,2
630,96,2,2
631,96,2,2
632,96,2,2
633,96,2,2
634,96,2,2
635,96,2,2
636,96,2,2
637,96,2,2
638,96,2,2
639,96,2,2
640,96,2,2
641,96,2,2
642,96,2,2
643,96,2,2
644,96,2,2
645,96,2,2
646,96,2,2
647,96,2,2
648,96,2,2
649,96,2,2
650,96,2,2
651,96,2,2
652,96,2,2
653,95,3,2
654,95,3,2
655,95,3,2
656,95,3,2
657,95,3,2
658,95,3,2
659,95,3,2
660,95,3,2
661,95,3,2
662,95,3,2
663,95,3,2
664,95,3,2
665,95,3,2
666,95,3,2
667,95,3,2
668,95,3,2
669,95,3,2
670,95,3,2
671,95,3,2
672,95,3,2
673,95,3,2
674,95,3,2
675,95,3,2
676,94,4,2
677,94,4,2
678,94,4,2
679,94,4,2
680,94,4,2
681,94,4,2
682,94,4,2
683,94,4,2
684,94,4,2
685,94,4,2
686,94,4,2
687,94,4,2
688,94,4,2
689,94,4,2
690,94,4,2
691,94,4,2
692,94,4,2
693,94,4,2
694,94,4,2
695,94,4,2
696,94,4,2
697,94,4,2
698,94,4,2
699,94,4,2
700,94,4,2
701,94,4,2
702,94,4,2
703,93,5,2
704,93,4,3
705,93,4,3
706,93,4,3
707,93,4,3
708,93,4,3
709,93,4,3
710,93,4,3
711,92,5,3
712,92,5,3
713,92,5,3
714,92,5,3
715,92,5,3
716,92,5,3
717,92,5,3
718,92,5,3
719,92,5,3
720,92,5,3
721,92,5,3
722,92,5,3
723,92,5,3
724,92,5,3
725,92,5,3
726,92,5,3
727,92,5,3
728,92,5,3
729,92,5,3
730,92,5,3
731,92,5,3
732,92,5,3
733,92,5,3
734,92,5,3
735,92,5,3
736,92,5,3
737,92,5,3
738,92,5,3
739,92,5,3
740,92,5,3
741,92,5,3
742,92,5,3
743,92,5,3
744,92,5,3
745,92,5,3
746,92,5,3
747,92,5,3
748,92,5,3
749,92,5,3
750,92,5,3
751,92,5,3
752,92,5,3
753,92,5,3
754,92,5,3
755,92,5,3
756,92,5,3
757,92,5,3
758,92,5,3
759,92,5,3
760,92,5,3
761,92,5,3
762,92,5,3
763,92,5,3
764,92,5,3
765,92,5,3
766,92,5,3
767,92,5,3
768,92,5,3
769,92,5,3
770,92,5,3
771,92,5,3
772,92,5,3
773,92,5,3
774,92,5,3
775,92,5,3
776,92,5,3
777,92,5,3
778,92,5,3
779,92,5,3
780,92,5,3
781,92,5,3
782,92,5,3
783,92,5,3
784,92,5,3
785,92,5,3
786,92,5,3
787,92,5,3
788,92,5,3
789,92,5,3
790,92,5,3
791,92,5,3
792,92,5,3
793,92,5,3
794,92,5,3
795,92,5,3
796,92,5,3
797,92,5,3
798,92,5,3
799,92,5,3
800,92,5,3
801,92,5,3
802,92,5,3
803,92,5,3
804,92,5,3
805,92,5,3
806,92,5,3
807,92,5,3
808,92,5,3
809,92,5,3
810,92,5,3
811,92,5,3
812,92,5,3
813,92,5,3
814,92,5,3
815,92,5,3
816,91,6,3
817,91,6,3
818,91,6,3
819,91,6,3
820,91,6,3
821,91,6,3
822,91,6,3
823,91,6,3
824,91,6,3
825,91,6,3
826,91,6,3
827,91,6,3
828,91,6,3
829,91,6,3
830,91,6,3
831,91,6,3
832,91,6,3
833,91,6,3
834,91,6,3
835,91,6,3
836,91,6,3
837,91,6,3
838,91,6,3
839,91,6,3
840,91,6,3
841,91,5,4
842,91,5,4
843,91,5,4
844,91,5,4
845,91,5,4
846,91,5,4
847,89,7,4
848,89,7,4
849,89,7,4
850,89,7,4
851,89,7,4
852,89,7,4
853,89,7,4
854,89,7,4
855,89,7,4
856,89,7,4
857,89,7,4
858,89,7,4
859,89,7,4
860,89,7,4
861,89,7,4
862,89,7,4
863,89,7,4
864,89,7,4
865,89,7,4
866,89,7,4
867,89,7,4
868,89,7,4
869,89,7,4
870,89,7,4
871,89,7,4
872,89,7,4
873,89,7,4
874,89,7,4
875,89,7,4
876,89,7,4
877,89,7,4
878,89,7,4
879,89,7,4
880,89,7,4
881,89,7,4
882,89,7,4
883,89,7,4
884,89,7,4
885,89,7,4
886,89,7,4
887,88,8,4
888,88,8,4
889,88,8,4
890,88,8,4
891,88,8,4
892,88,8,4
893,88,8,4
894,88,8,4
895,87,9,4
896,87,9,4
897,87,9,4
898,87,9,4
899,87,9,4
900,87,9,4
901,87,9,4
902,87,9,4
903,87,9,4
904,87,9,4
905,87,9,4
906,87,9,4
907,87,9,4
908,87,9,4
909,87,9,4
910,87,9,4
911,87,9,4
912,87,9,4
913,87,9,4
914,87,9,4
915,87,9,4
916,87,9,4
917,87,9,4
918,87,9,4
919,87,9,4
920,87,9,4
921,87,9,4
922,87,9,4
923,86,10,4
924,86,10,4
925,86,10,4
926,86,10,4
927,86,10,4
928,86,10,4
929,86,10,4
930,85,11,4
931,85,11,4
932,84,12,4
933,84,12,4
934,84,12,4
935,84,12,4
936,84,12,4
937,84,12,4
938,84,12,4
939,84,12,4
940,84,12,4
941,84,12,4
942,84,12,4
943,84,12,4
944,84,12,4
945,84,12,4
946,84,12,4
947,84,12,4
948,84,12,4
949,84,12,4
950,84,12,4
951,84,11,5
952,84,11,5
953,84,11,5
954,84,11,5
955,84,11,5
956,84,11,5
957,84,11,5
958,84,11,5
959,83,12,5
960,83,12,5
961,83,12,5
962,82,12,6
963,82,12,6
964,82,12,6
965,82,12,6
966,82,12,6
967,82,12,6
968,82,12,6
969,82,12,6
970,81,13,6
971,81,13,6
972,80,14,6
973,80,14,6
974,80,14,6
975,79,15,6
976,79,15,6
977,78,16,6
978,78,16,6
979,78,16,6
980,78,16,6
981,78,16,6
982,78,15,7
983,78,15,7
984,78,15,7
985,78,15,7
986,78,15,7
987,78,15,7
988,78,15,7
989,78,15,7
990,78,15,7
991,78,15,7
992,78,15,7
993,78,15,7
994,78,15,7
995,78,15,7
996,78,15,7
997,78,15,7
998,78,15,7
999,78,15,7
1000,77,16,7
1001,77,16,7
1002,76,17,7
1003,76,17,7
1004,76,17,7
1005,76,17,7
1006,76,16,8
1007,76,16,8
1008,75,17,8
1009,75,17,8
1010,75,17,8
1011,75,17,8
1012,75,17,8
1013,75,17,8
1014,75,17,8
1015,75,17,8
1016,75,17,8
1017,75,17,8
1018,75,17,8
1019,75,17,8
1020,75,17,8
1021,75,17,8
1022,75,17,8
1023,75,17,8
1024,75,17,8
1025,75,17,8
1026,74,18,8
1027,74,18,8
1028,74,18,8
1029,74,18,8
1030,74,17,9
1031,74,17,9
1032,74,17,9
1033,74,17,9
1034,74,17,9
1035,74,17,9
1036,73,18,9
1037,73,18,9
1038,73,18,9
1039,72,19,9
1040,72,19,9
1041,72,19,9
1042,72,19,9
1043,72,19,9
1044,71,20,9
1045,71,20,9
1046,71,20,9
1047,70,21,9
1048,70,21,9
1049,70,21,9
1050,70,21,9
1051,70,21,9
1052,70,21,9
1053,70,21,9
1054,70,21,9
1055,69,22,9
1056,69,22,9
1057,69,22,9
1058,69,22,9
1059,69,22,9
1060,69,22,9
1061,69,22,9
1062,68,23,9
1063,68,22,10
1064,68,22,10
1065,67,23,10
1066,67,23,10
1067,67,23,10
1068,67,23,10
1069,66,24,10
1070,66,24,10
1071,65,25,10
1072,65,25,10
1073,65,25,10
1074,65,25,10
1075,65,25,10
1076,65,25,10
1077,65,25,10
1078,65,24,11
1079,65,24,11
1080,65,24,11
1081,65,24,11
1082,65,24,11
1083,65,24,11
1084,65,24,11
1085,65,24,11
1086,65,24,11
1087,65,24,11
1088,65,24,11
1089,65,24,11
1090,65,24,11
1091,65,24,11
1092,65,24,11
1093,64,25,11
1094,63,26,11
1095,63,26,11
1096,63,26,11
1097,63,26,11
1098,63,26,11
1099,63,26,11
1100,63,26,11
1101,63,26,11
1102,63,26,11
1103,63,26,11
1104,63,26,11
1105,63,26,11
1106,63,26,11
1107,63,26,11
1108,63,25,12
1109,62,26,12
1110,62,26,12
1111,62,26,12
1112,62,26,12
1113,62,26,12
1114,62,26,12
1115,61,27,12
1116,61,27,12
1117,61,27,12
1118,60,28,12
1119,60,28,12
1120,60,28,12
1121,60,28,12
1122,60,28,12
1123,60,28,12
1124,60,28,12
1125,60,28,12
1126,60,28,12
1127,60,28,12
1128,59,29,12
1129,58,30,12
1130,58,30,12
1131,58,30,12
1132,58,30,12
1133,58,30,12
1134,58,30,12
1135,58,30,12
1136,58,30,12
1137,58,30,12
1138,58,30,12
1139,57,31,12
1140,57,30,13
1141,57,30,13
1142,57,29,14
1143,57,29,14
1144,57,29,14
1145,57,29,14
1146,57,29,14
1147,57,29,14
1148,57,28,15
1149,55,30,15
1150,55,30,15
1151,55,30,15
1152,55,29,16
1153,55,29,16
1154,54,30,16
1155,54,30,16
1156,54,30,16
1157,53,31,16
1158,53,31,16
1159,53,31,16
1160,52,32,16
1161,52,32,16
1162,52,32,16
1163,51,32,17
1164,51,32,17
1165,50,33,17
1166,50,33,17
1167,50,33,17
1168,50,33,17
1169,50,33,17
1170,50,33,17
1171,50,33,17
1172,50,33,17
1173,50,33,17
1174,49,34,17
1175,49,34,17
1176,49,34,17
1177,48,35,17
1178,48,35,17
1179,48,34,18
1180,48,34,18
1181,48,34,18
1182,48,34,18
1183,48,34,18
1184,48,34,18
1185,48,34,18
1186,48,34,18
1187,48,34,18
1188,47,35,18
1189,46,36,18
1190,46,36,18
1191,46,36,18
1192,46,36,18
1193,46,35,19
1194,45,36,19
1195,45,36,19
1196,44,37,19
1197,44,37,19
1198,43,38,19
1199,41,39,20
1200,41,39,20
1201,41,39,20
1202,40,40,20
1203,40,40,20
1204,39,40,21
1205,39,40,21
1206,39,40,21
1207,39,40,21
1208,39,40,21
1209,39,40,21
1210,39,40,21
1211,39,40,21
1212,38,41,21
1213,37,42,21
1214,37,42,21
1215,37,42,21
1216,37,42,21
1217,37,42,21
1218,37,42,21
1219,37,42,21
1220,37,42,21
1221,37,42,21
1222,37,42,21
1223,37,42,21
1224,37,42,21
1225,37,42,21
1226,37,42,21
1227,37,41,22
1228,37,41,22
1229,37,41,22
1230,37,41,22
1231,35,43,22
1232,35,42,23
1233,35,41,24
1234,35,40,25
1235,35,39,26
1236,35,39,26
1237,34,40,26
1238,34,40,26
1239,33,41,26
1240,33,41,26
1241,33,41,26
1242,33,41,26
1243,33,41,26
1244,33,41,26
1245,33,41,26
1246,33,41,26
1247,33,41,26
1248,32,42,26
1249,32,42,26
1250,32,42,26
1251,32,42,26
1252,32,41,27
1253,32,41,27
1254,32,41,27
1255,32,41,27
1256,32,41,27
1257,32,41,27
1258,31,42,27
1259,31,42,27
1260,31,42,27
1261,31,42,27
1262,31,42,27
1263,31,42,27
1264,31,42,27
1265,31,42,27
1266,30,43,27
1267,30,43,27
1268,30,43,27
1269,30,42,28
1270,30,41,29
1271,30,41,29
1272,30,41,29
1273,30,41,29
1274,30,41,29
1275,30,40,30
1276,30,40,30
1277,30,40,30
1278,30,40,30
1279,30,40,30
1280,30,40,30
1281,30,39,31
1282,30,39,31
1283,30,39,31
1284,30,39,31
1285,30,39,31
1286,29,40,31
1287,29,40,31
1288,29,40,31
1289,29,40,31
1290,29,40,31
1291,29,40,31
1292,29,40,31
1293,29,40,31
1294,29,40,31
1295,28,41,31
1296,28,41,31
1297,28,41,31
1298,27,42,31
1299,27,42,31
1300,27,42,31
1301,27,42,31
1302,27,42,31
1303,27,42,31
1304,27,42,31
1305,27,42,31
1306,27,42,31
1307,27,42,31
1308,27,42,31
1309,27,42,31
1310,27,42,31
1311,27,42,31
1312,26,43,31
1313,26,43,31
1314,26,43,31
1315,25,44,31
1316,25,44,31
1317,25,44,31
1318,24,45,31
1319,24,45,31
1320,24,45,31
1321,24,45,31
1322,24,45,31
1323,24,45,31
1324,24,45,31
1325,24,45,31
1326,24,45,31
1327,24,45,31
1328,24,45,31
1329,24,45,31
1330,24,45,31
1331,24,45,31
1332,24,45,31
1333,24,45,31
1334,24,45,31
1335,24,45,31
1336,24,45,31
1337,24,45,31
1338,24,45,31
1339,24,45,31
1340,24,45,31
1341,24,45,31
1342,24,43,33
1343,24,43,33
1344,24,42,34
1345,24,42,34
1346,24,42,34
1347,24,41,35
1348,23,42,35
1349,23,42,35
1350,23,42,35
1351,23,42,35
1352,23,42,35
1353,23,42,35
1354,23,42,35
1355,23,42,35
1356,23,42,35
1357,23,41,36
1358,23,40,37
1359,23,40,37
1360,23,40,37
1361,23,39,38
1362,23,39,38
1363,23,39,38
1364,23,39,38
1365,23,39,38
1366,23,39,38
1367,23,39,38
1368,23,39,38
1369,23,39,38
1370,23,39,38
1371,23,39,38
1372,22,40,38
1373,22,40,38
1374,21,41,38
1375,21,41,38
1376,20,42,38
1377,19,43,38
1378,19,43,38
1379,19,43,38
1380,19,43,38
1381,19,43,38
1382,19,43,38
1383,19,43,38
1384,19,43,38
1385,19,43,38
1386,19,43,38
1387,19,43,38
1388,19,43,38
1389,19,43,38
1390,19,43,38
1391,19,43,38
1392,19,43,38
1393,19,43,38
1394,19,43,38
1395,18,44,38
1396,18,44,38
1397,18,44,38
1398,18,44,38
1399,18,43,39
1400,18,43,39
1401,18,43,39
1402,18,43,39
1403,18,43,39
1404,18,43,39
1405,18,43,39
1406,18,43,39
1407,17,44,39
1408,17,44,39
1409,17,44,39
1410,17,44,39
1411,17,44,39
1412,17,44,39
1413,17,44,39
1414,17,44,39
1415,17,43,40
1416,17,43,40
1417,17,43,40
1418,17,43,40
1419,16,44,40
1420,16,44,40
1421,16,44,40
1422,16,44,40
1423,16,44,40
1424,16,44,40
1425,16,44,40
1426,16,44,40
1427,16,44,40
1428,16,44,40
1429,16,43,41
1430,14,45,41
1431,14,45,41
1432,14,45,41
1433,14,45,41
1434,13,46,41
1435,13,46,41
1436,13,45,42
1437,13,45,42
1438,13,45,42
1439,13,45,42
1440,13,45,42
1441,13,45,42
1442,13,45,42
1443,13,45,42
1444,12,46,42
1445,12,46,42
1446,12,46,42
1447,12,46,42
1448,12,45,43
1449,12,45,43
1450,12,45,43
1451,12,45,43
1452,12,45,43
1453,12,45,43
1454,10,47,43
1455,10,47,43
1456,10,47,43
1457,10,47,43
1458,10,47,43
1459,10,47,43
1460,10,47,43
1461,10,47,43
1462,10,46,44
1463,10,46,44
1464,10,46,44
1465,10,46,44
1466,10,45,45
1467,9,46,45
1468,9,45,46
1469,9,45,46
1470,9,45,46
1471,9,45,46
1472,9,44,47
1473,9,44,47
1474,9,44,47
1475,9,44,47
1476,9,44,47
1477,9,44,47
1478,9,44,47
1479,9,44,47
1480,9,44,47
1481,9,44,47
1482,9,44,47
1483,9,44,47
1484,9,44,47
1485,9,44,47
1486,9,44,47
1487,9,44,47
1488,9,44,47
1489,9,44,47
1490,9,43,48
1491,9,43,48
1492,9,43,48
1493,9,43,48
1494,9,43,48
1495,8,44,48
1496,8,44,48
1497,8,44,48
1498,8,42,50
1499,8,42,50
1500,8,42,50
1501,8,42,50
1502,8,42,50
1503,8,42,50
1504,8,42,50
1505,8,42,50
1506,8,42,50
1507,8,42,50
1508,8,42,50
1509,8,42,50
1510,8,42,50
1511,8,42,50
1512,8,42,50
1513,8,42,50
1514,8,42,50
1515,8,42,50
1516,8,42,50
1517,8,41,51
1518,8,41,51
1519,8,41,51
1520,8,41,51
1521,8,41,51
1522,8,41,51
1523,8,41,51
1524,8,41,51
1525,8,41,51
1526,8,41,51
1527,8,41,51
1528,8,41,51
1529,8,41,51
1530,8,41,51
1531,8,41,51
1532,8,41,51
1533,8,41,51
1534,8,39,53
1535,8,39,53
1536,8,39,53
1537,8,39,53
1538,8,39,53
1539,8,39,53
1540,8,39,53
1541,8,39,53
1542,8,39,53
1543,8,39,53
1544,8,39,53
1545,8,39,53
1546,8,39,53
1547,8,39,53
1548,8,39,53
1549,8,39,53
1550,8,39,53
1551,8,39,53
1552,7,40,53
1553,7,40,53
1554,7,40,53
1555,7,40,53
1556,7,40,53
1557,7,40,53
1558,7,40,53
1559,7,40,53
1560,7,40,53
1561,7,40,53
1562,7,40,53
1563,7,40,53
1564,7,40,53
1565,7,39,54
1566,7,39,54
1567,6,40,54
1568,6,40,54
1569,6,40,54
1570,6,40,54
1571,5,41,54
1572,5,41,54
1573,5,41,54
1574,5,41,54
1575,5,41,54
1576,5,41,54
1577,5,41,54
1578,5,41,54
1579,5,41,54
1580,5,41,54
1581,5,41,54
1582,5,41,54
1583,5,41,54
1584,5,41,54
1585,5,41,54
1586,5,41,54
1587,5,41,54
1588,5,41,54
1589,5,41,54
1590,5,41,54
1591,5,41,54
1592,5,41,54
1593,5,41,54
1594,5,41,54
1595,5,41,54
1596,5,41,54
1597,5,40,55
1598,5,40,55
1599,5,40,55
1600,5,39,56
1601,5,38,57
1602,5,38,57
1603,5,38,57
1604,5,38,57
1605,5,38,57
1606,5,38,57
1607,5,38,57
1608,5,37,58
1609,5,37,58
1610,5,36,59
1611,5,36,59
1612,5,36,59
1613,4,37,59
1614,4,37,59
1615,4,37,59
1616,4,37,59
1617,4,37,59
1618,4,37,59
1619,4,37,59
1620,4,37,59
1621,4,37,59
1622,4,36,60
1623,4,36,60
1624,4,36,60
1625,4,36,60
1626,4,36,60
1627,4,36,60
1628,4,36,60
1629,4,36,60
1630,4,36,60
1631,4,36,60
1632,4,36,60
1633,4,36,60
1634,4,35,61
1635,4,35,61
1636,4,35,61
1637,4,34,62
1638,4,34,62
1639,4,34,62
1640,4,34,62
1641,4,34,62
1642,4,34,62
1643,4,34,62
1644,4,34,62
1645,4,33,63
1646,4,33,63
1647,4,33,63
1648,4,32,64
1649,4,32,64
1650,4,32,64
1651,4,32,64
1652,4,32,64
1653,4,32,64
1654,4,32,64
1655,4,32,64
1656,4,32,64
1657,4,32,64
1658,4,32,64
1659,4,32,64
1660,4,32,64
1661,4,32,64
1662,4,32,64
1663,4,32,64
1664,4,32,64
1665,4,32,64
1666,4,32,64
1667,4,32,64
1668,4,32,64
1669,4,32,64
1670,4,31,65
1671,4,31,65
1672,4,31,65
1673,4,31,65
1674,4,31,65
1675,4,30,66
1676,4,30,66
1677,4,30,66
1678,4,30,66
1679,4,30,66
1680,4,30,66
1681,4,30,66
1682,4,30,66
1683,4,30,66
1684,4,30,66
1685,4,30,66
1686,4,30,66
1687,4,30,66
1688,4,30,66
1689,4,30,66
1690,3,31,66
1691,3,31,66
1692,3,31,66
1693,3,31,66
1694,3,31,66
1695,3,31,66
1696,3,31,66
1697,3,31,66
1698,3,31,66
1699,3,31,66
1700,3,31,66
1701,3,30,67
1702,3,30,67
1703,3,30,67
1704,3,30,67
1705,3,30,67
1706,3,30,67
1707,3,30,67
1708,3,30,67
1709,3,30,67
1710,3,30,67
1711,3,30,67
1712,3,30,67
1713,3,30,67
1714,3,30,67
1715,3,30,67
1716,3,30,67
1717,3,30,67
1718,3,30,67
1719,3,29,68
1720,3,29,68
1721,3,29,68
1722,3,29,68
1723,3,29,68
1724,3,28,69
1725,3,28,69
1726,3,28,69
1727,3,28,69
1728,3,28,69
1729,3,28,69
1730,3,28,69
1731,3,28,69
1732,3,28,69
1733,3,28,69
1734,3,27,70
1735,3,27,70
1736,3,27,70
1737,3,27,70
1738,3,27,70
1739,3,27,70
1740,3,27,70
1741,3,27,70
1742,3,27,70
1743,3,27,70
1744,2,28,70
1745,2,28,70
1746,2,28,70
1747,2,28,70
1748,2,28,70
1749,2,28,70
1750,2,28,70
1751,2,28,70
1752,2,28,70
1753,2,28,70
1754,2,28,70
1755,2,27,71
1756,2,27,71
1757,2,26,72
1758,2,26,72
1759,2,26,72
1760,2,26,72
1761,2,26,72
1762,2,26,72
1763,2,26,72
1764,2,26,72
1765,2,26,72
1766,2,26,72
1767,2,26,72
1768,2,26,72
1769,1,27,72
1770,1,27,72
1771,1,27,72
1772,1,27,72
1773,1,27,72
1774,1,27,72
1775,1,27,72
1776,1,27,72
1777,1,27,72
1778,1,27,72
1779,1,27,72
1780,1,27,72
1781,1,27,72
1782,1,27,72
1783,1,27,72
1784,1,27,72
1785,1,27,72
1786,1,27,72
1787,1,27,72
1788,1,27,72
1789,1,27,72
1790,1,27,72
1791,1,27,72
1792,1,27,72
1793,1,27,72
1794,1,27,72
1795,1,27,72
1796,1,27,72
1797,1,27,72
1798,1,27,72
1799,1,27,72
1800,1,27,72
1801,1,27,72
1802,1,27,72
1803,1,27,72
1804,1,27,72
1805,1,27,72
1806,1,27,72
1807,1,27,72
1808,1,27,72
1809,1,27,72
1810,1,27,72
1811,1,27,72
1812,1,27,72
1813,1,27,72
1814,1,27,72
1815,1,27,72
1816,1,27,72
1817,1,27,72
1818,1,27,72
1819,1,27,72
1820,1,27,72
1821,1,27,72
1822,1,27,72
1823,1,27,72
1824,1,27,72
1825,1,26,73
1826,1,26,73
1827,1,25,74
1828,1,25,74
1829,1,25,74
1830,1,25,74
1831,1,25,74
1832,1,25,74
1833,1,25,74
1834,1,25,74
1835,1,25,74
1836,1,25,74
1837,1,25,74
1838,1,25,74
1839,0,26,74
1840,0,26,74
1841,0,26,74
1842,0,26,74
1843,0,26,74
1844,0,26,74
1845,0,26,74
1846,0,26,74
1847,0,26,74
1848,0,26,74
1849,0,26,74
1850,0,26,74
1851,0,25,75
1852,0,25,75
1853,0,25,75
1854,0,25,75
1855,0,24,76
1856,0,24,76
1857,0,24,76
1858,0,24,76
1859,0,24,76
1860,0,24,76
1861,0,24,76
1862,0,24,76
1863,0,24,76
1864,0,24,76
1865,0,24,76
1866,0,24,76
1867,0,24,76
1868,0,24,76
1869,0,24,76
1870,0,23,77
1871,0,23,77
1872,0,23,77
1873,0,23,77
1874,0,23,77
1875,0,23,77
1876,0,22,78
1877,0,22,78
1878,0,22,78
1879,0,22,78
1880,0,22,78
1881,0,22,78
1882,0,22,78
1883,0,22,78
1884,0,22,78
1885,0,22,78
1886,0,22,78
1887,0,22,78
1888,0,22,78
1889,0,22,78
1890,0,22,78
1891,0,22,78
1892,0,22,78
1893,0,22,78
1894,0,22,78
1895,0,22,78
1896,0,22,78
1897,0,22,78
1898,0,22,78
1899,0,22,78
1900,0,22,78
1901,0,22,78
1902,0,22,78
1903,0,22,78
1904,0,22,78
1905,0,22,78
1906,0,22,78
1907,0,22,78
1908,0,22,78
1909,0,22,78
1910,0,22,78
1911,0,22,78
1912,0,22,78
1913,0,22,78
1914,0,21,79
1915,0,21,79
1916,0,21,79
1917,0,21,79
1918,0,21,79
1919,0,21,79
1920,0,20,80
1921,0,20,80
1922,0,20,80
1923,0,20,80
1924,0,20,80
1925,0,20,80
1926,0,20,80
1927,0,20,80
1928,0,20,80
1929,0,20,80
1930,0,20,80
1931,0,20,80
1932,0,20,80
1933,0,20,80
1934,0,20,80
1935,0,20,80
1936,0,20,80
1937,0,20,80
1938,0,20,80
1939,0,20,80
1940,0,20,80
1941,0,20,80
1942,0,20,80
1943,0,20,80
1944,0,20,80
1945,0,20,80
1946,0,20,80
1947,0,20,80
1948,0,20,80
1949,0,20,80
1950,0,20,80
1951,0,20,80
1952,0,20,80
1953,0,20,80
1954,0,19,81
1955,0,19,81
1956,0,19,81
1957,0,19,81
1958,0,19,81
1959,0,19,81
1960,0,19,81
1961,0,19,81
1962,0,19,81
1963,0,19,81
1964,0,19,81
1965,0,19,81
1966,0,19,81
1967,0,19,81
1968,0,19,81
1969,0,19,81
1970,0,18,82
1971,0,18,82
1972,0,18,82
1973,0,18,82
1974,0,18,82
1975,0,18,82
1976,0,18,82
1977,0,18,82
1978,0,18,82
1979,0,18,82
1980,0,18,82
1981,0,18,82
1982,0,18,82
1983,0,18,82
1984,0,18,82
1985,0,18,82
1986,0,18,82
1987,0,18,82
1988,0,18,82
1989,0,18,82
1990,0,18,82
1991,0,18,82
1992,0,18,82
1993,0,18,82
1994,0,18,82
1995,0,18,82
1996,0,18,82
1997,0,17,83
1998,0,17,83
1999,0,17,83
2000,0,17,83
2001,0,17,83
2002,0,17,83
2003,0,17,83
2004,0,17,83
2005,0,17,83
2006,0,17,83
2007,0,17,83
2008,0,17,83
2009,0,17,83
2010,0,17,83
2011,0,17,83
2012,0,17,83
2013,0,17,83
2014,0,17,83
2015,0,17,83
2016,0,17,83
2017,0,17,83
2018,0,17,83
2019,0,17,83
2020,0,17,83
2021,0,17,83
2022,0,17,83
2023,0,17,83
2024,0,17,83
2025,0,17,83
2026,0,17,83
2027,0,17,83
2028,0,17,83
2029,0,17,83
2030,0,17,83
2031,0,17,83
2032,0,17,83
2033,0,17,83
2034,0,17,83
2035,0,17,83
2036,0,17,83
2037,0,17,83
2038,0,17,83
2039,0,17,83
2040,0,17,83
2041,0,17,83
2042,0,17,83
2043,0,16,84
2044,0,16,84
2045,0,16,84
2046,0,16,84
2047,0,16,84
2048,0,16,84
2049,0,16,84
2050,0,16,84
2051,0,16,84
2052,0,16,84
2053,0,15,85
2054,0,15,85
2055,0,15,85
2056,0,15,85
2057,0,15,85
2058,0,15,85
2059,0,15,85
2060,0,15,85
2061,0,15,85
2062,0,15,85
2063,0,15,85
2064,0,15,85
2065,0,15,85
2066,0,15,85
2067,0,15,85
2068,0,15,85
2069,0,14,86
2070,0,14,86
2071,0,14,86
2072,0,14,86
2073,0,14,86
2074,0,14,86
2075,0,13,87
2076,0,13,87
2077,0,13,87
2078,0,13,87
2079,0,13,87
2080,0,13,87
2081,0,13,87
2082,0,13,87
2083,0,13,87
2084,0,13,87
2085,0,13,87
2086,0,13,87
2087,0,13,87
2088,0,13,87
2089,0,13,87
2090,0,13,87
2091,0,13,87
2092,0,13,87
2093,0,13,87
2094,0,13,87
2095,0,13,87
2096,0,13,87
2097,0,13,87
2098,0,13,87
2099,0,13,87
2100,0,13,87
2101,0,13,87
2102,0,13,87
2103,0,13,87
2104,0,13,87
2105,0,13,87
2106,0,13,87
2107,0,13,87
2108,0,13,87
2109,0,13,87
2110,0,13,87
2111,0,13,87
2112,0,13,87
2113,0,12,88
2114,0,12,88
2115,0,12,88
2116,0,11,89
2117,0,11,89
2118,0,11,89
2119,0,11,89
2120,0,11,89
2121,0,10,90
2122,0,10,90
2123,0,10,90
2124,0,10,90
2125,0,10,90
2126,0,10,90
2127,0,10,90
2128,0,10,90
2129,0,10,90
2130,0,10,90
2131,0,10,90
2132,0,10,90
2133,0,10,90
2134,0,10,90
2135,0,10,90
2136,0,10,90
2137,0,10,90
2138,0,10,90
2139,0,10,90
2140,0,10,90
2141,0,10,90
2142,0,10,90
2143,0,10,90
2144,0,10,90
2145,0,10,90
2146,0,10,90
2147,0,10,90
2148,0,10,90
2149,0,10,90
2150,0,10,90
2151,0,10,90
2152,0,10,90
2153,0,10,90
2154,0,10,90
2155,0,10,90
2156,0,10,90
2157,0,10,90
2158,0,10,90
2159,0,10,90
2160,0,10,90
2161,0,10,90
2162,0,10,90
2163,0,10,90
2164,0,10,90
2165,0,10,90
2166,0,10,90
2167,0,10,90
2168,0,10,90
2169,0,10,90
2170,0,9,91
2171,0,9,91
2172,0,9,91
2173,0,9,91
2174,0,9,91
2175,0,9,91
2176,0,9,91
2177,0,9,91
2178,0,9,91
2179,0,9,91
2180,0,9,91
2181,0,9,91
2182,0,9,91
2183,0,9,91
2184,0,9,91
2185,0,9,91
2186,0,9,91
2187,0,9,91
2188,0,9,91
2189,0,9,91
2190,0,9,91
2191,0,9,91
2192,0,9,91
2193,0,9,91
2194,0,9,91
2195,0,9,91
2196,0,9,91
2197,0,9,91
2198,0,9,91
2199,0,9,91
2200,0,9,91
2201,0,9,91
2202,0,9,91
2203,0,9,91
2204,0,9,91
2205,0,9,91
2206,0,9,91
2207,0,9,91
2208,0,9,91
2209,0,9,91
2210,0,9,91
2211,0,9,91
2212,0,9,91
2213,0,9,91
2214,0,9,91
2215,0,9,91
2216,0,9,91
2217,0,9,91
2218,0,9,91
2219,0,9,91
2220,0,9,91
2221,0,9,91
2222,0,9,91
2223,0,9,91
2224,0,9,91
2225,0,9,91
2226,0,9,91
2227,0,9,91
2228,0,9,91
2229,0,9,91
2230,0,9,91
2231,0,9,91
2232,0,9,91
2233,0,9,91
2234,0,9,91
2235,0,9,91
2236,0,9,91
2237,0,9,91
2238,0,9,91
2239,0,9,91
2240,0,9,91
2241,0,9,91
2242,0,9,91
2243,0,9,91
2244,0,9,91
2245,0,9,91
2246,0,9,91
2247,0,9,91
2248,0,9,91
2249,0,9,91
2250,0,9,91
2251,0,9,91
2252,0,9,91
2253,0,9,91
2254,0,9,91
2255,0,9,91
2256,0,9,91
2257,0,9,91
2258,0,9,91
2259,0,9,91
2260,0,9,91
2261,0,9,91
2262,0,9,91
2263,0,9,91
2264,0,8,92
2265,0,8,92
2266,0,8,92
2267,0,8,92
2268,0,8,92
2269,0,8,92
2270,0,8,92
2271,0,8,92
2272,0,7,93
2273,0,7,93
2274,0,7,93
2275,0,7,93
2276,0,7,93
2277,0,7,93
2278,0,7,93
2279,0,7,93
2280,0,7,93
2281,0,7,93
2282,0,7,93
2283,0,7,93
2284,0,7,93
2285,0,7,93
2286,0,7,93
2287,0,7,93
2288,0,7,93
2289,0,7,93
2290,0,7,93
2291,0,7,93
2292,0,7,93
2293,0,7,93
2294,0,7,93
2295,0,7,93
2296,0,7,93
2297,0,7,93
2298,0,7,93
2299,0,7,93
2300,0,7,93
2301,0,7,93
2302,0,7,93
2303,0,7,93
2304,0,7,93
2305,0,7,93
2306,0,6,94
2307,0,6,94
2308,0,6,94
2309,0,6,94
2310,0,6,94
2311,0,6,94
2312,0,6,94
2313,0,6,94
2314,0,6,94
2315,0,6,94
2316,0,6,94
2317,0,6,94
2318,0,6,94
2319,0,6,94
2320,0,6,94
2321,0,6,94
2322,0,6,94
2323,0,6,94
2324,0,6,94
2325,0,6,94
2326,0,6,94
2327,0,6,94
2328,0,6,94
2329,0,6,94
2330,0,6,94
2331,0,6,94
2332,0,6,94
2333,0,6,94
2334,0,6,94
2335,0,6,94
2336,0,6,94
2337,0,6,94
2338,0,6,94
2339,0,6,94
2340,0,6,94
2341,0,6,94
2342,0,6,94
2343,0,6,94
2344,0,6,94
2345,0,6,94
2346,0,6,94
2347,0,6,94
2348,0,6,94
2349,0,6,94
2350,0,6,94
2351,0,6,94
2352,0,6,94
2353,0,6,94
2354,0,6,94
2355,0,6,94
2356,0,6,94
2357,0,6,94
2358,0,6,94
2359,0,6,94
2360,0,6,94
2361,0,6,94
2362,0,6,94
2363,0,6,94
2364,0,6,94
2365,0,6,94
2366,0,6,94
2367,0,6,94
2368,0,6,94
2369,0,6,94
2370,0,6,94
2371,0,6,94
2372,0,6,94
2373,0,6,94
2374,0,5,95
2375,0,5,95
2376,0,5,95
2377,0,5,95
2378,0,5,95
2379,0,5,95
2380,0,5,95
2381,0,5,95
2382,0,5,95
2383,0,5,95
2384,0,5,95
2385,0,4,96
2386,0,4,96
2387,0,4,96
2388,0,4,96
2389,0,4,96
2390,0,4,96
2391,0,4,96
2392,0,4,96
2393,0,4,96
2394,0,4,96
2395,0,4,96
2396,0,4,96
2397,0,4,96
2398,0,4,96
2399,0,4,96
2400,0,4,96
2401,0,4,96
2402,0,4,96
2403,0,4,96
2404,0,4,96
2405,0,4,96
2406,0,4,96
2407,0,4,96
2408,0,4,96
2409,0,4,96
2410,0,4,96
2411,0,4,96
2412,0,4,96
2413,0,4,96
2414,0,4,96
2415,0,4,96
2416,0,4,96
2417,0,4,96
2418,0,4,96
2419,0,4,96
2420,0,4,96
2421,0,4,96
2422,0,4,96
2423,0,4,96
2424,0,4,96
2425,0,4,96
2426,0,4,96
2427,0,4,96
2428,0,4,96
2429,0,4,96
2430,0,4,96
2431,0,4,96
2432,0,4,96
2433,0,4,96
2434,0,4,96
2435,0,4,96
2436,0,4,96
2437,0,4,96
2438,0,4,96
2439,0,3,97
2440,0,3,97
2441,0,3,97
2442,0,3,97
2443,0,3,97
2444,0,3,97
2445,0,3,97
2446,0,3,97
2447,0,3,97
2448,0,3,97
2449,0,3,97
2450,0,3,97
2451,0,3,97
2452,0,3,97
2453,0,3,97
2454,0,3,97
2455,0,3,97
2456,0,3,97
2457,0,3,97
2458,0,3,97
2459,0,3,97
2460,0,3,97
2461,0,3,97
2462,0,3,97
2463,0,3,97
2464,0,3,97
2465,0,3,97
2466,0,3,97
2467,0,2,98
2468,0,2,98
2469,0,2,98
2470,0,2,98
2471,0,2,98
2472,0,2,98
2473,0,2,98
2474,0,2,98
2475,0,2,98
2476,0,2,98
2477,0,2,98
2478,0,2,98
2479,0,2,98
2480,0,2,98
2481,0,2,98
2482,0,2,98
2483,0,2,98
2484,0,2,98
2485,0,2,98
2486,0,2,98
2487,0,2,98
2488,0,2,98
2489,0,2,98
2490,0,2,98
2491,0,2,98
2492,0,2,98
2493,0,2,98
2494,0,2,98
2495,0,2,98
2496,0,2,98
2497,0,2,98
2498,0,2,98
2499,0,2,98
2500,0,1,99
2501,0,1,99
2502,0,1,99
2503,0,1,99
2504,0,1,99
2505,0,1,99
2506,0,1,99
2507,0,1,99
2508,0,1,99
2509,0,1,99
2510,0,1,99
2511,0,1,99
2512,0,1,99
2513,0,1,99
2514,0,1,99
2515,0,1,99
2516,0,1,99
2517,0,1,99
2518,0,1,99
2519,0,1,99
2520,0,1,99
2521,0,1,99
2522,0,1,99
2523,0,1,99
2524,0,1,99
2525,0,1,99
2526,0,1,99
2527,0,1,99
2528,0,1,99
2529,0,1,99
2530,0,1,99
2531,0,1,99
2532,0,1,99
2533,0,1,99
2534,0,1,99
2535,0,1,99
2536,0,1,99
2537,0,1,99
2538,0,1,99
2539,0,1,99
2540,0,1,99
2541,0,1,99
2542,0,1,99
2543,0,1,99
2544,0,1,99
2545,0,1,99
2546,0,1,99
2547,0,1,99
2548,0,1,99
2549,0,1,99
2550,0,1,99
2551,0,1,99
2552,0,1,99
2553,0,1,99
2554,0,1,99
2555,0,1,99
2556,0,1,99
2557,0,1,99
2558,0,1,99
2559,0,1,99
2560,0,1,99
2561,0,1,99
2562,0,1,99
2563,0,1,99
2564,0,1,99
2565,0,1,99
2566,0,1,99
2567,0,1,99
2568,0,1,99
2569,0,1,99
2570,0,1,99
2571,0,1,99
2572,0,1,99
2573,0,1,99
2574,0,1,99
2575,0,1,99
2576,0,1,99
2577,0,1,99
2578,0,1,99
2579,0,1,99
2580,0,1,99
2581,0,1,99
2582,0,1,99
2583,0,1,99
2584,0,1,99
2585,0,1,99
2586,0,1,99
2587,0,1,99
2588,0,1,99
2589,0,1,99
2590,0,1,99
2591,0,1,99
2592,0,1,99
2593,0,1,99
2594,0,1,99
2595,0,1,99
2596,0,1,99
2597,0,1,99
2598,0,1,99
2599,0,1,99
2600,0,1,99
2601,0,1,99
2602,0,1,99
2603,0,1,99
2604,0,1,99
2605,0,1,99
2606,0,1,99
2607,0,1,99
2608,0,1,99
2609,0,1,99
2610,0,1,99
2611,0,1,99
2612,0,1,99
2613,0,1,99
2614,0,1,99
2615,0,1,99
2616,0,1,99
2617,0,1,99
2618,0,1,99
2619,0,1,99
2620,0,1,99
2621,0,1,99
2622,0,1,99
2623,0,1,99
2624,0,1,99
2625,0,1,99
2626,0,1,99
2627,0,1,99
2628,0,1,99
2629,0,1,99
2630,0,1,99
2631,0,1,99
2632,0,1,99
2633,0,1,99
2634,0,1,99
2635,0,1,99
2636,0,1,99
2637,0,1,99
2638,0,1,99
2639,0,1,99
2640,0,1,99
2641,0,1,99
2642,0,1,99
2643,0,1,99
2644,0,1,99
2645,0,1,99
2646,0,1,99
2647,0,1,99
2648,0,1,99
2649,0,1,99
2650,0,1,99
2651,0,1,99
2652,0,1,99
2653,0,1,99
2654,0,1,99
2655,0,1,99
2656,0,1,99
2657,0,1,99
2658,0,1,99
2659,0,1,99
2660,0,1,99
2661,0,1,99
2662,0,1,99
2663,0,1,99
2664,0,1,99
2665,0,1,99
2666,0,1,99
2667,0,1,99
2668,0,1,99
2669,0,1,99
2670,0,1,99
2671,0,1,99
2672,0,1,99
2673,0,1,99
2674,0,1,99
2675,0,1,99
2676,0,1,99
2677,0,0,100
2678,0,0,100
2679,0,0,100
2680,0,0,100
2681,0,0,100
2682,0,0,100
2683,0,0,100
2684,0,0,100
2685,0,0,100
2686,0,0,100
2687,0,0,100
2688,0,0,100
2689,0,0,100
2690,0,0,100
2691,0,0,100
2692,0,0,100
2693,0,0,100
2694,0,0,100
2695,0,0,100
2696,0,0,100
2697,0,0,100
2698,0,0,100
2699,0,0,100
2700,0,0,100
2701,0,0,100
2702,0,0,100
2703,0,0,100
2704,0,0,100
2705,0,0,100
2706,0,0,100
2707,0,0,100
2708,0,0,100
2709,0,0,100
2710,0,0,100
2711,0,0,100
2712,0,0,100
2713,0,0,100
2714,0,0,100
2715,0,0,100
2716,0,0,100
2717,0,0,100
2718,0,0,100
2719,0,0,100
2720,0,0,100
2721,0,0,100
2722,0,0,100
2723,0,0,100
2724,0,0,100
2725,0,0,100
2726,0,0,100
2727,0,0,100
2728,0,0,100
2729,0,0,100
2730,0,0,100
2731,0,0,100
2732,0,0,100
2733,0,0,100
2734,0,0,100
2735,0,0,100
2736,0,0,100
2737,0,0,100
2738,0,0,100
2739,0,0,100
2740,0,0,100
2741,0,0,100
2742,0,0,100
2743,0,0,100
2744,0,0,100
2745,0,0,100
2746,0,0,100
2747,0,0,100
2748,0,0,100
2749,0,0,100
2750,0,0,100
2751,0,0,100
2752,0,0,100
2753,0,0,100
2754,0,0,100
2755,0,0,100
2756,0,0,100
2757,0,0,100
2758,0,0,100
2759,0,0,100
2760,0,0,100
2761,0,0,100
2762,0,0,100
2763,0,0,100
2764,0,0,100
2765,0,0,100
2766,0,0,100
2767,0,0,100
2768,0,0,100
2769,0,0,100
2770,0,0,100
2771,0,0,100
2772,0,0,100
2773,0,0,100
2774,0,0,100
2775,0,0,100
2776,0,0,100
2777,0,0,100
2778,0,0,100
2779,0,0,100
2780,0,0,100
2781,0,0,100
2782,0,0,100
2783,0,0,100
2784,0,0,100
2785,0,0,100
2786,0,0,100
2787,0,0,100
2788,0,0,100
2789,0,0,100
2790,0,0,100
2791,0,0,100
2792,0,0,100
2793,0,0,100
2794,0,0,100
2795,0,0,100
2796,0,0,100
2797,0,0,100
2798,0,0,100
2799,0,0,100
2800,0,0,100
2801,0,0,100
2802,0,0,100
2803,0,0,100
2804,0,0,100
2805,0,0,100
2806,0,0,100
2807,0,0,100
2808,0,0,100
2809,0,0,100
2810,0,0,100
2811,0,0,100
2812,0,0,100
2813,0,0,100
2814,0,0,100
2815,0,0,100
2816,0,0,100
2817,0,0,100
2818,0,0,100
2819,0,0,100
2820,0,0,100
2821,0,0,100
2822,0,0,100
2823,0,0,100
2824,0,0,100
2825,0,0,100
2826,0,0,100
2827,0,0,100
2828,0,0,100
2829,0,0,100
2830,0,0,100
2831,0,0,100
2832,0,0,100
2833,0,0,100
2834,0,0,100
2835,0,0,100
2836,0,0,100
2837,0,0,100
2838,0,0,100
2839,0,0,100
2840,0,0,100
2841,0,0,100
2842,0,0,100
2843,0,0,100
2844,0,0,100
2845,0,0,100
2846,0,0,100
2847,0,0,100
2848,0,0,100
2849,0,0,100
2850,0,0,100
2851,0,0,100
2852,0,0,100
2853,0,0,100
2854,0,0,100
2855,0,0,100
2856,0,0,100
2857,0,0,100
2858,0,0,100
2859,0,0,100
2860,0,0,100
2861,0,0,100
2862,0,0,100
2863,0,0,100
2864,0,0,100
2865,0,0,100
2866,0,0,100
2867,0,0,100
2868,0,0,100
2869,0,0,100
2870,0,0,100
2871,0,0,100
2872,0,0,100
2873,0,0,100
2874,0,0,100
2875,0,0,100
2876,0,0,100
2877,0,0,100
2878,0,0,100
2879,0,0,100
2880,0,0,100
2881,0,0,100
2882,0,0,100
2883,0,0,100
2884,0,0,100
2885,0,0,100
2886,0,0,100
2887,0,0,100
2888,0,0,100
2889,0,0,100
2890,0,0,100
2891,0,0,100
2892,0,0,100
2893,0,0,100
2894,0,0,100
2895,0,0,100
2896,0,0,100
2897,0,0,100
2898,0,0,100
2899,0,0,100
2900,0,0,100
2901,0,0,100
2902,0,0,100
2903,0,0,100
2904,0,0,100
2905,0,0,100
2906,0,0,100
2907,0,0,100
2908,0,0,100
2909,0,0,100
2910,0,0,100
2911,0,0,100
2912,0,0,100
2913,0,0,100
2914,0,0,100
2915,0,0,100
2916,0,0,100
2917,0,0,100
2918,0,0,100
2919,0,0,100
2920,0,0,100
2921,0,0,100
2922,0,0,100
2923,0,0,100
2924,0,0,100
2925,0,0,100
2926,0,0,100
2927,0,0,100
2928,0,0,100
2929,0,0,100
2930,0,0,100
2931,0,0,100
2932,0,0,100
2933,0,0,100
2934,0,0,100
2935,0,0,100
2936,0,0,100
2937,0,0,100
2938,0,0,100
2939,0,0,100
2940,0,0,100
2941,0,0,100
2942,0,0,100
2943,0,0,100
2944,0,0,100
2945,0,0,100
2946,0,0,100
2947,0,0,100
2948,0,0,100
2949,0,0,100
2950,0,0,100
2951,0,0,100
2952,0,0,100
2953,0,0,100
2954,0,0,100
2955,0,0,100
2956,0,0,100
2957,0,0,100
2958,0,0,100
2959,0,0,100
2960,0,0,100
2961,0,0,100
2962,0,0,100
2963,0,0,100
2964,0,0,100
2965,0,0,100
2966,0,0,100
2967,0,0,100
2968,0,0,100
2969,0,0,100
2970,0,0,100
2971,0,0,100
2972,0,0,100
2973,0,0,100
2974,0,0,100
2975,0,0,100
2976,0,0,100
2977,0,0,100
2978,0,0,100
2979,0,0,100
2980,0,0,100
2981,0,0,100
2982,0,0,100
2983,0,0,100
2984,0,0,100
2985,0,0,100
2986,0,0,100
2987,0,0,100
2988,0,0,100
2989,0,0,100
2990,0,0,100
2991,0,0,100
2992,0,0,100
2993,0,0,100
2994,0,0,100
2995,0,0,100
2996,0,0,100
2997,0,0,100
2998,0,0,100
2999,0,0,100
3000,0,0,100
