Time,Healthy,Undetectable,Detectable
0,97,3,0
1,97,3,0
2,97,3,0
3,97,3,0
4,97,3,0
5,97,3,0
6,97,3,0
7,97,3,0
8,97,3,0
9,97,3,0
10,97,3,0
11,97,3,0
12,97,3,0
13,97,3,0
14,97,3,0
15,97,3,0
16,97,3,0
17,97,3,0
18,97,3,0
19,97,3,0
20,97,3,0
21,97,3,0
22,97,3,0
23,97,3,0
24,97,3,0
25,97,3,0
26,97,3,0
27,97,3,0
28,97,3,0
29,97,3,0
30,97,3,0
31,97,3,0
32,97,3,0
33,97,3,0
34,97,3,0
35,97,3,0
36,97,3,0
37,97,3,0
38,97,3,0
39,97,3,0
40,97,3,0
41,97,3,0
42,97,3,0
43,97,3,0
44,97,3,0
45,97,3,0
46,97,3,0
47,97,3,0
48,97,2,1
49,97,2,1
50,97,2,1
51,97,2,1
52,97,2,1
53,97,2,1
54,97,2,1
55,97,2,1
56,97,2,1
57,97,2,1
58,97,2,1
59,97,2,1
60,97,2,1
61,97,2,1
62,97,2,1
63,97,2,1
64,97,2,1
65,97,2,1
66,97,2,1
67,97,2,1
68,97,2,1
69,97,2,1
70,97,2,1
71,97,2,1
72,97,2,1
73,97,2,1
74,97,2,1
75,97,2,1
76,97,2,1
77,97,2,1
78,97,2,1
79,97,2,1
80,97,2,1
81,97,2,1
82,97,2,1
83,97,2,1
84,97,2,1
85,97,2,1
86,97,2,1
87,97,2,1
88,97,2,1
89,97,2,1
90,97,2,1
91,97,2,1
92,97,2,1
93,97,2,1
94,96,3,1
95,96,3,1
96,96,3,1
97,96,3,1
98,96,3,1
99,96,3,1
100,96,3,1
101,96,3,1
102,96,3,1
103,96,3,1
104,96,3,1
105,96,3,1
106,96,3,1
107,96,3,1
108,96,3,1
109,96,3,1
110,96,3,1
111,96,3,1
112,96,3,1
113,96,3,1
114,96,3,1
115,96,3,1
116,96,3,1
117,96,3,1
118,96,3,1
119,96,3,1
120,96,3,1
121,96,3,1
122,96,3,1
123,96,3,1
124,96,3,1
125,96,3,1
126,96,3,1
127,96,3,1
128,96,3,1
129,96,3,1
130,96,3,1
131,96,3,1
132,96,3,1
133,96,3,1
134,96,3,1
135,96,2,2
136,96,2,2
137,96,2,2
138,96,2,2
139,96,2,2
140,96,2,2
141,96,2,2
142,96,2,2
143,96,2,2
144,96,2,2
145,96,2,2
146,96,2,2
147,96,2,2
148,96,2,2
149,96,2,2
150,96,2,2
151,96,2,2
152,96,2,2
153,96,2,2
154,96,2,2
155,96,2,2
156,96,2,2
157,96,2,2
158,96,2,2
159,96,2,2
160,96,2,2
161,96,2,2
162,96,2,2
163,96,2,2
164,96,2,2
165,96,2,2
166,96,2,2
167,96,2,2
168,96,2,2
169,96,2,2
170,96,2,2
171,96,2,2
172,96,2,2
173,96,2,2
174,96,2,2
175,96,2,2
176,96,2,2
177,96,2,2
178,96,2,2
179,96,2,2
180,96,2,2
181,96,2,2
182,96,2,2
183,96,2,2
184,96,2,2
185,96,2,2
186,96,2,2
187,96,2,2
188,96,2,2
189,96,2,2
190,96,2,2
191,96,2,2
192,96,2,2
193,96,2,2
194,96,2,2
195,96,2,2
196,96,2,2
197,96,2,2
198,96,2,2
199,96,2,2
200,96,2,2
201,96,2,2
202,96,2,2
203,96,2,2
204,96,2,2
205,96,2,2
206,96,2,2
207,96,2,2
208,96,2,2
209,96,2,2
210,96,2,2
211,96,2,2
212,96,2,2
213,96,2,2
214,96,2,2
215,96,2,2
216,96,2,2
217,96,2,2
218,96,2,2
219,96,2,2
220,96,2,2
221,96,2,2
222,96,2,2
223,96,1,3
224,96,1,3
225,96,1,3
226,96,1,3
227,96,1,3
228,96,1,3
229,96,1,3
230,96,1,3
231,96,1,3
232,96,1,3
233,96,1,3
234,96,1,3
235,96,1,3
236,96,1,3
237,96,1,3
238,96,1,3
239,96,1,3
240,96,1,3
241,96,1,3
242,95,2,3
243,95,2,3
244,95,2,3
245,94,3,3
246,94,3,3
247,94,3,3
248,94,3,3
249,94,3,3
250,94,3,3
251,94,3,3
252,94,3,3
253,94,3,3
254,94,3,3
255,94,3,3
256,94,3,3
257,94,3,3
258,94,3,3
259,94,3,3
260,94,3,3
261,94,3,3
262,94,3,3
263,94,3,3
264,94,3,3
265,94,3,3
266,94,3,3
267,94,3,3
268,93,4,3
269,93,4,3
270,93,4,3
271,93,4,3
272,93,4,3
273,93,4,3
274,93,4,3
275,93,4,3
276,93,4,3
277,93,4,3
278,93,4,3
279,93,4,3
280,93,4,3
281,93,4,3
282,93,4,3
283,93,4,3
284,93,4,3
285,93,4,3
286,93,4,3
287,93,4,3
288,93,4,3
289,93,4,3
290,93,4,3
291,93,4,3
292,93,4,3
293,93,4,3
294,93,4,3
295,93,4,3
296,93,4,3
297,93,4,3
298,93,4,3
299,93,4,3
300,93,4,3
301,93,4,3
302,93,4,3
303,93,4,3
304,93,4,3
305,93,4,3
306,93,4,3
307,93,4,3
308,93,4,3
309,93,4,3
310,93,4,3
311,93,4,3
312,93,4,3
313,93,4,3
314,93,4,3
315,93,4,3
316,93,4,3
317,93,4,3
318,92,5,3
319,92,5,3
320,92,5,3
321,92,5,3
322,92,5,3
323,92,5,3
324,91,6,3
325,91,6,3
326,91,6,3
327,91,6,3
328,91,6,3
329,91,6,3
330,91,6,3
331,91,6,3
332,91,6,3
333,91,6,3
334,91,6,3
335,91,6,3
336,91,6,3
337,91,6,3
338,91,6,3
339,91,6,3
340,91,6,3
341,91,6,3
342,91,6,3
343,91,6,3
344,91,6,3
345,91,6,3
346,91,6,3
347,91,6,3
348,91,6,3
349,91,6,3
350,90,7,3
351,90,7,3
352,90,7,3
353,90,7,3
354,90,7,3
355,90,7,3
356,90,7,3
357,90,7,3
358,90,7,3
359,90,7,3
360,90,7,3
361,90,7,3
362,90,7,3
363,90,7,3
364,90,6,4
365,90,6,4
366,90,6,4
367,90,6,4
368,90,6,4
369,90,6,4
370,90,6,4
371,90,6,4
372,90,6,4
373,90,6,4
374,90,6,4
375,90,6,4
376,90,6,4
377,90,6,4
378,90,6,4
379,90,6,4
380,90,6,4
381,90,6,4
382,90,6,4
383,90,6,4
384,90,6,4
385,90,6,4
386,90,6,4
387,90,6,4
388,90,6,4
389,90,6,4
390,90,6,4
391,90,6,4
392,90,6,4
393,90,6,4
394,90,6,4
395,90,6,4
396,90,6,4
397,90,6,4
398,90,6,4
399,90,6,4
400,89,7,4
401,89,7,4
402,89,7,4
403,89,7,4
404,89,7,4
405,89,7,4
406,89,7,4
407,89,7,4
408,89,7,4
409,89,7,4
410,89,7,4
411,89,7,4
412,88,8,4
413,88,8,4
414,88,8,4
415,88,8,4
416,88,8,4
417,88,8,4
418,88,8,4
419,88,8,4
420,88,8,4
421,88,8,4
422,88,8,4
423,88,8,4
424,88,8,4
425,88,8,4
426,88,8,4
427,88,8,4
428,88,8,4
429,88,8,4
430,88,8,4
431,88,8,4
432,88,8,4
433,88,8,4
434,88,8,4
435,88,8,4
436,88,8,4
437,88,8,4
438,88,8,4
439,88,8,4
440,88,8,4
441,88,8,4
442,88,8,4
443,88,8,4
444,88,8,4
445,88,8,4
446,88,8,4
447,88,8,4
448,88,8,4
449,88,8,4
450,88,8,4
451,88,8,4
452,87,9,4
453,87,9,4
454,87,9,4
455,87,9,4
456,87,9,4
457,87,9,4
458,87,9,4
459,87,9,4
460,87,9,4
461,87,9,4
462,87,9,4
463,87,9,4
464,87,9,4
465,87,9,4
466,87,9,4
467,87,9,4
468,87,9,4
469,86,10,4
470,86,10,4
471,86,10,4
472,86,10,4
473,86,10,4
474,86,10,4
475,86,10,4
476,86,10,4
477,86,10,4
478,86,10,4
479,86,9,5
480,86,9,5
481,86,9,5
482,86,9,5
483,86,9,5
484,86,9,5
485,86,9,5
486,86,9,5
487,85,10,5
488,85,10,5
489,85,10,5
490,85,10,5
491,85,10,5
492,85,10,5
493,85,10,5
494,84,11,5
495,84,11,5
496,84,11,5
497,84,11,5
498,84,11,5
499,84,11,5
500,84,11,5
501,84,11,5
502,84,11,5
503,84,11,5
504,84,11,5
505,84,11,5
506,84,11,5
507,84,11,5
508,84,11,5
509,84,11,5
510,84,11,5
511,84,11,5
512,83,12,5
513,83,12,5
514,83,12,5
515,82,13,5
516,82,13,5
517,82,13,5
518,82,13,5
519,82,13,5
520,82,13,5
521,82,13,5
522,82,13,5
523,82,13,5
524,82,13,5
525,82,13,5
526,82,13,5
527,82,13,5
528,82,13,5
529,82,13,5
530,82,13,5
531,81,14,5
532,81,14,5
533,81,14,5
534,81,14,5
535,80,15,5
536,80,15,5
537,80,15,5
538,80,15,5
539,80,15,5
540,80,15,5
541,80,15,5
542,80,15,5
543,79,16,5
544,79,16,5
545,78,17,5
546,78,17,5
547,78,17,5
548,78,17,5
549,78,17,5
550,78,17,5
551,78,17,5
552,78,17,5
553,78,17,5
554,78,17,5
555,78,17,5
556,77,18,5
557,77,18,5
558,77,18,5
559,77,18,5
560,77,18,5
561,77,18,5
562,77,18,5
563,77,18,5
564,77,18,5
565,77,18,5
566,77,18,5
567,77,18,5
568,77,18,5
569,77,18,5
570,77,18,5
571,77,18,5
572,77,18,5
573,77,18,5
574,77,18,5
575,76,18,6
576,76,18,6
577,76,18,6
578,75,19,6
579,75,19,6
580,75,19,6
581,75,19,6
582,75,19,6
583,75,19,6
584,75,19,6
585,75,19,6
586,75,18,7
587,75,18,7
588,74,19,7
589,74,19,7
590,74,19,7
591,74,19,7
592,74,19,7
593,74,19,7
594,74,19,7
595,74,18,8
596,74,18,8
597,74,18,8
598,74,18,8
599,74,18,8
600,74,18,8
601,74,18,8
602,74,18,8
603,74,18,8
604,73,19,8
605,73,19,8
606,73,19,8
607,73,19,8
608,73,19,8
609,73,19,8
610,73,19,8
611,73,19,8
612,73,19,8
613,73,19,8
614,73,19,8
615,73,19,8
616,73,19,8
617,72,20,8
618,72,20,8
619,72,20,8
620,72,20,8
621,72,20,8
622,71,21,8
623,71,21,8
624,71,21,8
625,71,21,8
626,71,21,8
627,71,21,8
628,71,21,8
629,71,21,8
630,70,22,8
631,70,22,8
632,70,22,8
633,70,22,8
634,70,22,8
635,69,23,8
636,69,23,8
637,69,23,8
638,69,23,8
639,69,23,8
640,69,23,8
641,69,23,8
642,69,23,8
643,69,22,9
644,69,22,9
645,69,22,9
646,69,22,9
647,68,23,9
648,68,23,9
649,68,23,9
650,68,23,9
651,68,23,9
652,68,23,9
653,68,23,9
654,68,23,9
655,68,23,9
656,68,23,9
657,67,24,9
658,67,24,9
659,67,24,9
660,67,24,9
661,67,24,9
662,67,24,9
663,67,24,9
664,67,24,9
665,67,24,9
666,67,24,9
667,67,24,9
668,67,24,9
669,67,24,9
670,67,24,9
671,67,24,9
672,67,24,9
673,67,24,9
674,67,24,9
675,67,24,9
676,67,24,9
677,67,24,9
678,67,24,9
679,67,24,9
680,67,24,9
681,67,24,9
682,67,23,10
683,67,23,10
684,66,24,10
685,66,24,10
686,66,24,10
687,65,25,10
688,65,25,10
689,65,25,10
690,63,27,10
691,63,27,10
692,63,27,10
693,63,27,10
694,63,27,10
695,63,27,10
696,63,27,10
697,63,27,10
698,63,27,10
699,63,27,10
700,63,27,10
701,63,27,10
702,62,28,10
703,61,29,10
704,61,29,10
705,61,29,10
706,61,29,10
707,61,29,10
708,61,29,10
709,61,29,10
710,61,29,10
711,60,30,10
712,60,30,10
713,60,30,10
714,60,30,10
715,60,30,10
716,60,30,10
717,60,30,10
718,60,30,10
719,60,30,10
720,59,31,10
721,59,31,10
722,59,31,10
723,59,31,10
724,59,31,10
725,59,31,10
726,59,31,10
727,59,30,11
728,59,30,11
729,59,30,11
730,59,30,11
731,59,30,11
732,59,30,11
733,59,30,11
734,59,30,11
735,59,30,11
736,59,30,11
737,59,30,11
738,59,30,11
739,59,30,11
740,59,30,11
741,59,29,12
742,59,29,12
743,59,29,12
744,59,29,12
745,59,29,12
746,59,29,12
747,59,29,12
748,59,29,12
749,59,29,12
750,59,29,12
751,59,29,12
752,59,29,12
753,59,29,12
754,59,29,12
755,59,29,12
756,59,29,12
757,59,29,12
758,59,29,12
759,58,30,12
760,58,30,12
761,58,30,12
762,58,30,12
763,58,30,12
764,57,31,12
765,57,31,12
766,56,32,12
767,56,32,12
768,55,33,12
769,55,33,12
770,55,33,12
771,55,33,12
772,55,33,12
773,55,33,12
774,55,33,12
775,55,33,12
776,55,33,12
777,54,34,12
778,54,34,12
779,54,34,12
780,54,34,12
781,54,34,12
782,54,34,12
783,54,34,12
784,54,34,12
785,54,34,12
786,54,34,12
787,54,34,12
788,54,34,12
789,54,34,12
790,54,34,12
791,54,34,12
792,54,34,12
793,54,34,12
794,54,34,12
795,54,34,12
796,54,34,12
797,54,34,12
798,54,34,12
799,54,34,12
800,54,34,12
801,54,34,12
802,54,34,12
803,54,34,12
804,54,34,12
805,54,34,12
806,54,34,12
807,54,34,12
808,54,34,12
809,53,35,12
810,53,35,12
811,53,35,12
812,53,34,13
813,53,34,13
814,53,34,13
815,52,35,13
816,52,35,13
817,52,35,13
818,52,35,13
819,51,36,13
820,51,36,13
821,51,36,13
822,51,36,13
823,50,36,14
824,50,36,14
825,50,36,14
826,50,36,14
827,50,36,14
828,50,36,14
829,50,36,14
830,50,36,14
831,50,36,14
832,50,36,14
833,49,37,14
834,49,37,14
835,48,38,14
836,48,37,15
837,48,37,15
838,48,37,15
839,48,37,15
840,48,37,15
841,48,37,15
842,48,37,15
843,48,37,15
844,48,37,15
845,47,38,15
846,47,38,15
847,47,38,15
848,47,38,15
849,47,38,15
850,47,37,16
851,47,37,16
852,46,38,16
853,46,38,16
854,46,38,16
855,46,38,16
856,46,38,16
857,46,38,16
858,46,38,16
859,46,38,16
860,46,38,16
861,46,38,16
862,46,38,16
863,46,38,16
864,46,38,16
865,46,38,16
866,46,38,16
867,46,38,16
868,46,37,17
869,46,37,17
870,46,37,17
871,46,37,17
872,46,37,17
873,46,36,18
874,46,36,18
875,46,36,18
876,46,36,18
877,46,36,18
878,45,37,18
879,45,37,18
880,45,37,18
881,45,37,18
882,45,37,18
883,45,37,18
884,45,37,18
885,45,37,18
886,45,37,18
887,45,37,18
888,45,37,18
889,45,37,18
890,44,38,18
891,44,38,18
892,44,38,18
893,44,38,18
894,44,38,18
895,44,38,18
896,44,38,18
897,44,38,18
898,44,38,18
899,44,38,18
900,44,37,19
901,44,37,19
902,43,37,20
903,43,37,20
904,43,37,20
905,43,37,20
906,43,37,20
907,43,37,20
908,43,37,20
909,43,37,20
910,41,39,20
911,41,39,20
912,41,39,20
913,41,39,20
914,41,39,20
915,41,39,20
916,41,39,20
917,41,39,20
918,40,40,20
919,40,40,20
920,40,40,20
921,40,39,21
922,40,39,21
923,40,39,21
924,38,41,21
925,37,41,22
926,37,41,22
927,37,41,22
928,37,41,22
929,37,41,22
930,37,41,22
931,37,41,22
932,37,41,22
933,37,40,23
934,37,40,23
935,36,41,23
936,36,41,23
937,36,40,24
938,36,40,24
939,36,40,24
940,36,40,24
941,36,40,24
942,36,39,25
943,36,39,25
944,36,38,26
945,36,38,26
946,36,38,26
947,36,38,26
948,36,37,27
949,36,37,27
950,36,37,27
951,36,37,27
952,35,38,27
953,35,37,28
954,35,37,28
955,35,37,28
956,35,36,29
957,35,36,29
958,35,35,30
959,35,35,30
960,35,35,30
961,35,35,30
962,35,35,30
963,35,35,30
964,34,36,30
965,33,37,30
966,33,37,30
967,33,37,30
968,32,38,30
969,32,38,30
970,31,39,30
971,31,39,30
972,31,39,30
973,31,39,30
974,31,39,30
975,31,39,30
976,31,39,30
977,31,39,30
978,31,39,30
979,31,39,30
980,31,39,30
981,31,39,30
982,31,39,30
983,31,39,30
984,31,39,30
985,30,40,30
986,30,40,30
987,30,40,30
988,30,40,30
989,30,38,32
990,30,38,32
991,30,38,32
992,29,39,32
993,29,39,32
994,29,39,32
995,29,39,32
996,29,39,32
997,28,40,32
998,28,39,33
999,28,39,33
1000,28,39,33
1001,28,39,33
1002,28,39,33
1003,28,39,33
1004,28,39,33
1005,28,39,33
1006,28,39,33
1007,28,39,33
1008,28,39,33
1009,28,39,33
1010,28,39,33
1011,28,39,33
1012,28,39,33
1013,28,39,33
1014,28,39,33
1015,28,39,33
1016,28,39,33
1017,28,39,33
1018,28,38,34
1019,28,38,34
1020,28,38,34
1021,28,38,34
1022,27,39,34
1023,27,39,34
1024,27,39,34
1025,26,40,34
1026,26,40,34
1027,26,40,34
1028,26,39,35
1029,26,39,35
1030,26,39,35
1031,26,39,35
1032,26,38,36
1033,26,38,36
1034,26,38,36
1035,26,38,36
1036,26,38,36
1037,26,38,36
1038,25,39,36
1039,25,39,36
1040,25,39,36
1041,25,39,36
1042,25,39,36
1043,25,39,36
1044,24,40,36
1045,24,40,36
1046,24,40,36
1047,24,40,36
1048,24,40,36
1049,24,40,36
1050,24,40,36
1051,24,40,36
1052,24,40,36
1053,24,39,37
1054,24,39,37
1055,23,40,37
1056,22,41,37
1057,22,41,37
1058,22,40,38
1059,22,40,38
1060,22,40,38
1061,22,40,38
1062,22,40,38
1063,22,40,38
1064,22,40,38
1065,22,40,38
1066,21,41,38
1067,21,40,39
1068,21,40,39
1069,21,40,39
1070,21,40,39
1071,21,39,40
1072,21,39,40
1073,21,39,40
1074,21,39,40
1075,21,38,41
1076,21,38,41
1077,20,39,41
1078,20,38,42
1079,20,38,42
1080,20,38,42
1081,20,38,42
1082,19,38,43
1083,18,38,44
1084,18,38,44
1085,18,38,44
1086,18,37,45
1087,18,37,45
1088,18,36,46
1089,18,36,46
1090,18,36,46
1091,18,36,46
1092,18,35,47
1093,18,35,47
1094,18,35,47
1095,17,36,47
1096,17,36,47
1097,17,34,49
1098,17,34,49
1099,17,34,49
1100,17,34,49
1101,17,33,50
1102,17,33,50
1103,17,33,50
1104,16,34,50
1105,16,34,50
1106,16,34,50
1107,16,34,50
1108,16,34,50
1109,16,34,50
1110,16,34,50
1111,16,34,50
1112,16,34,50
1113,16,34,50
1114,16,33,51
1115,16,33,51
1116,16,33,51
1117,16,33,51
1118,16,33,51
1119,16,33,51
1120,16,33,51
1121,16,33,51
1122,16,32,52
1123,16,32,52
1124,16,32,52
1125,16,31,53
1126,16,31,53
1127,16,31,53
1128,16,30,54
1129,16,30,54
1130,16,30,54
1131,16,30,54
1132,16,30,54
1133,16,30,54
1134,16,30,54
1135,16,30,54
1136,16,30,54
1137,16,30,54
1138,16,30,54
1139,16,30,54
1140,16,30,54
1141,15,31,54
1142,15,31,54
1143,14,32,54
1144,14,32,54
1145,14,32,54
1146,14,32,54
1147,13,33,54
1148,12,34,54
1149,12,34,54
1150,12,34,54
1151,12,34,54
1152,12,34,54
1153,11,35,54
1154,11,35,54
1155,11,35,54
1156,11,35,54
1157,11,35,54
1158,11,35,54
1159,11,35,54
1160,11,35,54
1161,11,35,54
1162,11,35,54
1163,11,35,54
1164,11,35,54
1165,11,35,54
1166,11,35,54
1167,11,35,54
1168,11,35,54
1169,11,35,54
1170,11,35,54
1171,11,35,54
1172,11,35,54
1173,10,36,54
1174,10,36,54
1175,10,36,54
1176,10,36,54
1177,10,36,54
1178,10,36,54
1179,10,36,54
1180,10,36,54
1181,10,36,54
1182,10,36,54
1183,10,36,54
1184,10,35,55
1185,10,35,55
1186,10,35,55
1187,10,35,55
1188,10,35,55
1189,10,35,55
1190,10,35,55
1191,10,35,55
1192,10,35,55
1193,10,35,55
1194,9,36,55
1195,9,36,55
1196,9,36,55
1197,9,36,55
1198,9,36,55
1199,9,36,55
1200,9,36,55
1201,9,36,55
1202,9,36,55
1203,9,36,55
1204,9,36,55
1205,9,36,55
1206,8,37,55
1207,8,37,55
1208,8,36,56
1209,8,36,56
1210,8,36,56
1211,8,36,56
1212,8,35,57
1213,8,35,57
1214,8,34,58
1215,8,34,58
1216,8,34,58
1217,8,33,59
1218,8,33,59
1219,8,33,59
1220,8,33,59
1221,8,33,59
1222,8,33,59
1223,8,32,60
1224,7,33,60
1225,7,33,60
1226,7,33,60
1227,7,33,60
1228,7,33,60
1229,7,33,60
1230,7,33,60
1231,7,33,60
1232,7,33,60
1233,7,33,60
1234,7,33,60
1235,7,33,60
1236,7,33,60
1237,7,33,60
1238,7,33,60
1239,7,33,60
1240,7,33,60
1241,7,33,60
1242,7,33,60
1243,6,34,60
1244,6,34,60
1245,6,34,60
1246,6,34,60
1247,6,34,60
1248,6,34,60
1249,6,34,60
1250,6,34,60
1251,5,35,60
1252,5,35,60
1253,5,35,60
1254,5,35,60
1255,5,35,60
1256,5,35,60
1257,5,35,60
1258,5,35,60
1259,4,36,60
1260,4,36,60
1261,4,36,60
1262,4,36,60
1263,4,36,60
1264,4,35,61
1265,4,35,61
1266,4,35,61
1267,4,35,61
1268,4,35,61
1269,4,35,61
1270,4,35,61
1271,4,34,62
1272,4,34,62
1273,4,33,63
1274,4,33,63
1275,4,33,63
1276,4,33,63
1277,4,33,63
1278,4,33,63
1279,4,33,63
1280,4,33,63
1281,4,33,63
1282,4,33,63
1283,4,33,63
1284,3,34,63
1285,3,34,63
1286,3,34,63
1287,3,34,63
1288,3,34,63
1289,3,34,63
1290,3,34,63
1291,3,34,63
1292,2,35,63
1293,2,35,63
1294,2,35,63
1295,2,35,63
1296,2,35,63
1297,2,35,63
1298,2,35,63
1299,2,35,63
1300,2,35,63
1301,2,35,63
1302,2,35,63
1303,2,35,63
1304,2,35,63
1305,2,35,63
1306,2,35,63
1307,2,35,63
1308,2,35,63
1309,2,35,63
1310,2,35,63
1311,2,35,63
1312,2,35,63
1313,2,35,63
1314,2,35,63
1315,2,35,63
1316,2,34,64
1317,2,34,64
1318,2,33,65
1319,2,33,65
1320,2,33,65
1321,2,33,65
1322,2,33,65
1323,2,32,66
1324,2,32,66
1325,2,32,66
1326,2,32,66
1327,2,32,66
1328,2,32,66
1329,2,32,66
1330,2,32,66
1331,2,32,66
1332,2,32,66
1333,2,32,66
1334,2,32,66
1335,2,32,66
1336,2,32,66
1337,2,32,66
1338,2,32,66
1339,2,32,66
1340,1,32,67
1341,1,32,67
1342,1,32,67
1343,1,32,67
1344,1,32,67
1345,1,32,67
1346,1,32,67
1347,1,32,67
1348,1,32,67
1349,1,32,67
1350,1,32,67
1351,1,32,67
1352,1,32,67
1353,1,32,67
1354,1,32,67
1355,1,32,67
1356,1,32,67
1357,1,32,67
1358,1,32,67
1359,1,32,67
1360,1,32,67
1361,1,32,67
1362,1,32,67
1363,1,32,67
1364,1,32,67
1365,1,32,67
1366,1,32,67
1367,1,32,67
1368,1,32,67
1369,1,32,67
1370,1,32,67
1371,1,32,67
1372,1,32,67
1373,1,32,67
1374,1,32,67
1375,1,32,67
1376,1,31,68
1377,1,31,68
1378,1,31,68
1379,1,31,68
1380,1,31,68
1381,1,31,68
1382,1,31,68
1383,1,30,69
1384,1,30,69
1385,1,29,70
1386,1,29,70
1387,1,29,70
1388,1,29,70
1389,1,29,70
1390,1,29,70
1391,1,29,70
1392,1,29,70
1393,1,29,70
1394,1,29,70
1395,1,29,70
1396,1,29,70
1397,1,29,70
1398,1,29,70
1399,1,29,70
1400,1,29,70
1401,1,29,70
1402,1,29,70
1403,1,29,70
1404,1,29,70
1405,1,29,70
1406,1,29,70
1407,1,29,70
1408,1,29,70
1409,1,29,70
1410,1,29,70
1411,1,29,70
1412,1,29,70
1413,1,29,70
1414,1,29,70
1415,1,29,70
1416,1,29,70
1417,1,29,70
1418,1,29,70
1419,1,29,70
1420,1,29,70
1421,1,28,71
1422,1,28,71
1423,1,28,71
1424,1,28,71
1425,1,28,71
1426,1,28,71
1427,1,27,72
1428,1,27,72
1429,1,27,72
1430,1,27,72
1431,1,27,72
1432,1,27,72
1433,1,27,72
1434,1,27,72
1435,1,27,72
1436,1,26,73
1437,0,27,73
1438,0,27,73
1439,0,27,73
1440,0,27,73
1441,0,27,73
1442,0,27,73
1443,0,27,73
1444,0,27,73
1445,0,27,73
1446,0,27,73
1447,0,27,73
1448,0,27,73
1449,0,27,73
1450,0,27,73
1451,0,27,73
1452,0,27,73
1453,0,27,73
1454,0,27,73
1455,0,27,73
1456,0,27,73
1457,0,27,73
1458,0,27,73
1459,0,27,73
1460,0,27,73
1461,0,27,73
1462,0,27,73
1463,0,25,75
1464,0,25,75
1465,0,25,75
1466,0,25,75
1467,0,24,76
1468,0,24,76
1469,0,24,76
1470,0,24,76
1471,0,24,76
1472,0,24,76
1473,0,24,76
1474,0,24,76
1475,0,24,76
1476,0,24,76
1477,0,24,76
1478,0,24,76
1479,0,24,76
1480,0,24,76
1481,0,24,76
1482,0,23,77
1483,0,23,77
1484,0,23,77
1485,0,23,77
1486,0,23,77
1487,0,23,77
1488,0,23,77
1489,0,23,77
1490,0,23,77
1491,0,23,77
1492,0,23,77
1493,0,23,77
1494,0,23,77
1495,0,23,77
1496,0,23,77
1497,0,23,77
1498,0,23,77
1499,0,23,77
1500,0,22,78
1501,0,22,78
1502,0,22,78
1503,0,22,78
1504,0,22,78
1505,0,22,78
1506,0,22,78
1507,0,22,78
1508,0,22,78
1509,0,22,78
1510,0,22,78
1511,0,22,78
1512,0,22,78
1513,0,21,79
1514,0,21,79
1515,0,21,79
1516,0,21,79
1517,0,21,79
1518,0,21,79
1519,0,21,79
1520,0,21,79
1521,0,21,79
1522,0,21,79
1523,0,21,79
1524,0,21,79
1525,0,21,79
1526,0,21,79
1527,0,21,79
1528,0,21,79
1529,0,21,79
1530,0,21,79
1531,0,21,79
1532,0,21,79
1533,0,21,79
1534,0,21,79
1535,0,21,79
1536,0,21,79
1537,0,21,79
1538,0,21,79
1539,0,21,79
1540,0,21,79
1541,0,21,79
1542,0,21,79
1543,0,20,80
1544,0,20,80
1545,0,20,80
1546,0,20,80
1547,0,20,80
1548,0,20,80
1549,0,20,80
1550,0,20,80
1551,0,20,80
1552,0,20,80
1553,0,19,81
1554,0,19,81
1555,0,19,81
1556,0,19,81
1557,0,19,81
1558,0,19,81
1559,0,19,81
1560,0,19,81
1561,0,19,81
1562,0,19,81
1563,0,19,81
1564,0,19,81
1565,0,19,81
1566,0,19,81
1567,0,19,81
1568,0,18,82
1569,0,18,82
1570,0,18,82
1571,0,18,82
1572,0,18,82
1573,0,18,82
1574,0,18,82
1575,0,18,82
1576,0,18,82
1577,0,18,82
1578,0,18,82
1579,0,18,82
1580,0,18,82
1581,0,18,82
1582,0,18,82
1583,0,18,82
1584,0,18,82
1585,0,18,82
1586,0,18,82
1587,0,18,82
1588,0,18,82
1589,0,18,82
1590,0,18,82
1591,0,18,82
1592,0,18,82
1593,0,18,82
1594,0,18,82
1595,0,18,82
1596,0,18,82
1597,0,18,82
1598,0,18,82
1599,0,18,82
1600,0,18,82
1601,0,18,82
1602,0,18,82
1603,0,18,82
1604,0,18,82
1605,0,18,82
1606,0,18,82
1607,0,18,82
1608,0,18,82
1609,0,18,82
1610,0,18,82
1611,0,18,82
1612,0,18,82
1613,0,18,82
1614,0,18,82
1615,0,18,82
1616,0,18,82
1617,0,18,82
1618,0,18,82
1619,0,18,82
1620,0,18,82
1621,0,18,82
1622,0,18,82
1623,0,18,82
1624,0,18,82
1625,0,18,82
1626,0,18,82
1627,0,18,82
1628,0,18,82
1629,0,18,82
1630,0,18,82
1631,0,18,82
1632,0,18,82
1633,0,18,82
1634,0,18,82
1635,0,18,82
1636,0,18,82
1637,0,18,82
1638,0,18,82
1639,0,18,82
1640,0,18,82
1641,0,18,82
1642,0,18,82
1643,0,18,82
1644,0,18,82
1645,0,18,82
1646,0,18,82
1647,0,18,82
1648,0,18,82
1649,0,18,82
1650,0,18,82
1651,0,18,82
1652,0,18,82
1653,0,18,82
1654,0,18,82
1655,0,17,83
1656,0,17,83
1657,0,17,83
1658,0,17,83
1659,0,17,83
1660,0,17,83
1661,0,17,83
1662,0,17,83
1663,0,17,83
1664,0,17,83
1665,0,17,83
1666,0,17,83
1667,0,17,83
1668,0,17,83
1669,0,17,83
1670,0,17,83
1671,0,17,83
1672,0,17,83
1673,0,17,83
1674,0,17,83
1675,0,17,83
1676,0,16,84
1677,0,16,84
1678,0,16,84
1679,0,16,84
1680,0,16,84
1681,0,16,84
1682,0,16,84
1683,0,16,84
1684,0,16,84
1685,0,16,84
1686,0,16,84
1687,0,16,84
1688,0,16,84
1689,0,16,84
1690,0,16,84
1691,0,16,84
1692,0,16,84
1693,0,16,84
1694,0,16,84
1695,0,16,84
1696,0,16,84
1697,0,16,84
1698,0,16,84
1699,0,16,84
1700,0,16,84
1701,0,16,84
1702,0,16,84
1703,0,16,84
1704,0,16,84
1705,0,16,84
1706,0,16,84
1707,0,16,84
1708,0,16,84
1709,0,16,84
1710,0,16,84
1711,0,16,84
1712,0,16,84
1713,0,16,84
1714,0,16,84
1715,0,16,84
1716,0,16,84
1717,0,16,84
1718,0,16,84
1719,0,16,84
1720,0,16,84
1721,0,16,84
1722,0,16,84
1723,0,16,84
1724,0,16,84
1725,0,16,84
1726,0,16,84
1727,0,16,84
1728,0,16,84
1729,0,16,84
1730,0,16,84
1731,0,16,84
1732,0,16,84
1733,0,16,84
1734,0,16,84
1735,0,16,84
1736,0,16,84
1737,0,16,84
1738,0,16,84
1739,0,16,84
1740,0,16,84
1741,0,16,84
1742,0,15,85
1743,0,15,85
1744,0,15,85
1745,0,15,85
1746,0,15,85
1747,0,15,85
1748,0,15,85
1749,0,15,85
1750,0,15,85
1751,0,15,85
1752,0,15,85
1753,0,15,85
1754,0,15,85
1755,0,15,85
1756,0,15,85
1757,0,15,85
1758,0,15,85
1759,0,15,85
1760,0,15,85
1761,0,15,85
1762,0,15,85
1763,0,15,85
1764,0,15,85
1765,0,15,85
1766,0,15,85
1767,0,15,85
1768,0,15,85
1769,0,15,85
1770,0,15,85
1771,0,15,85
1772,0,15,85
1773,0,15,85
1774,0,15,85
1775,0,15,85
1776,0,15,85
1777,0,15,85
1778,0,15,85
1779,0,15,85
1780,0,15,85
1781,0,15,85
1782,0,15,85
1783,0,15,85
1784,0,15,85
1785,0,15,85
1786,0,15,85
1787,0,15,85
1788,0,15,85
1789,0,15,85
1790,0,15,85
1791,0,15,85
1792,0,15,85
1793,0,15,85
1794,0,15,85
1795,0,15,85
1796,0,15,85
1797,0,15,85
1798,0,14,86
1799,0,14,86
1800,0,14,86
1801,0,14,86
1802,0,14,86
1803,0,14,86
1804,0,13,87
1805,0,13,87
1806,0,13,87
1807,0,13,87
1808,0,13,87
1809,0,13,87
1810,0,13,87
1811,0,13,87
1812,0,13,87
1813,0,13,87
1814,0,13,87
1815,0,13,87
1816,0,13,87
1817,0,13,87
1818,0,13,87
1819,0,13,87
1820,0,13,87
1821,0,13,87
1822,0,13,87
1823,0,13,87
1824,0,13,87
1825,0,13,87
1826,0,13,87
1827,0,12,88
1828,0,12,88
1829,0,12,88
1830,0,12,88
1831,0,12,88
1832,0,12,88
1833,0,12,88
1834,0,12,88
1835,0,12,88
1836,0,12,88
1837,0,12,88
1838,0,12,88
1839,0,12,88
1840,0,12,88
1841,0,12,88
1842,0,12,88
1843,0,12,88
1844,0,12,88
1845,0,12,88
1846,0,12,88
1847,0,12,88
1848,0,12,88
1849,0,12,88
1850,0,12,88
1851,0,12,88
1852,0,12,88
1853,0,12,88
1854,0,12,88
1855,0,12,88
1856,0,12,88
1857,0,12,88
1858,0,12,88
1859,0,12,88
1860,0,11,89
1861,0,11,89
1862,0,11,89
1863,0,11,89
1864,0,11,89
1865,0,11,89
1866,0,11,89
1867,0,11,89
1868,0,11,89
1869,0,11,89
1870,0,11,89
1871,0,11,89
1872,0,11,89
1873,0,11,89
1874,0,11,89
1875,0,11,89
1876,0,11,89
1877,0,11,89
1878,0,11,89
1879,0,11,89
1880,0,11,89
1881,0,11,89
1882,0,11,89
1883,0,11,89
1884,0,11,89
1885,0,11,89
1886,0,11,89
1887,0,11,89
1888,0,11,89
1889,0,11,89
1890,0,11,89
1891,0,11,89
1892,0,11,89
1893,0,11,89
1894,0,11,89
1895,0,10,90
1896,0,10,90
1897,0,10,90
1898,0,10,90
1899,0,10,90
1900,0,10,90
1901,0,10,90
1902,0,10,90
1903,0,10,90
1904,0,10,90
1905,0,10,90
1906,0,10,90
1907,0,10,90
1908,0,10,90
1909,0,10,90
1910,0,10,90
1911,0,10,90
1912,0,10,90
1913,0,10,90
1914,0,10,90
1915,0,10,90
1916,0,10,90
1917,0,10,90
1918,0,10,90
1919,0,10,90
1920,0,10,90
1921,0,10,90
1922,0,9,91
1923,0,9,91
1924,0,9,91
1925,0,9,91
1926,0,9,91
1927,0,9,91
1928,0,9,91
1929,0,9,91
1930,0,9,91
1931,0,9,91
1932,0,9,91
1933,0,9,91
1934,0,9,91
1935,0,9,91
1936,0,9,91
1937,0,9,91
1938,0,9,91
1939,0,9,91
1940,0,9,91
1941,0,9,91
1942,0,9,91
1943,0,9,91
1944,0,9,91
1945,0,9,91
1946,0,9,91
1947,0,9,91
1948,0,9,91
1949,0,9,91
1950,0,9,91
1951,0,9,91
1952,0,9,91
1953,0,9,91
1954,0,9,91
1955,0,9,91
1956,0,9,91
1957,0,9,91
1958,0,9,91
1959,0,9,91
1960,0,9,91
1961,0,9,91
1962,0,9,91
1963,0,9,91
1964,0,9,91
1965,0,9,91
1966,0,9,91
1967,0,9,91
1968,0,9,91
1969,0,9,91
1970,0,9,91
1971,0,8,92
1972,0,8,92
1973,0,8,92
1974,0,8,92
1975,0,8,92
1976,0,8,92
1977,0,8,92
1978,0,8,92
1979,0,8,92
1980,0,8,92
1981,0,8,92
1982,0,8,92
1983,0,8,92
1984,0,8,92
1985,0,8,92
1986,0,8,92
1987,0,8,92
1988,0,8,92
1989,0,8,92
1990,0,8,92
1991,0,8,92
1992,0,8,92
1993,0,7,93
1994,0,7,93
1995,0,7,93
1996,0,7,93
1997,0,7,93
1998,0,7,93
1999,0,7,93
2000,0,7,93
2001,0,7,93
2002,0,7,93
2003,0,7,93
2004,0,7,93
2005,0,7,93
2006,0,7,93
2007,0,7,93
2008,0,7,93
2009,0,7,93
2010,0,7,93
2011,0,7,93
2012,0,7,93
2013,0,7,93
2014,0,7,93
2015,0,7,93
2016,0,7,93
2017,0,7,93
2018,0,7,93
2019,0,7,93
2020,0,7,93
2021,0,7,93
2022,0,7,93
2023,0,7,93
2024,0,7,93
2025,0,7,93
2026,0,7,93
2027,0,7,93
2028,0,7,93
2029,0,7,93
2030,0,7,93
2031,0,7,93
2032,0,7,93
2033,0,7,93
2034,0,7,93
2035,0,7,93
2036,0,7,93
2037,0,7,93
2038,0,7,93
2039,0,7,93
2040,0,7,93
2041,0,7,93
2042,0,7,93
2043,0,7,93
2044,0,7,93
2045,0,7,93
2046,0,7,93
2047,0,7,93
2048,0,7,93
2049,0,7,93
2050,0,7,93
2051,0,7,93
2052,0,7,93
2053,0,7,93
2054,0,7,93
2055,0,7,93
2056,0,7,93
2057,0,7,93
2058,0,7,93
2059,0,7,93
2060,0,7,93
2061,0,7,93
2062,0,7,93
2063,0,7,93
2064,0,7,93
2065,0,7,93
2066,0,7,93
2067,0,7,93
2068,0,7,93
2069,0,7,93
2070,0,6,94
2071,0,6,94
2072,0,6,94
2073,0,6,94
2074,0,6,94
2075,0,6,94
2076,0,6,94
2077,0,5,95
2078,0,5,95
2079,0,5,95
2080,0,5,95
2081,0,5,95
2082,0,5,95
2083,0,5,95
2084,0,5,95
2085,0,5,95
2086,0,5,95
2087,0,5,95
2088,0,5,95
2089,0,5,95
2090,0,5,95
2091,0,5,95
2092,0,5,95
2093,0,5,95
2094,0,5,95
2095,0,5,95
2096,0,5,95
2097,0,5,95
2098,0,5,95
2099,0,5,95
2100,0,5,95
2101,0,5,95
2102,0,5,95
2103,0,5,95
2104,0,5,95
2105,0,5,95
2106,0,5,95
2107,0,5,95
2108,0,5,95
2109,0,5,95
2110,0,5,95
2111,0,5,95
2112,0,5,95
2113,0,5,95
2114,0,5,95
2115,0,5,95
2116,0,5,95
2117,0,5,95
2118,0,5,95
2119,0,5,95
2120,0,5,95
2121,0,5,95
2122,0,5,95
2123,0,5,95
2124,0,5,95
2125,0,5,95
2126,0,5,95
2127,0,5,95
2128,0,5,95
2129,0,5,95
2130,0,5,95
2131,0,5,95
2132,0,5,95
2133,0,5,95
2134,0,5,95
2135,0,5,95
2136,0,5,95
2137,0,5,95
2138,0,5,95
2139,0,5,95
2140,0,5,95
2141,0,5,95
2142,0,5,95
2143,0,5,95
2144,0,5,95
2145,0,5,95
2146,0,5,95
2147,0,5,95
2148,0,5,95
2149,0,5,95
2150,0,5,95
2151,0,5,95
2152,0,5,95
2153,0,5,95
2154,0,5,95
2155,0,5,95
2156,0,5,95
2157,0,5,95
2158,0,5,95
2159,0,5,95
2160,0,5,95
2161,0,5,95
2162,0,5,95
2163,0,5,95
2164,0,5,95
2165,0,5,95
2166,0,5,95
2167,0,5,95
2168,0,5,95
2169,0,5,95
2170,0,5,95
2171,0,5,95
2172,0,5,95
2173,0,5,95
2174,0,5,95
2175,0,5,95
2176,0,5,95
2177,0,4,96
2178,0,4,96
2179,0,4,96
2180,0,4,96
2181,0,4,96
2182,0,4,96
2183,0,4,96
2184,0,4,96
2185,0,4,96
2186,0,4,96
2187,0,4,96
2188,0,4,96
2189,0,4,96
2190,0,4,96
2191,0,4,96
2192,0,4,96
2193,0,4,96
2194,0,4,96
2195,0,4,96
2196,0,4,96
2197,0,4,96
2198,0,4,96
2199,0,4,96
2200,0,4,96
2201,0,4,96
2202,0,4,96
2203,0,4,96
2204,0,4,96
2205,0,4,96
2206,0,3,97
2207,0,3,97
2208,0,3,97
2209,0,3,97
2210,0,3,97
2211,0,3,97
2212,0,3,97
2213,0,3,97
2214,0,3,97
2215,0,3,97
2216,0,3,97
2217,0,3,97
2218,0,3,97
2219,0,3,97
2220,0,3,97
2221,0,3,97
2222,0,3,97
2223,0,3,97
2224,0,3,97
2225,0,3,97
2226,0,3,97
2227,0,3,97
2228,0,3,97
2229,0,3,97
2230,0,3,97
2231,0,3,97
2232,0,3,97
2233,0,3,97
2234,0,3,97
2235,0,3,97
2236,0,3,97
2237,0,3,97
2238,0,3,97
2239,0,3,97
2240,0,3,97
2241,0,3,97
2242,0,3,97
2243,0,3,97
2244,0,3,97
2245,0,3,97
2246,0,3,97
2247,0,3,97
2248,0,3,97
2249,0,3,97
2250,0,3,97
2251,0,3,97
2252,0,3,97
2253,0,3,97
2254,0,3,97
2255,0,3,97
2256,0,3,97
2257,0,3,97
2258,0,3,97
2259,0,3,97
2260,0,3,97
2261,0,3,97
2262,0,3,97
2263,0,3,97
2264,0,3,97
2265,0,3,97
2266,0,3,97
2267,0,3,97
2268,0,3,97
2269,0,3,97
2270,0,3,97
2271,0,3,97
2272,0,3,97
2273,0,3,97
2274,0,3,97
2275,0,3,97
2276,0,3,97
2277,0,3,97
2278,0,3,97
2279,0,3,97
2280,0,3,97
2281,0,3,97
2282,0,3,97
2283,0,3,97
2284,0,3,97
2285,0,3,97
2286,0,3,97
2287,0,3,97
2288,0,3,97
2289,0,3,97
2290,0,3,97
2291,0,3,97
2292,0,3,97
2293,0,3,97
2294,0,3,97
2295,0,3,97
2296,0,3,97
2297,0,3,97
2298,0,3,97
2299,0,3,97
2300,0,3,97
2301,0,3,97
2302,0,3,97
2303,0,3,97
2304,0,3,97
2305,0,3,97
2306,0,3,97
2307,0,3,97
2308,0,3,97
2309,0,3,97
2310,0,3,97
2311,0,3,97
2312,0,3,97
2313,0,3,97
2314,0,3,97
2315,0,3,97
2316,0,3,97
2317,0,3,97
2318,0,3,97
2319,0,3,97
2320,0,3,97
2321,0,3,97
2322,0,3,97
2323,0,3,97
2324,0,3,97
2325,0,3,97
2326,0,3,97
2327,0,3,97
2328,0,3,97
2329,0,3,97
2330,0,3,97
2331,0,3,97
2332,0,3,97
2333,0,3,97
2334,0,3,97
2335,0,3,97
2336,0,2,98
2337,0,2,98
2338,0,2,98
2339,0,1,99
2340,0,1,99
2341,0,1,99
2342,0,1,99
2343,0,1,99
2344,0,1,99
2345,0,1,99
2346,0,1,99
2347,0,1,99
2348,0,1,99
2349,0,1,99
2350,0,1,99
2351,0,1,99
2352,0,1,99
2353,0,1,99
2354,0,1,99
2355,0,1,99
2356,0,1,99
2357,0,1,99
2358,0,1,99
2359,0,1,99
2360,0,1,99
2361,0,1,99
2362,0,1,99
2363,0,1,99
2364,0,1,99
2365,0,1,99
2366,0,1,99
2367,0,1,99
2368,0,1,99
2369,0,1,99
2370,0,1,99
2371,0,1,99
2372,0,1,99
2373,0,1,99
2374,0,1,99
2375,0,1,99
2376,0,1,99
2377,0,1,99
2378,0,1,99
2379,0,1,99
2380,0,1,99
2381,0,1,99
2382,0,1,99
2383,0,1,99
2384,0,1,99
2385,0,1,99
2386,0,1,99
2387,0,1,99
2388,0,1,99
2389,0,1,99
2390,0,1,99
2391,0,1,99
2392,0,1,99
2393,0,1,99
2394,0,1,99
2395,0,1,99
2396,0,1,99
2397,0,1,99
2398,0,1,99
2399,0,1,99
2400,0,1,99
2401,0,1,99
2402,0,1,99
2403,0,1,99
2404,0,1,99
2405,0,1,99
2406,0,1,99
2407,0,1,99
2408,0,1,99
2409,0,1,99
2410,0,1,99
2411,0,1,99
2412,0,1,99
2413,0,1,99
2414,0,1,99
2415,0,1,99
2416,0,1,99
2417,0,1,99
2418,0,1,99
2419,0,1,99
2420,0,1,99
2421,0,1,99
2422,0,1,99
2423,0,1,99
2424,0,1,99
2425,0,1,99
2426,0,1,99
2427,0,1,99
2428,0,1,99
2429,0,1,99
2430,0,1,99
2431,0,1,99
2432,0,1,99
2433,0,1,99
2434,0,1,99
2435,0,1,99
2436,0,1,99
2437,0,1,99
2438,0,1,99
2439,0,1,99
2440,0,1,99
2441,0,1,99
2442,0,1,99
2443,0,1,99
2444,0,1,99
2445,0,1,99
2446,0,1,99
2447,0,1,99
2448,0,1,99
2449,0,1,99
2450,0,1,99
2451,0,1,99
2452,0,1,99
2453,0,1,99
2454,0,1,99
2455,0,1,99
2456,0,1,99
2457,0,1,99
2458,0,1,99
2459,0,1,99
2460,0,1,99
2461,0,1,99
2462,0,1,99
2463,0,1,99
2464,0,1,99
2465,0,1,99
2466,0,1,99
2467,0,1,99
2468,0,1,99
2469,0,1,99
2470,0,1,99
2471,0,1,99
2472,0,1,99
2473,0,1,99
2474,0,1,99
2475,0,1,99
2476,0,1,99
2477,0,1,99
2478,0,1,99
2479,0,1,99
2480,0,1,99
2481,0,1,99
2482,0,1,99
2483,0,1,99
2484,0,1,99
2485,0,1,99
2486,0,1,99
2487,0,1,99
2488,0,1,99
2489,0,1,99
2490,0,1,99
2491,0,1,99
2492,0,1,99
2493,0,1,99
2494,0,1,99
2495,0,1,99
2496,0,1,99
2497,0,1,99
2498,0,1,99
2499,0,1,99
2500,0,1,99
2501,0,1,99
2502,0,1,99
2503,0,1,99
2504,0,1,99
2505,0,1,99
2506,0,1,99
2507,0,1,99
2508,0,1,99
2509,0,1,99
2510,0,1,99
2511,0,1,99
2512,0,1,99
2513,0,1,99
2514,0,1,99
2515,0,1,99
2516,0,1,99
2517,0,1,99
2518,0,1,99
2519,0,1,99
2520,0,1,99
2521,0,1,99
2522,0,1,99
2523,0,1,99
2524,0,1,99
2525,0,1,99
2526,0,1,99
2527,0,1,99
2528,0,1,99
2529,0,1,99
2530,0,1,99
2531,0,1,99
2532,0,1,99
2533,0,1,99
2534,0,1,99
2535,0,1,99
2536,0,1,99
2537,0,1,99
2538,0,1,99
2539,0,1,99
2540,0,1,99
2541,0,1,99
2542,0,1,99
2543,0,1,99
2544,0,1,99
2545,0,1,99
2546,0,1,99
2547,0,1,99
2548,0,1,99
2549,0,1,99
2550,0,1,99
2551,0,1,99
2552,0,1,99
2553,0,1,99
2554,0,1,99
2555,0,1,99
2556,0,1,99
2557,0,1,99
2558,0,1,99
2559,0,1,99
2560,0,1,99
2561,0,1,99
2562,0,1,99
2563,0,1,99
2564,0,1,99
2565,0,1,99
2566,0,1,99
2567,0,1,99
2568,0,1,99
2569,0,1,99
2570,0,1,99
2571,0,1,99
2572,0,1,99
2573,0,1,99
2574,0,1,99
2575,0,1,99
2576,0,1,99
2577,0,1,99
2578,0,1,99
2579,0,1,99
2580,0,1,99
2581,0,1,99
2582,0,1,99
2583,0,1,99
2584,0,1,99
2585,0,1,99
2586,0,1,99
2587,0,1,99
2588,0,1,99
2589,0,1,99
2590,0,1,99
2591,0,1,99
2592,0,1,99
2593,0,1,99
2594,0,1,99
2595,0,1,99
2596,0,1,99
2597,0,1,99
2598,0,1,99
2599,0,1,99
2600,0,1,99
2601,0,1,99
2602,0,1,99
2603,0,1,99
2604,0,1,99
2605,0,1,99
2606,0,1,99
2607,0,1,99
2608,0,1,99
2609,0,1,99
2610,0,1,99
2611,0,1,99
2612,0,1,99
2613,0,1,99
2614,0,1,99
2615,0,1,99
2616,0,1,99
2617,0,1,99
2618,0,1,99
2619,0,1,99
2620,0,1,99
2621,0,1,99
2622,0,1,99
2623,0,1,99
2624,0,1,99
2625,0,1,99
2626,0,1,99
2627,0,1,99
2628,0,1,99
2629,0,1,99
2630,0,1,99
2631,0,1,99
2632,0,1,99
2633,0,1,99
2634,0,1,99
2635,0,1,99
2636,0,1,99
2637,0,1,99
2638,0,1,99
2639,0,1,99
2640,0,1,99
2641,0,1,99
2642,0,1,99
2643,0,1,99
2644,0,1,99
2645,0,1,99
2646,0,1,99
2647,0,1,99
2648,0,1,99
2649,0,1,99
2650,0,1,99
2651,0,1,99
2652,0,1,99
2653,0,1,99
2654,0,1,99
2655,0,1,99
2656,0,1,99
2657,0,1,99
2658,0,1,99
2659,0,1,99
2660,0,1,99
2661,0,1,99
2662,0,1,99
2663,0,1,99
2664,0,1,99
2665,0,1,99
2666,0,1,99
2667,0,1,99
2668,0,1,99
2669,0,1,99
2670,0,1,99
2671,0,1,99
2672,0,1,99
2673,0,1,99
2674,0,1,99
2675,0,1,99
2676,0,1,99
2677,0,1,99
2678,0,1,99
2679,0,1,99
2680,0,1,99
2681,0,1,99
2682,0,1,99
2683,0,1,99
2684,0,1,99
2685,0,1,99
2686,0,1,99
2687,0,1,99
2688,0,1,99
2689,0,1,99
2690,0,1,99
2691,0,1,99
2692,0,1,99
2693,0,1,99
2694,0,1,99
2695,0,1,99
2696,0,1,99
2697,0,1,99
2698,0,1,99
2699,0,1,99
2700,0,1,99
2701,0,1,99
2702,0,1,99
2703,0,1,99
2704,0,1,99
2705,0,1,99
2706,0,1,99
2707,0,1,99
2708,0,1,99
2709,0,1,99
2710,0,1,99
2711,0,1,99
2712,0,1,99
2713,0,1,99
2714,0,1,99
2715,0,1,99
2716,0,1,99
2717,0,1,99
2718,0,1,99
2719,0,1,99
2720,0,1,99
2721,0,1,99
2722,0,1,99
2723,0,1,99
2724,0,1,99
2725,0,1,99
2726,0,1,99
2727,0,1,99
2728,0,1,99
2729,0,1,99
2730,0,1,99
2731,0,1,99
2732,0,1,99
2733,0,1,99
2734,0,1,99
2735,0,1,99
2736,0,1,99
2737,0,1,99
2738,0,1,99
2739,0,1,99
2740,0,1,99
2741,0,1,99
2742,0,1,99
2743,0,1,99
2744,0,1,99
2745,0,1,99
2746,0,1,99
2747,0,1,99
2748,0,1,99
2749,0,1,99
2750,0,1,99
2751,0,1,99
2752,0,1,99
2753,0,1,99
2754,0,1,99
2755,0,1,99
2756,0,1,99
2757,0,1,99
2758,0,1,99
2759,0,1,99
2760,0,1,99
2761,0,1,99
2762,0,1,99
2763,0,1,99
2764,0,1,99
2765,0,1,99
2766,0,1,99
2767,0,1,99
2768,0,1,99
2769,0,1,99
2770,0,1,99
2771,0,1,99
2772,0,1,99
2773,0,1,99
2774,0,1,99
2775,0,1,99
2776,0,1,99
2777,0,1,99
2778,0,1,99
2779,0,1,99
2780,0,1,99
2781,0,1,99
2782,0,1,99
2783,0,1,99
2784,0,1,99
2785,0,1,99
2786,0,1,99
2787,0,1,99
2788,0,1,99
2789,0,1,99
2790,0,1,99
2791,0,1,99
2792,0,1,99
2793,0,1,99
2794,0,1,99
2795,0,1,99
2796,0,1,99
2797,0,1,99
2798,0,1,99
2799,0,1,99
2800,0,1,99
2801,0,1,99
2802,0,1,99
2803,0,1,99
2804,0,1,99
2805,0,1,99
2806,0,1,99
2807,0,1,99
2808,0,1,99
2809,0,1,99
2810,0,1,99
2811,0,1,99
2812,0,1,99
2813,0,1,99
2814,0,1,99
2815,0,1,99
2816,0,1,99
2817,0,1,99
2818,0,1,99
2819,0,1,99
2820,0,1,99
2821,0,1,99
2822,0,1,99
2823,0,1,99
2824,0,1,99
2825,0,1,99
2826,0,1,99
2827,0,1,99
2828,0,1,99
2829,0,1,99
2830,0,1,99
2831,0,1,99
2832,0,1,99
2833,0,1,99
2834,0,1,99
2835,0,1,99
2836,0,1,99
2837,0,1,99
2838,0,1,99
2839,0,1,99
2840,0,1,99
2841,0,1,99
2842,0,1,99
2843,0,1,99
2844,0,1,99
2845,0,1,99
2846,0,1,99
2847,0,1,99
2848,0,1,99
2849,0,1,99
2850,0,1,99
2851,0,1,99
2852,0,1,99
2853,0,1,99
2854,0,1,99
2855,0,1,99
2856,0,1,99
2857,0,1,99
2858,0,1,99
2859,0,1,99
2860,0,1,99
2861,0,1,99
2862,0,1,99
2863,0,1,99
2864,0,1,99
2865,0,1,99
2866,0,1,99
2867,0,1,99
2868,0,1,99
2869,0,1,99
2870,0,1,99
2871,0,1,99
2872,0,1,99
2873,0,1,99
2874,0,1,99
2875,0,1,99
2876,0,1,99
2877,0,1,99
2878,0,1,99
2879,0,1,99
2880,0,1,99
2881,0,1,99
2882,0,1,99
2883,0,1,99
2884,0,1,99
2885,0,1,99
2886,0,1,99
2887,0,1,99
2888,0,1,99
2889,0,1,99
2890,0,1,99
2891,0,1,99
2892,0,1,99
2893,0,1,99
2894,0,1,99
2895,0,1,99
2896,0,1,99
2897,0,1,99
2898,0,1,99
2899,0,1,99
2900,0,1,99
2901,0,1,99
2902,0,1,99
2903,0,1,99
2904,0,1,99
2905,0,1,99
2906,0,1,99
2907,0,1,99
2908,0,1,99
2909,0,1,99
2910,0,1,99
2911,0,1,99
2912,0,1,99
2913,0,1,99
2914,0,1,99
2915,0,1,99
2916,0,1,99
2917,0,1,99
2918,0,1,99
2919,0,1,99
2920,0,1,99
2921,0,1,99
2922,0,1,99
2923,0,1,99
2924,0,1,99
2925,0,1,99
2926,0,1,99
2927,0,1,99
2928,0,1,99
2929,0,1,99
2930,0,1,99
2931,0,1,99
2932,0,1,99
2933,0,1,99
2934,0,1,99
2935,0,1,99
2936,0,1,99
2937,0,1,99
2938,0,1,99
2939,0,1,99
2940,0,1,99
2941,0,1,99
2942,0,1,99
2943,0,1,99
2944,0,1,99
2945,0,1,99
2946,0,1,99
2947,0,1,99
2948,0,1,99
2949,0,1,99
2950,0,1,99
2951,0,1,99
2952,0,1,99
2953,0,1,99
2954,0,1,99
2955,0,1,99
2956,0,1,99
2957,0,1,99
2958,0,1,99
2959,0,1,99
2960,0,1,99
2961,0,1,99
2962,0,1,99
2963,0,1,99
2964,0,0,100
2965,0,0,100
2966,0,0,100
2967,0,0,100
2968,0,0,100
2969,0,0,100
2970,0,0,100
2971,0,0,100
2972,0,0,100
2973,0,0,100
2974,0,0,100
2975,0,0,100
2976,0,0,100
2977,0,0,100
2978,0,0,100
2979,0,0,100
2980,0,0,100
2981,0,0,100
2982,0,0,100
2983,0,0,100
2984,0,0,100
2985,0,0,100
2986,0,0,100
2987,0,0,100
2988,0,0,100
2989,0,0,100
2990,0,0,100
2991,0,0,100
2992,0,0,100
2993,0,0,100
2994,0,0,100
2995,0,0,100
2996,0,0,100
2997,0,0,100
2998,0,0,100
2999,0,0,100
3000,0,0,100
