Time,Healthy,Undetectable,Detectable
0,97,3,0
1,97,3,0
2,97,3,0
3,97,3,0
4,97,3,0
5,97,3,0
6,97,3,0
7,97,3,0
8,97,3,0
9,97,2,1
10,97,2,1
11,97,2,1
12,97,2,1
13,97,2,1
14,97,2,1
15,97,2,1
16,97,2,1
17,97,2,1
18,97,2,1
19,97,2,1
20,97,2,1
21,97,2,1
22,97,2,1
23,97,2,1
24,97,2,1
25,97,2,1
26,97,2,1
27,97,2,1
28,97,2,1
29,97,2,1
30,97,1,2
31,97,1,2
32,97,1,2
33,97,1,2
34,97,1,2
35,97,1,2
36,97,1,2
37,97,1,2
38,97,1,2
39,97,1,2
40,97,1,2
41,97,1,2
42,97,1,2
43,97,1,2
44,97,1,2
45,97,1,2
46,97,1,2
47,97,1,2
48,97,1,2
49,97,1,2
50,97,1,2
51,97,1,2
52,97,1,2
53,97,1,2
54,97,1,2
55,97,1,2
56,97,1,2
57,97,1,2
58,97,1,2
59,97,1,2
60,97,1,2
61,97,1,2
62,97,1,2
63,97,1,2
64,97,1,2
65,97,1,2
66,97,1,2
67,97,1,2
68,97,1,2
69,97,1,2
70,97,1,2
71,97,1,2
72,97,1,2
73,97,1,2
74,97,1,2
75,97,1,2
76,97,1,2
77,97,1,2
78,97,1,2
79,97,1,2
80,97,1,2
81,97,1,2
82,97,1,2
83,97,1,2
84,97,1,2
85,97,1,2
86,97,1,2
87,97,0,3
88,97,0,3
89,97,0,3
90,97,0,3
91,97,0,3
92,97,0,3
93,97,0,3
94,97,0,3
95,97,0,3
96,97,0,3
97,97,0,3
98,97,0,3
99,97,0,3
100,97,0,3
101,97,0,3
102,97,0,3
103,97,0,3
104,97,0,3
105,97,0,3
106,97,0,3
107,97,0,3
108,97,0,3
109,97,0,3
110,97,0,3
111,97,0,3
112,97,0,3
113,97,0,3
114,97,0,3
115,97,0,3
116,97,0,3
117,97,0,3
118,97,0,3
119,97,0,3
120,97,0,3
121,97,0,3
122,97,0,3
123,97,0,3
124,97,0,3
125,97,0,3
126,97,0,3
127,97,0,3
128,97,0,3
129,97,0,3
130,97,0,3
131,97,0,3
132,97,0,3
133,97,0,3
134,97,0,3
135,97,0,3
136,97,0,3
137,97,0,3
138,97,0,3
139,97,0,3
140,97,0,3
141,97,0,3
142,97,0,3
143,97,0,3
144,97,0,3
145,97,0,3
146,97,0,3
147,97,0,3
148,97,0,3
149,97,0,3
150,97,0,3
151,97,0,3
152,97,0,3
153,97,0,3
154,97,0,3
155,97,0,3
156,97,0,3
157,97,0,3
158,97,0,3
159,97,0,3
160,97,0,3
161,97,0,3
162,97,0,3
163,97,0,3
164,97,0,3
165,97,0,3
166,97,0,3
167,97,0,3
168,97,0,3
169,97,0,3
170,97,0,3
171,97,0,3
172,97,0,3
173,97,0,3
174,97,0,3
175,97,0,3
176,97,0,3
177,97,0,3
178,97,0,3
179,97,0,3
180,97,0,3
181,97,0,3
182,97,0,3
183,97,0,3
184,97,0,3
185,97,0,3
186,97,0,3
187,97,0,3
188,97,0,3
189,97,0,3
190,97,0,3
191,97,0,3
192,97,0,3
193,97,0,3
194,97,0,3
195,97,0,3
196,97,0,3
197,97,0,3
198,97,0,3
199,97,0,3
200,97,0,3
201,97,0,3
202,97,0,3
203,97,0,3
204,97,0,3
205,97,0,3
206,97,0,3
207,97,0,3
208,97,0,3
209,97,0,3
210,97,0,3
211,97,0,3
212,97,0,3
213,97,0,3
214,97,0,3
215,97,0,3
216,97,0,3
217,97,0,3
218,97,0,3
219,97,0,3
220,97,0,3
221,97,0,3
222,97,0,3
223,97,0,3
224,97,0,3
225,97,0,3
226,97,0,3
227,97,0,3
228,97,0,3
229,97,0,3
230,97,0,3
231,97,0,3
232,97,0,3
233,97,0,3
234,97,0,3
235,96,1,3
236,96,1,3
237,96,1,3
238,96,1,3
239,96,1,3
240,96,1,3
241,96,1,3
242,96,1,3
243,96,1,3
244,96,1,3
245,96,1,3
246,96,1,3
247,96,1,3
248,96,1,3
249,96,1,3
250,96,1,3
251,96,1,3
252,96,1,3
253,96,1,3
254,96,1,3
255,96,1,3
256,96,1,3
257,96,1,3
258,96,1,3
259,96,1,3
260,96,1,3
261,96,1,3
262,96,1,3
263,96,1,3
264,96,1,3
265,96,1,3
266,96,1,3
267,96,1,3
268,96,1,3
269,96,1,3
270,96,1,3
271,96,1,3
272,96,1,3
273,96,1,3
274,96,1,3
275,96,1,3
276,96,1,3
277,96,1,3
278,96,1,3
279,96,1,3
280,96,1,3
281,96,1,3
282,96,1,3
283,96,1,3
284,96,1,3
285,96,1,3
286,96,1,3
287,96,1,3
288,96,1,3
289,96,1,3
290,96,1,3
291,96,1,3
292,96,1,3
293,96,1,3
294,96,1,3
295,96,1,3
296,96,1,3
297,96,1,3
298,96,1,3
299,96,1,3
300,96,1,3
301,96,1,3
302,96,1,3
303,96,1,3
304,96,1,3
305,96,1,3
306,96,1,3
307,96,1,3
308,96,1,3
309,96,1,3
310,96,1,3
311,96,1,3
312,96,1,3
313,96,1,3
314,96,1,3
315,96,1,3
316,96,1,3
317,96,1,3
318,95,2,3
319,95,2,3
320,95,2,3
321,95,2,3
322,95,2,3
323,95,2,3
324,95,2,3
325,95,2,3
326,95,2,3
327,95,2,3
328,95,2,3
329,95,2,3
330,95,2,3
331,95,2,3
332,95,2,3
333,95,2,3
334,94,3,3
335,94,3,3
336,94,3,3
337,94,3,3
338,94,3,3
339,94,3,3
340,94,3,3
341,94,3,3
342,94,3,3
343,94,3,3
344,94,3,3
345,94,3,3
346,94,3,3
347,94,3,3
348,94,3,3
349,94,3,3
350,94,3,3
351,94,3,3
352,94,3,3
353,94,3,3
354,94,3,3
355,94,3,3
356,94,3,3
357,94,3,3
358,94,3,3
359,94,3,3
360,94,3,3
361,94,3,3
362,94,3,3
363,94,3,3
364,94,3,3
365,94,3,3
366,94,3,3
367,94,3,3
368,94,3,3
369,94,3,3
370,94,3,3
371,94,3,3
372,94,3,3
373,94,3,3
374,94,3,3
375,94,3,3
376,94,3,3
377,94,3,3
378,94,3,3
379,94,3,3
380,94,3,3
381,94,3,3
382,94,3,3
383,94,3,3
384,94,3,3
385,94,3,3
386,94,3,3
387,94,3,3
388,94,3,3
389,94,3,3
390,94,3,3
391,94,3,3
392,94,3,3
393,94,3,3
394,94,3,3
395,94,3,3
396,94,3,3
397,94,3,3
398,94,3,3
399,94,3,3
400,94,3,3
401,94,3,3
402,94,3,3
403,94,3,3
404,94,3,3
405,94,3,3
406,94,3,3
407,94,3,3
408,94,3,3
409,94,3,3
410,94,3,3
411,94,3,3
412,94,3,3
413,94,3,3
414,94,3,3
415,94,3,3
416,94,3,3
417,93,4,3
418,93,4,3
419,93,4,3
420,93,4,3
421,93,4,3
422,93,4,3
423,93,4,3
424,93,4,3
425,93,4,3
426,93,4,3
427,93,4,3
428,93,4,3
429,93,4,3
430,93,4,3
431,93,4,3
432,93,4,3
433,93,4,3
434,93,4,3
435,93,4,3
436,93,4,3
437,93,4,3
438,93,4,3
439,93,4,3
440,93,4,3
441,93,4,3
442,92,5,3
443,92,5,3
444,92,5,3
445,92,5,3
446,92,5,3
447,92,5,3
448,92,5,3
449,92,5,3
450,92,5,3
451,92,5,3
452,92,5,3
453,92,5,3
454,92,5,3
455,92,5,3
456,91,6,3
457,91,6,3
458,91,6,3
459,91,6,3
460,91,6,3
461,91,6,3
462,91,6,3
463,91,6,3
464,91,6,3
465,91,6,3
466,91,6,3
467,91,6,3
468,91,6,3
469,91,6,3
470,91,6,3
471,91,6,3
472,91,6,3
473,91,6,3
474,91,6,3
475,91,6,3
476,91,6,3
477,90,7,3
478,90,7,3
479,90,7,3
480,90,7,3
481,90,7,3
482,90,7,3
483,89,8,3
484,89,8,3
485,89,8,3
486,89,8,3
487,89,8,3
488,89,8,3
489,89,8,3
490,89,8,3
491,89,8,3
492,88,9,3
493,88,9,3
494,88,9,3
495,88,9,3
496,88,9,3
497,88,9,3
498,88,9,3
499,88,9,3
500,88,9,3
501,88,9,3
502,88,9,3
503,87,10,3
504,87,10,3
505,87,10,3
506,87,10,3
507,87,10,3
508,86,11,3
509,86,11,3
510,86,11,3
511,86,11,3
512,86,11,3
513,86,10,4
514,86,10,4
515,86,10,4
516,86,10,4
517,86,10,4
518,86,10,4
519,86,10,4
520,86,10,4
521,86,9,5
522,86,9,5
523,86,9,5
524,86,9,5
525,86,9,5
526,86,9,5
527,86,9,5
528,86,9,5
529,86,9,5
530,86,9,5
531,86,9,5
532,86,9,5
533,86,9,5
534,86,9,5
535,86,9,5
536,86,9,5
537,86,9,5
538,85,10,5
539,85,10,5
540,85,10,5
541,85,10,5
542,85,10,5
543,84,11,5
544,84,11,5
545,84,11,5
546,83,12,5
547,83,12,5
548,83,12,5
549,83,12,5
550,83,12,5
551,83,12,5
552,83,12,5
553,83,12,5
554,83,12,5
555,83,12,5
556,83,12,5
557,83,12,5
558,83,12,5
559,83,12,5
560,83,12,5
561,83,12,5
562,82,13,5
563,82,13,5
564,82,13,5
565,82,13,5
566,82,13,5
567,82,13,5
568,82,13,5
569,82,13,5
570,82,13,5
571,82,13,5
572,82,13,5
573,82,13,5
574,82,13,5
575,82,13,5
576,82,12,6
577,82,12,6
578,82,12,6
579,82,12,6
580,81,13,6
581,81,13,6
582,81,13,6
583,81,12,7
584,81,12,7
585,81,12,7
586,81,12,7
587,81,12,7
588,81,12,7
589,81,12,7
590,81,12,7
591,81,11,8
592,81,11,8
593,81,11,8
594,80,12,8
595,80,12,8
596,80,12,8
597,80,12,8
598,80,12,8
599,80,12,8
600,80,12,8
601,80,12,8
602,80,12,8
603,80,12,8
604,80,12,8
605,80,12,8
606,80,12,8
607,80,12,8
608,80,12,8
609,79,13,8
610,79,13,8
611,79,13,8
612,79,13,8
613,79,13,8
614,79,13,8
615,79,13,8
616,79,13,8
617,79,13,8
618,79,13,8
619,79,13,8
620,79,13,8
621,79,13,8
622,79,13,8
623,79,13,8
624,78,14,8
625,78,14,8
626,78,14,8
627,78,14,8
628,78,14,8
629,78,14,8
630,78,14,8
631,77,15,8
632,77,15,8
633,77,15,8
634,77,15,8
635,77,15,8
636,77,15,8
637,77,15,8
638,77,15,8
639,77,15,8
640,77,15,8
641,77,15,8
642,77,15,8
643,77,15,8
644,77,15,8
645,77,15,8
646,77,15,8
647,77,15,8
648,77,15,8
649,77,15,8
650,77,15,8
651,77,15,8
652,77,15,8
653,76,16,8
654,76,16,8
655,76,16,8
656,76,16,8
657,76,16,8
658,76,16,8
659,76,16,8
660,76,16,8
661,76,16,8
662,76,16,8
663,76,16,8
664,75,17,8
665,75,17,8
666,75,17,8
667,75,17,8
668,74,18,8
669,74,18,8
670,74,18,8
671,74,18,8
672,74,18,8
673,74,18,8
674,74,18,8
675,74,18,8
676,74,18,8
677,74,18,8
678,74,18,8
679,74,18,8
680,74,18,8
681,74,18,8
682,73,19,8
683,73,19,8
684,73,19,8
685,73,19,8
686,73,19,8
687,73,19,8
688,73,19,8
689,73,19,8
690,73,19,8
691,73,19,8
692,72,20,8
693,71,21,8
694,70,22,8
695,70,22,8
696,70,22,8
697,70,22,8
698,70,22,8
699,70,22,8
700,70,22,8
701,69,23,8
702,69,23,8
703,69,23,8
704,69,23,8
705,67,25,8
706,67,25,8
707,67,25,8
708,67,25,8
709,67,25,8
710,67,25,8
711,67,25,8
712,67,24,9
713,67,24,9
714,67,24,9
715,67,24,9
716,67,24,9
717,67,24,9
718,67,24,9
719,66,25,9
720,66,25,9
721,66,25,9
722,66,25,9
723,66,24,10
724,66,24,10
725,66,24,10
726,66,24,10
727,66,24,10
728,66,24,10
729,66,24,10
730,66,24,10
731,65,25,10
732,65,25,10
733,65,25,10
734,65,25,10
735,65,25,10
736,65,25,10
737,65,25,10
738,65,25,10
739,65,25,10
740,65,25,10
741,65,25,10
742,65,25,10
743,65,25,10
744,65,25,10
745,65,25,10
746,65,25,10
747,65,25,10
748,65,25,10
749,65,25,10
750,65,24,11
751,65,24,11
752,65,24,11
753,65,24,11
754,65,24,11
755,64,25,11
756,63,26,11
757,62,27,11
758,62,27,11
759,62,27,11
760,61,28,11
761,61,28,11
762,61,28,11
763,61,28,11
764,61,28,11
765,61,28,11
766,61,28,11
767,61,28,11
768,61,27,12
769,61,27,12
770,61,27,12
771,60,28,12
772,60,28,12
773,60,28,12
774,60,28,12
775,60,28,12
776,60,28,12
777,60,28,12
778,60,28,12
779,60,28,12
780,60,28,12
781,60,27,13
782,60,27,13
783,59,28,13
784,59,27,14
785,59,26,15
786,59,26,15
787,59,26,15
788,59,26,15
789,58,27,15
790,58,27,15
791,58,27,15
792,57,28,15
793,57,28,15
794,57,28,15
795,57,28,15
796,57,28,15
797,57,28,15
798,57,28,15
799,56,29,15
800,56,29,15
801,55,30,15
802,55,30,15
803,55,30,15
804,55,30,15
805,55,30,15
806,55,30,15
807,55,30,15
808,55,30,15
809,55,30,15
810,54,31,15
811,54,31,15
812,54,31,15
813,54,31,15
814,53,32,15
815,53,32,15
816,52,33,15
817,51,34,15
818,51,34,15
819,51,34,15
820,51,34,15
821,51,34,15
822,51,34,15
823,51,34,15
824,51,33,16
825,51,32,17
826,51,32,17
827,51,32,17
828,51,32,17
829,51,32,17
830,51,32,17
831,51,31,18
832,51,31,18
833,51,31,18
834,51,31,18
835,50,32,18
836,50,32,18
837,50,32,18
838,50,32,18
839,50,32,18
840,49,33,18
841,49,33,18
842,49,33,18
843,49,33,18
844,49,33,18
845,49,33,18
846,49,33,18
847,48,34,18
848,48,34,18
849,48,33,19
850,48,33,19
851,48,33,19
852,47,34,19
853,47,34,19
854,46,35,19
855,46,35,19
856,46,35,19
857,46,35,19
858,44,37,19
859,44,36,20
860,44,36,20
861,44,36,20
862,44,35,21
863,44,35,21
864,44,35,21
865,44,35,21
866,44,35,21
867,42,37,21
868,42,37,21
869,42,36,22
870,42,36,22
871,41,37,22
872,41,37,22
873,41,37,22
874,40,37,23
875,40,37,23
876,40,37,23
877,40,37,23
878,40,37,23
879,40,36,24
880,40,36,24
881,39,37,24
882,39,37,24
883,39,37,24
884,39,37,24
885,39,37,24
886,39,37,24
887,39,37,24
888,38,38,24
889,38,38,24
890,38,38,24
891,38,38,24
892,38,38,24
893,38,38,24
894,38,38,24
895,38,36,26
896,38,36,26
897,38,36,26
898,38,36,26
899,38,36,26
900,38,36,26
901,38,36,26
902,38,36,26
903,38,36,26
904,38,36,26
905,38,36,26
906,38,36,26
907,38,36,26
908,38,36,26
909,38,36,26
910,38,36,26
911,38,36,26
912,38,36,26
913,38,36,26
914,37,37,26
915,37,37,26
916,37,37,26
917,37,37,26
918,37,37,26
919,37,37,26
920,37,37,26
921,37,37,26
922,37,37,26
923,37,37,26
924,37,37,26
925,37,37,26
926,37,37,26
927,37,37,26
928,37,37,26
929,37,37,26
930,37,37,26
931,37,37,26
932,36,38,26
933,34,40,26
934,34,40,26
935,34,40,26
936,34,40,26
937,34,40,26
938,34,40,26
939,34,40,26
940,34,40,26
941,34,40,26
942,34,40,26
943,34,40,26
944,34,40,26
945,34,40,26
946,34,40,26
947,34,40,26
948,34,40,26
949,33,41,26
950,33,41,26
951,33,41,26
952,33,41,26
953,33,41,26
954,33,41,26
955,33,41,26
956,33,41,26
957,33,40,27
958,33,40,27
959,33,40,27
960,32,41,27
961,32,41,27
962,32,41,27
963,32,41,27
964,31,42,27
965,31,42,27
966,31,42,27
967,31,42,27
968,31,42,27
969,31,42,27
970,31,42,27
971,31,42,27
972,31,42,27
973,31,42,27
974,31,41,28
975,31,41,28
976,31,41,28
977,31,40,29
978,31,40,29
979,31,39,30
980,31,37,32
981,31,37,32
982,31,36,33
983,31,36,33
984,31,36,33
985,31,36,33
986,31,36,33
987,31,36,33
988,31,36,33
989,31,36,33
990,31,36,33
991,31,36,33
992,31,36,33
993,31,36,33
994,31,36,33
995,31,36,33
996,31,36,33
997,31,36,33
998,31,36,33
999,31,36,33
1000,31,36,33
1001,31,36,33
1002,31,36,33
1003,31,36,33
1004,31,36,33
1005,31,36,33
1006,31,36,33
1007,31,36,33
1008,30,37,33
1009,30,37,33
1010,30,37,33
1011,30,37,33
1012,30,37,33
1013,30,37,33
1014,30,37,33
1015,30,37,33
1016,30,37,33
1017,30,37,33
1018,30,37,33
1019,30,37,33
1020,30,37,33
1021,30,37,33
1022,30,37,33
1023,30,36,34
1024,30,36,34
1025,30,36,34
1026,30,36,34
1027,30,35,35
1028,30,35,35
1029,30,34,36
1030,30,34,36
1031,30,34,36
1032,30,34,36
1033,30,34,36
1034,30,34,36
1035,29,35,36
1036,29,35,36
1037,29,35,36
1038,29,35,36
1039,29,35,36
1040,28,36,36
1041,28,36,36
1042,28,36,36
1043,27,37,36
1044,27,37,36
1045,27,36,37
1046,27,36,37
1047,27,36,37
1048,27,36,37
1049,27,36,37
1050,26,37,37
1051,26,37,37
1052,26,37,37
1053,26,37,37
1054,26,37,37
1055,26,37,37
1056,26,37,37
1057,25,38,37
1058,24,39,37
1059,24,39,37
1060,23,40,37
1061,23,40,37
1062,23,40,37
1063,23,40,37
1064,23,40,37
1065,23,40,37
1066,23,40,37
1067,23,40,37
1068,23,40,37
1069,22,41,37
1070,22,41,37
1071,22,41,37
1072,22,41,37
1073,22,41,37
1074,22,41,37
1075,22,41,37
1076,22,41,37
1077,21,42,37
1078,20,43,37
1079,20,43,37
1080,20,43,37
1081,20,43,37
1082,20,43,37
1083,20,43,37
1084,20,43,37
1085,20,43,37
1086,20,43,37
1087,20,43,37
1088,20,43,37
1089,19,44,37
1090,18,45,37
1091,18,44,38
1092,18,44,38
1093,18,44,38
1094,18,44,38
1095,18,44,38
1096,18,44,38
1097,18,44,38
1098,18,44,38
1099,18,44,38
1100,18,44,38
1101,18,44,38
1102,18,44,38
1103,18,44,38
1104,18,44,38
1105,18,44,38
1106,18,44,38
1107,18,44,38
1108,18,44,38
1109,17,45,38
1110,17,45,38
1111,17,45,38
1112,17,45,38
1113,17,45,38
1114,17,44,39
1115,17,44,39
1116,17,44,39
1117,15,46,39
1118,15,46,39
1119,15,46,39
1120,15,46,39
1121,15,46,39
1122,15,46,39
1123,15,46,39
1124,15,46,39
1125,15,46,39
1126,15,46,39
1127,15,46,39
1128,15,45,40
1129,15,45,40
1130,15,45,40
1131,15,44,41
1132,15,44,41
1133,15,44,41
1134,15,44,41
1135,15,44,41
1136,15,43,42
1137,15,43,42
1138,15,43,42
1139,15,43,42
1140,15,43,42
1141,14,44,42
1142,14,44,42
1143,14,44,42
1144,14,44,42
1145,14,44,42
1146,14,43,43
1147,14,43,43
1148,14,43,43
1149,14,42,44
1150,14,42,44
1151,14,41,45
1152,14,41,45
1153,14,41,45
1154,14,41,45
1155,14,41,45
1156,14,41,45
1157,13,42,45
1158,12,43,45
1159,12,43,45
1160,12,43,45
1161,12,43,45
1162,12,43,45
1163,12,43,45
1164,12,43,45
1165,12,43,45
1166,12,43,45
1167,12,43,45
1168,12,43,45
1169,12,43,45
1170,12,43,45
1171,12,43,45
1172,12,43,45
1173,12,42,46
1174,12,42,46
1175,12,41,47
1176,11,42,47
1177,11,42,47
1178,11,42,47
1179,11,42,47
1180,11,42,47
1181,11,42,47
1182,11,42,47
1183,10,43,47
1184,10,43,47
1185,10,43,47
1186,10,43,47
1187,10,42,48
1188,10,42,48
1189,10,42,48
1190,10,42,48
1191,9,43,48
1192,9,43,48
1193,9,43,48
1194,9,43,48
1195,9,43,48
1196,9,43,48
1197,9,43,48
1198,9,43,48
1199,9,43,48
1200,9,42,49
1201,9,41,50
1202,9,41,50
1203,9,41,50
1204,9,41,50
1205,9,41,50
1206,9,41,50
1207,9,41,50
1208,9,41,50
1209,9,40,51
1210,9,40,51
1211,9,40,51
1212,9,40,51
1213,9,40,51
1214,9,40,51
1215,9,40,51
1216,8,41,51
1217,8,41,51
1218,8,41,51
1219,8,41,51
1220,8,41,51
1221,8,41,51
1222,8,41,51
1223,8,41,51
1224,8,40,52
1225,8,40,52
1226,8,40,52
1227,7,41,52
1228,7,41,52
1229,7,41,52
1230,7,41,52
1231,7,41,52
1232,6,42,52
1233,5,43,52
1234,5,43,52
1235,5,42,53
1236,5,42,53
1237,5,42,53
1238,5,42,53
1239,5,42,53
1240,5,42,53
1241,5,42,53
1242,5,42,53
1243,5,42,53
1244,5,42,53
1245,5,42,53
1246,5,42,53
1247,5,42,53
1248,5,42,53
1249,5,42,53
1250,5,41,54
1251,5,41,54
1252,5,41,54
1253,5,41,54
1254,5,41,54
1255,5,41,54
1256,5,41,54
1257,5,41,54
1258,5,41,54
1259,5,41,54
1260,5,41,54
1261,5,40,55
1262,5,40,55
1263,5,40,55
1264,5,40,55
1265,5,40,55
1266,5,40,55
1267,5,40,55
1268,4,41,55
1269,3,42,55
1270,3,42,55
1271,3,42,55
1272,3,42,55
1273,3,42,55
1274,3,42,55
1275,3,42,55
1276,3,42,55
1277,3,42,55
1278,3,42,55
1279,3,42,55
1280,3,41,56
1281,3,41,56
1282,3,41,56
1283,3,41,56
1284,3,41,56
1285,3,41,56
1286,3,41,56
1287,3,41,56
1288,3,41,56
1289,3,41,56
1290,3,41,56
1291,3,41,56
1292,3,41,56
1293,3,41,56
1294,3,41,56
1295,3,40,57
1296,3,40,57
1297,3,40,57
1298,3,40,57
1299,3,40,57
1300,3,40,57
1301,3,40,57
1302,3,40,57
1303,3,40,57
1304,3,40,57
1305,3,40,57
1306,3,40,57
1307,3,40,57
1308,3,40,57
1309,3,40,57
1310,3,40,57
1311,3,40,57
1312,3,40,57
1313,3,40,57
1314,3,40,57
1315,3,40,57
1316,3,40,57
1317,3,40,57
1318,3,40,57
1319,3,40,57
1320,3,40,57
1321,3,40,57
1322,3,40,57
1323,3,40,57
1324,3,40,57
1325,3,40,57
1326,3,40,57
1327,3,40,57
1328,3,40,57
1329,3,40,57
1330,3,40,57
1331,3,40,57
1332,3,40,57
1333,2,41,57
1334,2,41,57
1335,2,41,57
1336,2,41,57
1337,2,41,57
1338,2,40,58
1339,2,40,58
1340,2,40,58
1341,2,40,58
1342,2,40,58
1343,2,40,58
1344,2,40,58
1345,2,40,58
1346,2,40,58
1347,2,40,58
1348,2,40,58
1349,2,40,58
1350,2,40,58
1351,2,40,58
1352,2,40,58
1353,2,40,58
1354,2,40,58
1355,2,40,58
1356,2,40,58
1357,2,40,58
1358,2,40,58
1359,2,40,58
1360,2,40,58
1361,2,40,58
1362,2,40,58
1363,2,40,58
1364,2,39,59
1365,2,39,59
1366,2,39,59
1367,2,39,59
1368,2,39,59
1369,2,38,60
1370,2,38,60
1371,2,38,60
1372,2,38,60
1373,2,38,60
1374,2,38,60
1375,2,38,60
1376,2,38,60
1377,2,38,60
1378,2,38,60
1379,2,38,60
1380,2,38,60
1381,2,38,60
1382,2,38,60
1383,2,38,60
1384,2,38,60
1385,2,38,60
1386,2,38,60
1387,2,38,60
1388,2,38,60
1389,2,38,60
1390,2,38,60
1391,2,38,60
1392,2,37,61
1393,2,37,61
1394,2,37,61
1395,2,37,61
1396,2,36,62
1397,2,36,62
1398,2,36,62
1399,2,36,62
1400,1,37,62
1401,1,37,62
1402,1,37,62
1403,1,37,62
1404,0,37,63
1405,0,37,63
1406,0,37,63
1407,0,37,63
1408,0,37,63
1409,0,37,63
1410,0,37,63
1411,0,37,63
1412,0,37,63
1413,0,37,63
1414,0,37,63
1415,0,37,63
1416,0,37,63
1417,0,37,63
1418,0,37,63
1419,0,36,64
1420,0,36,64
1421,0,36,64
1422,0,36,64
1423,0,35,65
1424,0,35,65
1425,0,35,65
1426,0,35,65
1427,0,35,65
1428,0,35,65
1429,0,35,65
1430,0,35,65
1431,0,35,65
1432,0,35,65
1433,0,35,65
1434,0,35,65
1435,0,35,65
1436,0,35,65
1437,0,35,65
1438,0,35,65
1439,0,35,65
1440,0,35,65
1441,0,35,65
1442,0,35,65
1443,0,35,65
1444,0,35,65
1445,0,35,65
1446,0,35,65
1447,0,35,65
1448,0,35,65
1449,0,35,65
1450,0,35,65
1451,0,35,65
1452,0,35,65
1453,0,35,65
1454,0,35,65
1455,0,35,65
1456,0,35,65
1457,0,34,66
1458,0,34,66
1459,0,34,66
1460,0,34,66
1461,0,34,66
1462,0,34,66
1463,0,34,66
1464,0,34,66
1465,0,34,66
1466,0,34,66
1467,0,34,66
1468,0,34,66
1469,0,34,66
1470,0,34,66
1471,0,34,66
1472,0,34,66
1473,0,34,66
1474,0,34,66
1475,0,34,66
1476,0,34,66
1477,0,34,66
1478,0,34,66
1479,0,34,66
1480,0,34,66
1481,0,33,67
1482,0,33,67
1483,0,33,67
1484,0,33,67
1485,0,33,67
1486,0,33,67
1487,0,33,67
1488,0,33,67
1489,0,33,67
1490,0,33,67
1491,0,33,67
1492,0,32,68
1493,0,32,68
1494,0,32,68
1495,0,32,68
1496,0,32,68
1497,0,32,68
1498,0,32,68
1499,0,32,68
1500,0,32,68
1501,0,32,68
1502,0,32,68
1503,0,32,68
1504,0,32,68
1505,0,32,68
1506,0,32,68
1507,0,32,68
1508,0,32,68
1509,0,32,68
1510,0,32,68
1511,0,32,68
1512,0,32,68
1513,0,32,68
1514,0,32,68
1515,0,32,68
1516,0,32,68
1517,0,31,69
1518,0,31,69
1519,0,31,69
1520,0,31,69
1521,0,31,69
1522,0,31,69
1523,0,31,69
1524,0,31,69
1525,0,31,69
1526,0,31,69
1527,0,30,70
1528,0,30,70
1529,0,30,70
1530,0,30,70
1531,0,30,70
1532,0,30,70
1533,0,30,70
1534,0,30,70
1535,0,30,70
1536,0,30,70
1537,0,30,70
1538,0,30,70
1539,0,30,70
1540,0,30,70
1541,0,29,71
1542,0,29,71
1543,0,29,71
1544,0,29,71
1545,0,28,72
1546,0,27,73
1547,0,27,73
1548,0,27,73
1549,0,27,73
1550,0,27,73
1551,0,27,73
1552,0,27,73
1553,0,27,73
1554,0,27,73
1555,0,27,73
1556,0,27,73
1557,0,27,73
1558,0,27,73
1559,0,27,73
1560,0,27,73
1561,0,27,73
1562,0,27,73
1563,0,27,73
1564,0,27,73
1565,0,27,73
1566,0,27,73
1567,0,27,73
1568,0,27,73
1569,0,27,73
1570,0,27,73
1571,0,26,74
1572,0,26,74
1573,0,26,74
1574,0,26,74
1575,0,26,74
1576,0,26,74
1577,0,26,74
1578,0,26,74
1579,0,26,74
1580,0,26,74
1581,0,26,74
1582,0,26,74
1583,0,26,74
1584,0,26,74
1585,0,26,74
1586,0,26,74
1587,0,26,74
1588,0,26,74
1589,0,26,74
1590,0,26,74
1591,0,26,74
1592,0,26,74
1593,0,26,74
1594,0,26,74
1595,0,26,74
1596,0,26,74
1597,0,26,74
1598,0,26,74
1599,0,25,75
1600,0,25,75
1601,0,25,75
1602,0,24,76
1603,0,24,76
1604,0,23,77
1605,0,23,77
1606,0,23,77
1607,0,23,77
1608,0,23,77
1609,0,23,77
1610,0,23,77
1611,0,23,77
1612,0,22,78
1613,0,22,78
1614,0,22,78
1615,0,22,78
1616,0,22,78
1617,0,22,78
1618,0,22,78
1619,0,22,78
1620,0,22,78
1621,0,22,78
1622,0,22,78
1623,0,22,78
1624,0,22,78
1625,0,22,78
1626,0,22,78
1627,0,22,78
1628,0,21,79
1629,0,21,79
1630,0,21,79
1631,0,21,79
1632,0,21,79
1633,0,21,79
1634,0,21,79
1635,0,21,79
1636,0,21,79
1637,0,21,79
1638,0,21,79
1639,0,21,79
1640,0,21,79
1641,0,21,79
1642,0,21,79
1643,0,21,79
1644,0,21,79
1645,0,21,79
1646,0,21,79
1647,0,21,79
1648,0,21,79
1649,0,21,79
1650,0,21,79
1651,0,21,79
1652,0,21,79
1653,0,21,79
1654,0,21,79
1655,0,21,79
1656,0,21,79
1657,0,21,79
1658,0,21,79
1659,0,21,79
1660,0,21,79
1661,0,21,79
1662,0,21,79
1663,0,21,79
1664,0,21,79
1665,0,21,79
1666,0,21,79
1667,0,21,79
1668,0,21,79
1669,0,21,79
1670,0,21,79
1671,0,21,79
1672,0,21,79
1673,0,21,79
1674,0,21,79
1675,0,21,79
1676,0,21,79
1677,0,21,79
1678,0,21,79
1679,0,21,79
1680,0,21,79
1681,0,20,80
1682,0,20,80
1683,0,20,80
1684,0,20,80
1685,0,20,80
1686,0,20,80
1687,0,20,80
1688,0,20,80
1689,0,20,80
1690,0,20,80
1691,0,20,80
1692,0,20,80
1693,0,20,80
1694,0,20,80
1695,0,20,80
1696,0,20,80
1697,0,20,80
1698,0,20,80
1699,0,20,80
1700,0,20,80
1701,0,20,80
1702,0,20,80
1703,0,20,80
1704,0,20,80
1705,0,20,80
1706,0,20,80
1707,0,20,80
1708,0,20,80
1709,0,20,80
1710,0,20,80
1711,0,20,80
1712,0,20,80
1713,0,20,80
1714,0,20,80
1715,0,20,80
1716,0,20,80
1717,0,20,80
1718,0,20,80
1719,0,20,80
1720,0,20,80
1721,0,20,80
1722,0,20,80
1723,0,20,80
1724,0,20,80
1725,0,20,80
1726,0,20,80
1727,0,20,80
1728,0,20,80
1729,0,20,80
1730,0,20,80
1731,0,20,80
1732,0,20,80
1733,0,20,80
1734,0,20,80
1735,0,20,80
1736,0,20,80
1737,0,20,80
1738,0,20,80
1739,0,20,80
1740,0,20,80
1741,0,20,80
1742,0,20,80
1743,0,20,80
1744,0,20,80
1745,0,20,80
1746,0,20,80
1747,0,20,80
1748,0,20,80
1749,0,20,80
1750,0,20,80
1751,0,20,80
1752,0,20,80
1753,0,20,80
1754,0,20,80
1755,0,20,80
1756,0,20,80
1757,0,20,80
1758,0,20,80
1759,0,20,80
1760,0,20,80
1761,0,20,80
1762,0,20,80
1763,0,20,80
1764,0,20,80
1765,0,20,80
1766,0,20,80
1767,0,20,80
1768,0,20,80
1769,0,20,80
1770,0,20,80
1771,0,20,80
1772,0,20,80
1773,0,20,80
1774,0,20,80
1775,0,20,80
1776,0,20,80
1777,0,20,80
1778,0,20,80
1779,0,20,80
1780,0,20,80
1781,0,20,80
1782,0,20,80
1783,0,20,80
1784,0,20,80
1785,0,20,80
1786,0,20,80
1787,0,20,80
1788,0,19,81
1789,0,19,81
1790,0,19,81
1791,0,19,81
1792,0,19,81
1793,0,19,81
1794,0,19,81
1795,0,19,81
1796,0,19,81
1797,0,19,81
1798,0,19,81
1799,0,19,81
1800,0,19,81
1801,0,19,81
1802,0,18,82
1803,0,18,82
1804,0,18,82
1805,0,18,82
1806,0,18,82
1807,0,18,82
1808,0,18,82
1809,0,18,82
1810,0,18,82
1811,0,18,82
1812,0,18,82
1813,0,18,82
1814,0,18,82
1815,0,18,82
1816,0,18,82
1817,0,18,82
1818,0,18,82
1819,0,18,82
1820,0,17,83
1821,0,17,83
1822,0,17,83
1823,0,17,83
1824,0,17,83
1825,0,17,83
1826,0,17,83
1827,0,17,83
1828,0,17,83
1829,0,17,83
1830,0,17,83
1831,0,17,83
1832,0,17,83
1833,0,17,83
1834,0,17,83
1835,0,17,83
1836,0,17,83
1837,0,17,83
1838,0,17,83
1839,0,17,83
1840,0,17,83
1841,0,17,83
1842,0,16,84
1843,0,16,84
1844,0,16,84
1845,0,16,84
1846,0,16,84
1847,0,16,84
1848,0,15,85
1849,0,15,85
1850,0,15,85
1851,0,15,85
1852,0,15,85
1853,0,15,85
1854,0,15,85
1855,0,14,86
1856,0,14,86
1857,0,14,86
1858,0,14,86
1859,0,14,86
1860,0,14,86
1861,0,14,86
1862,0,14,86
1863,0,14,86
1864,0,14,86
1865,0,14,86
1866,0,14,86
1867,0,14,86
1868,0,14,86
1869,0,14,86
1870,0,14,86
1871,0,13,87
1872,0,13,87
1873,0,13,87
1874,0,13,87
1875,0,13,87
1876,0,13,87
1877,0,13,87
1878,0,13,87
1879,0,13,87
1880,0,13,87
1881,0,13,87
1882,0,13,87
1883,0,13,87
1884,0,13,87
1885,0,13,87
1886,0,13,87
1887,0,13,87
1888,0,13,87
1889,0,13,87
1890,0,13,87
1891,0,13,87
1892,0,13,87
1893,0,13,87
1894,0,13,87
1895,0,13,87
1896,0,13,87
1897,0,13,87
1898,0,13,87
1899,0,13,87
1900,0,13,87
1901,0,13,87
1902,0,13,87
1903,0,13,87
1904,0,13,87
1905,0,13,87
1906,0,13,87
1907,0,13,87
1908,0,13,87
1909,0,13,87
1910,0,13,87
1911,0,13,87
1912,0,13,87
1913,0,13,87
1914,0,13,87
1915,0,13,87
1916,0,13,87
1917,0,13,87
1918,0,13,87
1919,0,13,87
1920,0,13,87
1921,0,13,87
1922,0,13,87
1923,0,13,87
1924,0,13,87
1925,0,13,87
1926,0,13,87
1927,0,13,87
1928,0,13,87
1929,0,13,87
1930,0,13,87
1931,0,13,87
1932,0,13,87
1933,0,13,87
1934,0,13,87
1935,0,13,87
1936,0,13,87
1937,0,13,87
1938,0,13,87
1939,0,13,87
1940,0,13,87
1941,0,13,87
1942,0,13,87
1943,0,13,87
1944,0,13,87
1945,0,13,87
1946,0,13,87
1947,0,13,87
1948,0,13,87
1949,0,13,87
1950,0,13,87
1951,0,12,88
1952,0,12,88
1953,0,12,88
1954,0,12,88
1955,0,12,88
1956,0,12,88
1957,0,12,88
1958,0,12,88
1959,0,12,88
1960,0,12,88
1961,0,12,88
1962,0,12,88
1963,0,12,88
1964,0,11,89
1965,0,11,89
1966,0,11,89
1967,0,11,89
1968,0,11,89
1969,0,11,89
1970,0,11,89
1971,0,11,89
1972,0,11,89
1973,0,11,89
1974,0,11,89
1975,0,11,89
1976,0,11,89
1977,0,11,89
1978,0,11,89
1979,0,11,89
1980,0,11,89
1981,0,11,89
1982,0,11,89
1983,0,11,89
1984,0,11,89
1985,0,11,89
1986,0,11,89
1987,0,11,89
1988,0,11,89
1989,0,11,89
1990,0,11,89
1991,0,10,90
1992,0,10,90
1993,0,10,90
1994,0,10,90
1995,0,10,90
1996,0,10,90
1997,0,10,90
1998,0,10,90
1999,0,10,90
2000,0,10,90
2001,0,10,90
2002,0,10,90
2003,0,10,90
2004,0,10,90
2005,0,10,90
2006,0,10,90
2007,0,10,90
2008,0,10,90
2009,0,10,90
2010,0,10,90
2011,0,10,90
2012,0,10,90
2013,0,10,90
2014,0,10,90
2015,0,10,90
2016,0,10,90
2017,0,10,90
2018,0,10,90
2019,0,10,90
2020,0,10,90
2021,0,10,90
2022,0,10,90
2023,0,10,90
2024,0,10,90
2025,0,10,90
2026,0,10,90
2027,0,10,90
2028,0,10,90
2029,0,10,90
2030,0,10,90
2031,0,10,90
2032,0,10,90
2033,0,10,90
2034,0,10,90
2035,0,10,90
2036,0,10,90
2037,0,10,90
2038,0,10,90
2039,0,10,90
2040,0,10,90
2041,0,10,90
2042,0,10,90
2043,0,10,90
2044,0,10,90
2045,0,10,90
2046,0,10,90
2047,0,10,90
2048,0,10,90
2049,0,10,90
2050,0,10,90
2051,0,10,90
2052,0,10,90
2053,0,10,90
2054,0,10,90
2055,0,10,90
2056,0,10,90
2057,0,10,90
2058,0,10,90
2059,0,10,90
2060,0,10,90
2061,0,10,90
2062,0,10,90
2063,0,10,90
2064,0,10,90
2065,0,10,90
2066,0,10,90
2067,0,10,90
2068,0,10,90
2069,0,10,90
2070,0,10,90
2071,0,10,90
2072,0,10,90
2073,0,10,90
2074,0,10,90
2075,0,10,90
2076,0,10,90
2077,0,10,90
2078,0,10,90
2079,0,10,90
2080,0,10,90
2081,0,10,90
2082,0,10,90
2083,0,10,90
2084,0,10,90
2085,0,10,90
2086,0,10,90
2087,0,9,91
2088,0,9,91
2089,0,9,91
2090,0,9,91
2091,0,9,91
2092,0,9,91
2093,0,9,91
2094,0,9,91
2095,0,9,91
2096,0,9,91
2097,0,9,91
2098,0,9,91
2099,0,9,91
2100,0,9,91
2101,0,9,91
2102,0,9,91
2103,0,9,91
2104,0,9,91
2105,0,9,91
2106,0,9,91
2107,0,9,91
2108,0,9,91
2109,0,9,91
2110,0,9,91
2111,0,9,91
2112,0,9,91
2113,0,9,91
2114,0,9,91
2115,0,9,91
2116,0,9,91
2117,0,9,91
2118,0,9,91
2119,0,9,91
2120,0,9,91
2121,0,9,91
2122,0,9,91
2123,0,9,91
2124,0,9,91
2125,0,9,91
2126,0,9,91
2127,0,9,91
2128,0,9,91
2129,0,9,91
2130,0,9,91
2131,0,9,91
2132,0,9,91
2133,0,9,91
2134,0,9,91
2135,0,9,91
2136,0,9,91
2137,0,9,91
2138,0,9,91
2139,0,9,91
2140,0,9,91
2141,0,9,91
2142,0,9,91
2143,0,9,91
2144,0,9,91
2145,0,9,91
2146,0,9,91
2147,0,9,91
2148,0,9,91
2149,0,9,91
2150,0,9,91
2151,0,9,91
2152,0,9,91
2153,0,9,91
2154,0,9,91
2155,0,9,91
2156,0,9,91
2157,0,9,91
2158,0,9,91
2159,0,9,91
2160,0,9,91
2161,0,9,91
2162,0,9,91
2163,0,9,91
2164,0,9,91
2165,0,9,91
2166,0,9,91
2167,0,9,91
2168,0,9,91
2169,0,9,91
2170,0,9,91
2171,0,9,91
2172,0,9,91
2173,0,9,91
2174,0,9,91
2175,0,9,91
2176,0,9,91
2177,0,9,91
2178,0,9,91
2179,0,9,91
2180,0,9,91
2181,0,9,91
2182,0,9,91
2183,0,9,91
2184,0,9,91
2185,0,9,91
2186,0,9,91
2187,0,9,91
2188,0,9,91
2189,0,9,91
2190,0,9,91
2191,0,9,91
2192,0,9,91
2193,0,9,91
2194,0,9,91
2195,0,9,91
2196,0,9,91
2197,0,9,91
2198,0,9,91
2199,0,9,91
2200,0,9,91
2201,0,9,91
2202,0,9,91
2203,0,9,91
2204,0,9,91
2205,0,9,91
2206,0,9,91
2207,0,9,91
2208,0,9,91
2209,0,9,91
2210,0,9,91
2211,0,9,91
2212,0,9,91
2213,0,9,91
2214,0,9,91
2215,0,9,91
2216,0,9,91
2217,0,9,91
2218,0,9,91
2219,0,9,91
2220,0,9,91
2221,0,9,91
2222,0,9,91
2223,0,9,91
2224,0,9,91
2225,0,9,91
2226,0,9,91
2227,0,9,91
2228,0,9,91
2229,0,9,91
2230,0,9,91
2231,0,9,91
2232,0,9,91
2233,0,9,91
2234,0,9,91
2235,0,9,91
2236,0,9,91
2237,0,9,91
2238,0,9,91
2239,0,9,91
2240,0,9,91
2241,0,9,91
2242,0,9,91
2243,0,9,91
2244,0,9,91
2245,0,9,91
2246,0,9,91
2247,0,9,91
2248,0,9,91
2249,0,9,91
2250,0,9,91
2251,0,9,91
2252,0,9,91
2253,0,9,91
2254,0,9,91
2255,0,9,91
2256,0,9,91
2257,0,9,91
2258,0,9,91
2259,0,9,91
2260,0,9,91
2261,0,9,91
2262,0,9,91
2263,0,9,91
2264,0,9,91
2265,0,9,91
2266,0,9,91
2267,0,9,91
2268,0,9,91
2269,0,9,91
2270,0,9,91
2271,0,9,91
2272,0,9,91
2273,0,9,91
2274,0,9,91
2275,0,9,91
2276,0,9,91
2277,0,9,91
2278,0,9,91
2279,0,9,91
2280,0,9,91
2281,0,9,91
2282,0,9,91
2283,0,9,91
2284,0,9,91
2285,0,9,91
2286,0,9,91
2287,0,9,91
2288,0,9,91
2289,0,9,91
2290,0,9,91
2291,0,9,91
2292,0,9,91
2293,0,9,91
2294,0,9,91
2295,0,9,91
2296,0,9,91
2297,0,9,91
2298,0,9,91
2299,0,9,91
2300,0,9,91
2301,0,9,91
2302,0,9,91
2303,0,8,92
2304,0,8,92
2305,0,8,92
2306,0,8,92
2307,0,8,92
2308,0,8,92
2309,0,8,92
2310,0,8,92
2311,0,8,92
2312,0,8,92
2313,0,8,92
2314,0,8,92
2315,0,8,92
2316,0,8,92
2317,0,8,92
2318,0,8,92
2319,0,8,92
2320,0,8,92
2321,0,8,92
2322,0,8,92
2323,0,8,92
2324,0,8,92
2325,0,8,92
2326,0,8,92
2327,0,8,92
2328,0,8,92
2329,0,8,92
2330,0,8,92
2331,0,8,92
2332,0,8,92
2333,0,8,92
2334,0,8,92
2335,0,8,92
2336,0,8,92
2337,0,8,92
2338,0,8,92
2339,0,8,92
2340,0,8,92
2341,0,8,92
2342,0,8,92
2343,0,8,92
2344,0,8,92
2345,0,8,92
2346,0,8,92
2347,0,8,92
2348,0,8,92
2349,0,8,92
2350,0,8,92
2351,0,8,92
2352,0,8,92
2353,0,8,92
2354,0,8,92
2355,0,8,92
2356,0,8,92
2357,0,8,92
2358,0,8,92
2359,0,8,92
2360,0,8,92
2361,0,8,92
2362,0,8,92
2363,0,8,92
2364,0,8,92
2365,0,8,92
2366,0,8,92
2367,0,8,92
2368,0,8,92
2369,0,8,92
2370,0,8,92
2371,0,8,92
2372,0,8,92
2373,0,8,92
2374,0,8,92
2375,0,8,92
2376,0,8,92
2377,0,8,92
2378,0,8,92
2379,0,8,92
2380,0,7,93
2381,0,7,93
2382,0,7,93
2383,0,7,93
2384,0,7,93
2385,0,7,93
2386,0,7,93
2387,0,7,93
2388,0,7,93
2389,0,7,93
2390,0,7,93
2391,0,7,93
2392,0,7,93
2393,0,7,93
2394,0,7,93
2395,0,7,93
2396,0,7,93
2397,0,7,93
2398,0,7,93
2399,0,7,93
2400,0,7,93
2401,0,7,93
2402,0,7,93
2403,0,7,93
2404,0,7,93
2405,0,7,93
2406,0,7,93
2407,0,7,93
2408,0,7,93
2409,0,7,93
2410,0,7,93
2411,0,7,93
2412,0,7,93
2413,0,6,94
2414,0,6,94
2415,0,6,94
2416,0,6,94
2417,0,6,94
2418,0,6,94
2419,0,6,94
2420,0,6,94
2421,0,6,94
2422,0,6,94
2423,0,6,94
2424,0,6,94
2425,0,6,94
2426,0,6,94
2427,0,6,94
2428,0,6,94
2429,0,6,94
2430,0,6,94
2431,0,6,94
2432,0,6,94
2433,0,6,94
2434,0,6,94
2435,0,6,94
2436,0,6,94
2437,0,6,94
2438,0,6,94
2439,0,6,94
2440,0,6,94
2441,0,6,94
2442,0,6,94
2443,0,6,94
2444,0,6,94
2445,0,6,94
2446,0,6,94
2447,0,6,94
2448,0,6,94
2449,0,6,94
2450,0,6,94
2451,0,6,94
2452,0,6,94
2453,0,6,94
2454,0,6,94
2455,0,6,94
2456,0,6,94
2457,0,6,94
2458,0,6,94
2459,0,6,94
2460,0,6,94
2461,0,6,94
2462,0,6,94
2463,0,6,94
2464,0,6,94
2465,0,6,94
2466,0,6,94
2467,0,6,94
2468,0,6,94
2469,0,6,94
2470,0,6,94
2471,0,6,94
2472,0,6,94
2473,0,6,94
2474,0,6,94
2475,0,6,94
2476,0,6,94
2477,0,6,94
2478,0,6,94
2479,0,6,94
2480,0,6,94
2481,0,6,94
2482,0,6,94
2483,0,6,94
2484,0,6,94
2485,0,6,94
2486,0,6,94
2487,0,6,94
2488,0,6,94
2489,0,6,94
2490,0,6,94
2491,0,6,94
2492,0,6,94
2493,0,6,94
2494,0,6,94
2495,0,6,94
2496,0,6,94
2497,0,6,94
2498,0,6,94
2499,0,6,94
2500,0,6,94
2501,0,6,94
2502,0,6,94
2503,0,6,94
2504,0,5,95
2505,0,5,95
2506,0,5,95
2507,0,5,95
2508,0,5,95
2509,0,5,95
2510,0,5,95
2511,0,5,95
2512,0,5,95
2513,0,5,95
2514,0,5,95
2515,0,5,95
2516,0,5,95
2517,0,5,95
2518,0,5,95
2519,0,5,95
2520,0,5,95
2521,0,5,95
2522,0,5,95
2523,0,5,95
2524,0,5,95
2525,0,5,95
2526,0,5,95
2527,0,5,95
2528,0,5,95
2529,0,5,95
2530,0,5,95
2531,0,5,95
2532,0,5,95
2533,0,5,95
2534,0,5,95
2535,0,5,95
2536,0,5,95
2537,0,5,95
2538,0,5,95
2539,0,5,95
2540,0,5,95
2541,0,5,95
2542,0,5,95
2543,0,5,95
2544,0,5,95
2545,0,5,95
2546,0,5,95
2547,0,5,95
2548,0,5,95
2549,0,5,95
2550,0,5,95
2551,0,5,95
2552,0,5,95
2553,0,5,95
2554,0,5,95
2555,0,5,95
2556,0,5,95
2557,0,5,95
2558,0,5,95
2559,0,5,95
2560,0,5,95
2561,0,5,95
2562,0,5,95
2563,0,5,95
2564,0,5,95
2565,0,5,95
2566,0,5,95
2567,0,5,95
2568,0,5,95
2569,0,5,95
2570,0,5,95
2571,0,5,95
2572,0,5,95
2573,0,5,95
2574,0,5,95
2575,0,5,95
2576,0,5,95
2577,0,5,95
2578,0,5,95
2579,0,5,95
2580,0,5,95
2581,0,5,95
2582,0,5,95
2583,0,5,95
2584,0,5,95
2585,0,5,95
2586,0,5,95
2587,0,5,95
2588,0,5,95
2589,0,5,95
2590,0,5,95
2591,0,5,95
2592,0,5,95
2593,0,5,95
2594,0,5,95
2595,0,5,95
2596,0,5,95
2597,0,5,95
2598,0,5,95
2599,0,5,95
2600,0,5,95
2601,0,5,95
2602,0,5,95
2603,0,5,95
2604,0,5,95
2605,0,5,95
2606,0,5,95
2607,0,5,95
2608,0,5,95
2609,0,5,95
2610,0,5,95
2611,0,5,95
2612,0,5,95
2613,0,5,95
2614,0,5,95
2615,0,5,95
2616,0,5,95
2617,0,5,95
2618,0,4,96
2619,0,4,96
2620,0,4,96
2621,0,4,96
2622,0,4,96
2623,0,4,96
2624,0,4,96
2625,0,4,96
2626,0,4,96
2627,0,4,96
2628,0,4,96
2629,0,4,96
2630,0,4,96
2631,0,4,96
2632,0,4,96
2633,0,4,96
2634,0,4,96
2635,0,4,96
2636,0,4,96
2637,0,4,96
2638,0,4,96
2639,0,4,96
2640,0,4,96
2641,0,4,96
2642,0,4,96
2643,0,4,96
2644,0,4,96
2645,0,4,96
2646,0,4,96
2647,0,4,96
2648,0,4,96
2649,0,4,96
2650,0,4,96
2651,0,4,96
2652,0,4,96
2653,0,4,96
2654,0,4,96
2655,0,4,96
2656,0,4,96
2657,0,4,96
2658,0,4,96
2659,0,4,96
2660,0,4,96
2661,0,4,96
2662,0,4,96
2663,0,4,96
2664,0,4,96
2665,0,4,96
2666,0,4,96
2667,0,4,96
2668,0,4,96
2669,0,4,96
2670,0,4,96
2671,0,4,96
2672,0,4,96
2673,0,4,96
2674,0,4,96
2675,0,4,96
2676,0,4,96
2677,0,4,96
2678,0,4,96
2679,0,4,96
2680,0,4,96
2681,0,4,96
2682,0,4,96
2683,0,4,96
2684,0,4,96
2685,0,4,96
2686,0,4,96
2687,0,4,96
2688,0,4,96
2689,0,4,96
2690,0,4,96
2691,0,4,96
2692,0,4,96
2693,0,4,96
2694,0,4,96
2695,0,4,96
2696,0,4,96
2697,0,4,96
2698,0,4,96
2699,0,4,96
2700,0,4,96
2701,0,4,96
2702,0,4,96
2703,0,4,96
2704,0,4,96
2705,0,4,96
2706,0,4,96
2707,0,4,96
2708,0,4,96
2709,0,4,96
2710,0,4,96
2711,0,4,96
2712,0,4,96
2713,0,4,96
2714,0,4,96
2715,0,4,96
2716,0,4,96
2717,0,4,96
2718,0,4,96
2719,0,4,96
2720,0,4,96
2721,0,4,96
2722,0,4,96
2723,0,4,96
2724,0,4,96
2725,0,4,96
2726,0,4,96
2727,0,3,97
2728,0,3,97
2729,0,3,97
2730,0,3,97
2731,0,3,97
2732,0,3,97
2733,0,3,97
2734,0,3,97
2735,0,3,97
2736,0,3,97
2737,0,3,97
2738,0,3,97
2739,0,3,97
2740,0,3,97
2741,0,3,97
2742,0,3,97
2743,0,3,97
2744,0,3,97
2745,0,3,97
2746,0,3,97
2747,0,3,97
2748,0,3,97
2749,0,3,97
2750,0,3,97
2751,0,3,97
2752,0,3,97
2753,0,3,97
2754,0,3,97
2755,0,3,97
2756,0,3,97
2757,0,3,97
2758,0,3,97
2759,0,3,97
2760,0,3,97
2761,0,3,97
2762,0,3,97
2763,0,3,97
2764,0,3,97
2765,0,3,97
2766,0,3,97
2767,0,3,97
2768,0,3,97
2769,0,3,97
2770,0,3,97
2771,0,3,97
2772,0,3,97
2773,0,3,97
2774,0,3,97
2775,0,3,97
2776,0,3,97
2777,0,3,97
2778,0,3,97
2779,0,3,97
2780,0,3,97
2781,0,3,97
2782,0,3,97
2783,0,3,97
2784,0,3,97
2785,0,3,97
2786,0,3,97
2787,0,3,97
2788,0,3,97
2789,0,3,97
2790,0,3,97
2791,0,3,97
2792,0,3,97
2793,0,3,97
2794,0,3,97
2795,0,3,97
2796,0,3,97
2797,0,3,97
2798,0,3,97
2799,0,3,97
2800,0,3,97
2801,0,3,97
2802,0,3,97
2803,0,3,97
2804,0,3,97
2805,0,3,97
2806,0,3,97
2807,0,3,97
2808,0,3,97
2809,0,3,97
2810,0,3,97
2811,0,3,97
2812,0,3,97
2813,0,3,97
2814,0,3,97
2815,0,3,97
2816,0,3,97
2817,0,3,97
2818,0,3,97
2819,0,3,97
2820,0,3,97
2821,0,3,97
2822,0,3,97
2823,0,3,97
2824,0,3,97
2825,0,3,97
2826,0,3,97
2827,0,3,97
2828,0,3,97
2829,0,3,97
2830,0,3,97
2831,0,3,97
2832,0,3,97
2833,0,3,97
2834,0,3,97
2835,0,3,97
2836,0,3,97
2837,0,3,97
2838,0,3,97
2839,0,3,97
2840,0,3,97
2841,0,3,97
2842,0,3,97
2843,0,3,97
2844,0,3,97
2845,0,3,97
2846,0,3,97
2847,0,3,97
2848,0,3,97
2849,0,3,97
2850,0,3,97
2851,0,3,97
2852,0,3,97
2853,0,3,97
2854,0,3,97
2855,0,3,97
2856,0,3,97
2857,0,3,97
2858,0,3,97
2859,0,3,97
2860,0,3,97
2861,0,3,97
2862,0,3,97
2863,0,3,97
2864,0,3,97
2865,0,3,97
2866,0,3,97
2867,0,3,97
2868,0,3,97
2869,0,3,97
2870,0,3,97
2871,0,3,97
2872,0,3,97
2873,0,3,97
2874,0,3,97
2875,0,3,97
2876,0,3,97
2877,0,3,97
2878,0,3,97
2879,0,3,97
2880,0,3,97
2881,0,3,97
2882,0,3,97
2883,0,3,97
2884,0,3,97
2885,0,3,97
2886,0,3,97
2887,0,3,97
2888,0,3,97
2889,0,3,97
2890,0,3,97
2891,0,3,97
2892,0,3,97
2893,0,3,97
2894,0,3,97
2895,0,3,97
2896,0,3,97
2897,0,3,97
2898,0,3,97
2899,0,3,97
2900,0,3,97
2901,0,3,97
2902,0,3,97
2903,0,3,97
2904,0,3,97
2905,0,3,97
2906,0,3,97
2907,0,3,97
2908,0,3,97
2909,0,3,97
2910,0,3,97
2911,0,3,97
2912,0,3,97
2913,0,3,97
2914,0,3,97
2915,0,3,97
2916,0,3,97
2917,0,3,97
2918,0,3,97
2919,0,3,97
2920,0,3,97
2921,0,3,97
2922,0,3,97
2923,0,3,97
2924,0,3,97
2925,0,3,97
2926,0,3,97
2927,0,3,97
2928,0,3,97
2929,0,3,97
2930,0,3,97
2931,0,3,97
2932,0,3,97
2933,0,3,97
2934,0,3,97
2935,0,3,97
2936,0,3,97
2937,0,3,97
2938,0,3,97
2939,0,3,97
2940,0,3,97
2941,0,3,97
2942,0,3,97
2943,0,3,97
2944,0,3,97
2945,0,3,97
2946,0,3,97
2947,0,3,97
2948,0,3,97
2949,0,3,97
2950,0,3,97
2951,0,3,97
2952,0,3,97
2953,0,3,97
2954,0,3,97
2955,0,3,97
2956,0,3,97
2957,0,3,97
2958,0,3,97
2959,0,3,97
2960,0,3,97
2961,0,3,97
2962,0,3,97
2963,0,3,97
2964,0,3,97
2965,0,3,97
2966,0,3,97
2967,0,3,97
2968,0,3,97
2969,0,3,97
2970,0,3,97
2971,0,3,97
2972,0,3,97
2973,0,3,97
2974,0,3,97
2975,0,3,97
2976,0,3,97
2977,0,3,97
2978,0,3,97
2979,0,3,97
2980,0,3,97
2981,0,3,97
2982,0,3,97
2983,0,3,97
2984,0,3,97
2985,0,3,97
2986,0,3,97
2987,0,3,97
2988,0,3,97
2989,0,3,97
2990,0,3,97
2991,0,3,97
2992,0,3,97
2993,0,3,97
2994,0,3,97
2995,0,3,97
2996,0,3,97
2997,0,3,97
2998,0,3,97
2999,0,3,97
3000,0,3,97
