Time,Healthy,Undetectable,Detectable
0,97,3,0
1,97,3,0
2,97,3,0
3,97,3,0
4,97,3,0
5,97,3,0
6,97,3,0
7,97,3,0
8,97,3,0
9,97,3,0
10,97,3,0
11,97,3,0
12,97,3,0
13,97,3,0
14,97,3,0
15,97,3,0
16,97,3,0
17,97,3,0
18,97,3,0
19,97,3,0
20,97,3,0
21,97,3,0
22,97,3,0
23,97,3,0
24,97,3,0
25,97,3,0
26,97,3,0
27,97,3,0
28,97,3,0
29,97,3,0
30,97,3,0
31,97,3,0
32,97,3,0
33,97,3,0
34,97,3,0
35,97,3,0
36,97,3,0
37,97,3,0
38,97,3,0
39,97,3,0
40,97,3,0
41,97,3,0
42,97,3,0
43,97,3,0
44,97,3,0
45,97,3,0
46,97,3,0
47,97,3,0
48,97,3,0
49,97,3,0
50,97,3,0
51,97,3,0
52,97,3,0
53,97,3,0
54,97,3,0
55,97,3,0
56,97,3,0
57,97,3,0
58,97,3,0
59,97,3,0
60,97,3,0
61,97,3,0
62,97,3,0
63,97,3,0
64,97,3,0
65,97,3,0
66,97,3,0
67,97,3,0
68,97,3,0
69,97,3,0
70,97,3,0
71,97,3,0
72,97,3,0
73,97,3,0
74,97,3,0
75,97,3,0
76,97,3,0
77,97,3,0
78,97,3,0
79,97,3,0
80,97,3,0
81,97,3,0
82,97,3,0
83,97,3,0
84,97,3,0
85,97,3,0
86,97,3,0
87,97,3,0
88,97,3,0
89,97,3,0
90,97,3,0
91,97,3,0
92,97,3,0
93,97,3,0
94,97,3,0
95,97,3,0
96,97,3,0
97,97,3,0
98,97,3,0
99,97,3,0
100,97,3,0
101,97,3,0
102,97,3,0
103,97,3,0
104,97,3,0
105,97,3,0
106,97,3,0
107,97,3,0
108,97,3,0
109,97,3,0
110,97,3,0
111,97,3,0
112,97,3,0
113,97,3,0
114,97,3,0
115,97,3,0
116,97,3,0
117,97,3,0
118,97,3,0
119,97,3,0
120,97,3,0
121,97,3,0
122,97,3,0
123,97,3,0
124,97,3,0
125,97,3,0
126,97,3,0
127,97,3,0
128,97,3,0
129,97,3,0
130,97,3,0
131,97,3,0
132,97,3,0
133,97,3,0
134,97,3,0
135,97,3,0
136,97,3,0
137,97,3,0
138,97,3,0
139,97,3,0
140,97,3,0
141,97,3,0
142,97,3,0
143,97,3,0
144,97,3,0
145,97,3,0
146,97,3,0
147,97,3,0
148,97,3,0
149,97,3,0
150,97,3,0
151,97,3,0
152,97,3,0
153,97,3,0
154,97,3,0
155,97,3,0
156,97,3,0
157,97,3,0
158,97,3,0
159,97,3,0
160,97,3,0
161,97,3,0
162,97,3,0
163,97,3,0
164,97,3,0
165,97,3,0
166,97,3,0
167,97,3,0
168,97,3,0
169,97,3,0
170,97,3,0
171,97,3,0
172,97,3,0
173,97,3,0
174,97,3,0
175,97,3,0
176,97,3,0
177,97,3,0
178,97,3,0
179,97,3,0
180,97,3,0
181,97,3,0
182,97,3,0
183,97,3,0
184,97,3,0
185,97,3,0
186,97,3,0
187,97,3,0
188,97,3,0
189,97,3,0
190,97,3,0
191,97,3,0
192,97,3,0
193,97,3,0
194,97,3,0
195,97,3,0
196,97,3,0
197,97,3,0
198,97,3,0
199,97,3,0
200,97,3,0
201,97,3,0
202,97,3,0
203,97,3,0
204,97,3,0
205,97,3,0
206,97,3,0
207,97,3,0
208,97,3,0
209,97,3,0
210,97,3,0
211,97,3,0
212,97,3,0
213,97,3,0
214,97,3,0
215,97,3,0
216,97,3,0
217,97,3,0
218,97,3,0
219,97,3,0
220,97,3,0
221,97,3,0
222,97,3,0
223,97,3,0
224,97,3,0
225,97,3,0
226,97,3,0
227,97,3,0
228,97,3,0
229,97,3,0
230,97,3,0
231,97,3,0
232,97,3,0
233,97,3,0
234,97,3,0
235,97,3,0
236,97,3,0
237,97,3,0
238,97,3,0
239,97,3,0
240,97,3,0
241,97,3,0
242,97,3,0
243,97,3,0
244,97,3,0
245,97,3,0
246,97,2,1
247,97,2,1
248,97,2,1
249,97,2,1
250,97,2,1
251,97,2,1
252,97,2,1
253,97,2,1
254,97,2,1
255,97,2,1
256,97,2,1
257,97,2,1
258,97,2,1
259,97,2,1
260,97,2,1
261,97,2,1
262,97,2,1
263,97,2,1
264,97,2,1
265,97,2,1
266,97,2,1
267,97,2,1
268,97,2,1
269,97,2,1
270,97,2,1
271,97,2,1
272,97,2,1
273,97,2,1
274,97,2,1
275,97,2,1
276,97,2,1
277,97,2,1
278,97,2,1
279,97,2,1
280,97,2,1
281,97,2,1
282,97,2,1
283,97,2,1
284,97,2,1
285,97,2,1
286,97,2,1
287,97,2,1
288,97,2,1
289,97,2,1
290,97,2,1
291,97,2,1
292,97,2,1
293,97,2,1
294,97,2,1
295,97,2,1
296,97,2,1
297,97,2,1
298,97,2,1
299,97,2,1
300,97,2,1
301,97,2,1
302,97,2,1
303,97,2,1
304,97,2,1
305,97,2,1
306,96,3,1
307,96,3,1
308,96,3,1
309,96,3,1
310,96,3,1
311,96,3,1
312,96,3,1
313,96,3,1
314,96,3,1
315,96,3,1
316,96,3,1
317,96,3,1
318,96,3,1
319,96,3,1
320,96,3,1
321,96,3,1
322,96,3,1
323,96,3,1
324,96,3,1
325,96,3,1
326,96,3,1
327,96,3,1
328,96,3,1
329,96,3,1
330,96,3,1
331,96,3,1
332,96,3,1
333,96,3,1
334,96,3,1
335,96,3,1
336,96,3,1
337,96,3,1
338,96,3,1
339,96,3,1
340,96,3,1
341,96,3,1
342,96,3,1
343,96,3,1
344,96,3,1
345,96,3,1
346,96,3,1
347,96,3,1
348,96,3,1
349,96,3,1
350,96,3,1
351,96,3,1
352,96,3,1
353,96,3,1
354,96,3,1
355,96,3,1
356,96,3,1
357,96,3,1
358,96,3,1
359,96,3,1
360,96,3,1
361,96,3,1
362,96,3,1
363,96,3,1
364,96,3,1
365,96,3,1
366,96,3,1
367,96,3,1
368,96,3,1
369,96,3,1
370,96,3,1
371,96,3,1
372,96,3,1
373,96,3,1
374,96,3,1
375,96,3,1
376,96,3,1
377,96,3,1
378,96,3,1
379,96,3,1
380,96,3,1
381,96,3,1
382,96,3,1
383,96,3,1
384,96,3,1
385,96,3,1
386,96,3,1
387,96,3,1
388,96,3,1
389,96,3,1
390,96,3,1
391,96,3,1
392,96,3,1
393,96,3,1
394,96,3,1
395,96,3,1
396,96,3,1
397,96,3,1
398,96,3,1
399,96,3,1
400,96,3,1
401,96,3,1
402,96,3,1
403,96,3,1
404,96,3,1
405,96,3,1
406,96,3,1
407,96,3,1
408,96,3,1
409,96,3,1
410,96,3,1
411,96,3,1
412,96,3,1
413,96,3,1
414,96,3,1
415,96,3,1
416,96,3,1
417,96,3,1
418,96,3,1
419,95,4,1
420,95,4,1
421,95,4,1
422,95,4,1
423,95,4,1
424,95,4,1
425,95,4,1
426,95,4,1
427,95,4,1
428,95,4,1
429,95,4,1
430,95,4,1
431,95,4,1
432,95,4,1
433,95,4,1
434,95,4,1
435,95,4,1
436,95,4,1
437,95,4,1
438,95,4,1
439,95,4,1
440,95,4,1
441,95,4,1
442,95,4,1
443,95,4,1
444,95,4,1
445,95,4,1
446,95,4,1
447,95,4,1
448,95,4,1
449,95,4,1
450,95,4,1
451,95,4,1
452,95,4,1
453,95,4,1
454,95,4,1
455,95,4,1
456,95,4,1
457,95,4,1
458,95,4,1
459,94,5,1
460,94,5,1
461,94,5,1
462,94,5,1
463,94,5,1
464,94,5,1
465,94,5,1
466,94,5,1
467,94,5,1
468,94,5,1
469,94,5,1
470,94,5,1
471,94,5,1
472,94,5,1
473,94,5,1
474,93,6,1
475,93,6,1
476,93,6,1
477,93,6,1
478,93,6,1
479,93,6,1
480,93,6,1
481,93,6,1
482,93,6,1
483,93,6,1
484,93,6,1
485,93,6,1
486,93,6,1
487,93,6,1
488,93,6,1
489,93,6,1
490,93,6,1
491,93,6,1
492,93,6,1
493,93,6,1
494,93,6,1
495,93,6,1
496,93,6,1
497,93,6,1
498,93,6,1
499,93,6,1
500,93,6,1
501,93,6,1
502,93,6,1
503,93,6,1
504,93,6,1
505,93,6,1
506,93,6,1
507,93,6,1
508,93,6,1
509,91,8,1
510,91,8,1
511,91,8,1
512,91,8,1
513,91,8,1
514,91,8,1
515,91,8,1
516,91,8,1
517,91,8,1
518,91,8,1
519,91,8,1
520,91,8,1
521,91,8,1
522,91,8,1
523,91,8,1
524,91,8,1
525,91,8,1
526,91,8,1
527,91,8,1
528,91,8,1
529,91,8,1
530,91,8,1
531,91,8,1
532,91,8,1
533,91,7,2
534,91,7,2
535,91,7,2
536,91,7,2
537,91,7,2
538,91,7,2
539,91,7,2
540,91,6,3
541,91,6,3
542,91,6,3
543,91,6,3
544,91,6,3
545,91,6,3
546,91,6,3
547,91,6,3
548,90,7,3
549,90,7,3
550,90,7,3
551,90,7,3
552,90,7,3
553,90,7,3
554,90,7,3
555,90,7,3
556,90,7,3
557,90,7,3
558,90,7,3
559,90,7,3
560,90,7,3
561,90,7,3
562,90,7,3
563,90,7,3
564,90,7,3
565,90,7,3
566,90,7,3
567,90,7,3
568,90,7,3
569,90,7,3
570,90,7,3
571,90,7,3
572,90,6,4
573,90,6,4
574,90,6,4
575,90,6,4
576,90,6,4
577,90,6,4
578,90,6,4
579,90,6,4
580,90,6,4
581,90,6,4
582,90,6,4
583,90,6,4
584,90,6,4
585,90,6,4
586,90,6,4
587,90,6,4
588,90,6,4
589,90,6,4
590,90,6,4
591,90,6,4
592,90,6,4
593,90,6,4
594,90,6,4
595,90,6,4
596,90,6,4
597,90,6,4
598,90,6,4
599,90,6,4
600,90,6,4
601,90,6,4
602,90,6,4
603,90,6,4
604,90,6,4
605,90,6,4
606,90,6,4
607,90,6,4
608,90,6,4
609,90,6,4
610,90,6,4
611,89,7,4
612,89,7,4
613,89,7,4
614,89,7,4
615,89,7,4
616,89,7,4
617,88,8,4
618,88,8,4
619,88,8,4
620,88,8,4
621,88,7,5
622,88,7,5
623,88,7,5
624,88,7,5
625,88,7,5
626,87,8,5
627,87,8,5
628,87,8,5
629,87,8,5
630,87,8,5
631,87,8,5
632,87,8,5
633,87,8,5
634,86,9,5
635,86,9,5
636,86,9,5
637,86,8,6
638,86,8,6
639,86,8,6
640,86,8,6
641,86,8,6
642,86,8,6
643,86,8,6
644,86,8,6
645,86,8,6
646,86,8,6
647,86,8,6
648,86,8,6
649,86,8,6
650,86,8,6
651,86,8,6
652,86,8,6
653,86,8,6
654,85,9,6
655,85,9,6
656,85,9,6
657,85,9,6
658,85,9,6
659,85,9,6
660,85,9,6
661,85,9,6
662,85,9,6
663,85,9,6
664,85,9,6
665,85,9,6
666,85,9,6
667,85,9,6
668,85,9,6
669,85,9,6
670,85,9,6
671,85,9,6
672,85,9,6
673,85,9,6
674,85,9,6
675,85,9,6
676,85,9,6
677,85,9,6
678,85,9,6
679,85,9,6
680,85,9,6
681,85,9,6
682,85,9,6
683,85,9,6
684,85,9,6
685,85,9,6
686,85,9,6
687,85,9,6
688,85,9,6
689,84,10,6
690,84,10,6
691,84,10,6
692,83,11,6
693,83,11,6
694,83,11,6
695,83,11,6
696,83,11,6
697,83,11,6
698,83,11,6
699,83,11,6
700,83,11,6
701,83,11,6
702,83,11,6
703,83,11,6
704,83,11,6
705,83,11,6
706,83,11,6
707,83,11,6
708,83,11,6
709,83,11,6
710,83,11,6
711,83,11,6
712,83,11,6
713,83,11,6
714,83,11,6
715,83,11,6
716,83,11,6
717,83,11,6
718,83,10,7
719,83,10,7
720,83,10,7
721,83,10,7
722,83,10,7
723,83,10,7
724,83,10,7
725,83,10,7
726,83,10,7
727,83,10,7
728,83,9,8
729,83,9,8
730,83,9,8
731,83,9,8
732,83,9,8
733,83,9,8
734,83,9,8
735,83,9,8
736,83,9,8
737,83,9,8
738,82,10,8
739,82,10,8
740,82,10,8
741,82,10,8
742,82,10,8
743,82,10,8
744,82,10,8
745,81,11,8
746,81,11,8
747,81,11,8
748,81,11,8
749,80,12,8
750,80,12,8
751,80,12,8
752,80,12,8
753,79,13,8
754,79,12,9
755,79,12,9
756,79,12,9
757,79,12,9
758,79,12,9
759,79,12,9
760,78,13,9
761,78,13,9
762,78,13,9
763,78,13,9
764,78,13,9
765,78,13,9
766,78,13,9
767,78,13,9
768,78,13,9
769,78,13,9
770,77,14,9
771,77,14,9
772,77,14,9
773,77,14,9
774,77,14,9
775,76,15,9
776,76,15,9
777,76,15,9
778,76,15,9
779,76,15,9
780,76,15,9
781,76,15,9
782,76,15,9
783,76,15,9
784,76,15,9
785,76,15,9
786,76,15,9
787,76,15,9
788,76,15,9
789,76,15,9
790,76,15,9
791,76,15,9
792,75,16,9
793,75,16,9
794,73,18,9
795,73,18,9
796,73,18,9
797,72,19,9
798,72,19,9
799,72,19,9
800,72,19,9
801,72,19,9
802,72,19,9
803,72,19,9
804,72,19,9
805,72,19,9
806,71,20,9
807,71,20,9
808,71,20,9
809,71,20,9
810,71,20,9
811,71,20,9
812,71,20,9
813,71,20,9
814,71,20,9
815,71,20,9
816,71,20,9
817,71,20,9
818,71,19,10
819,71,19,10
820,71,19,10
821,71,19,10
822,71,19,10
823,71,19,10
824,71,19,10
825,71,19,10
826,71,19,10
827,71,19,10
828,71,19,10
829,71,19,10
830,71,19,10
831,71,19,10
832,71,19,10
833,70,20,10
834,70,20,10
835,70,20,10
836,70,20,10
837,70,20,10
838,70,20,10
839,69,21,10
840,68,22,10
841,67,23,10
842,67,23,10
843,67,23,10
844,67,23,10
845,67,23,10
846,67,23,10
847,67,23,10
848,67,23,10
849,67,23,10
850,67,23,10
851,67,23,10
852,67,23,10
853,67,23,10
854,67,23,10
855,66,24,10
856,66,24,10
857,66,24,10
858,66,24,10
859,66,24,10
860,66,24,10
861,65,25,10
862,65,25,10
863,64,26,10
864,63,27,10
865,63,27,10
866,63,27,10
867,63,27,10
868,62,28,10
869,62,28,10
870,62,28,10
871,62,27,11
872,62,27,11
873,62,27,11
874,61,28,11
875,61,28,11
876,60,29,11
877,60,29,11
878,59,30,11
879,59,30,11
880,59,30,11
881,59,30,11
882,58,31,11
883,58,31,11
884,58,31,11
885,58,31,11
886,58,31,11
887,58,31,11
888,58,31,11
889,58,31,11
890,57,32,11
891,57,32,11
892,57,32,11
893,57,32,11
894,57,32,11
895,57,32,11
896,57,32,11
897,57,32,11
898,57,32,11
899,57,32,11
900,57,32,11
901,57,32,11
902,57,32,11
903,57,32,11
904,57,32,11
905,57,32,11
906,57,32,11
907,57,32,11
908,57,32,11
909,56,32,12
910,56,32,12
911,56,32,12
912,56,32,12
913,56,32,12
914,56,32,12
915,56,31,13
916,56,31,13
917,56,31,13
918,56,31,13
919,55,32,13
920,55,32,13
921,55,32,13
922,55,32,13
923,55,32,13
924,55,32,13
925,55,32,13
926,55,32,13
927,55,32,13
928,55,32,13
929,55,32,13
930,55,32,13
931,55,32,13
932,54,33,13
933,54,33,13
934,54,33,13
935,54,33,13
936,54,33,13
937,53,34,13
938,52,35,13
939,52,35,13
940,52,35,13
941,52,35,13
942,52,35,13
943,52,35,13
944,52,35,13
945,52,35,13
946,52,35,13
947,52,35,13
948,52,35,13
949,52,35,13
950,52,35,13
951,52,35,13
952,52,35,13
953,52,35,13
954,52,35,13
955,52,35,13
956,51,36,13
957,51,36,13
958,51,36,13
959,50,37,13
960,50,37,13
961,50,37,13
962,50,37,13
963,50,37,13
964,50,36,14
965,50,36,14
966,50,36,14
967,50,36,14
968,50,36,14
969,50,36,14
970,50,36,14
971,50,36,14
972,50,36,14
973,50,36,14
974,50,36,14
975,49,37,14
976,49,37,14
977,49,37,14
978,49,36,15
979,49,36,15
980,49,36,15
981,49,35,16
982,49,35,16
983,49,35,16
984,49,35,16
985,49,35,16
986,49,35,16
987,49,35,16
988,49,35,16
989,49,35,16
990,49,35,16
991,49,35,16
992,49,34,17
993,49,34,17
994,49,34,17
995,49,34,17
996,49,34,17
997,49,33,18
998,49,33,18
999,49,33,18
1000,49,33,18
1001,48,34,18
1002,48,34,18
1003,48,34,18
1004,46,36,18
1005,46,36,18
1006,46,36,18
1007,45,37,18
1008,45,37,18
1009,45,37,18
1010,45,37,18
1011,44,38,18
1012,43,39,18
1013,43,38,19
1014,43,38,19
1015,42,39,19
1016,42,39,19
1017,42,39,19
1018,41,40,19
1019,41,40,19
1020,41,40,19
1021,41,40,19
1022,41,40,19
1023,41,40,19
1024,41,39,20
1025,41,39,20
1026,41,38,21
1027,41,38,21
1028,41,38,21
1029,41,37,22
1030,41,37,22
1031,41,37,22
1032,40,38,22
1033,40,37,23
1034,40,37,23
1035,39,37,24
1036,39,37,24
1037,39,37,24
1038,39,37,24
1039,39,37,24
1040,39,36,25
1041,39,36,25
1042,39,35,26
1043,39,35,26
1044,39,35,26
1045,39,35,26
1046,39,34,27
1047,39,34,27
1048,39,34,27
1049,39,34,27
1050,39,33,28
1051,39,33,28
1052,38,34,28
1053,38,34,28
1054,37,35,28
1055,37,35,28
1056,37,35,28
1057,37,35,28
1058,37,35,28
1059,37,35,28
1060,37,35,28
1061,37,35,28
1062,37,35,28
1063,37,35,28
1064,37,35,28
1065,37,35,28
1066,37,35,28
1067,36,36,28
1068,36,36,28
1069,36,35,29
1070,36,35,29
1071,36,35,29
1072,36,34,30
1073,36,34,30
1074,36,34,30
1075,36,34,30
1076,36,34,30
1077,36,34,30
1078,36,34,30
1079,36,34,30
1080,36,34,30
1081,36,34,30
1082,36,34,30
1083,36,34,30
1084,36,34,30
1085,34,36,30
1086,34,36,30
1087,34,36,30
1088,34,36,30
1089,34,36,30
1090,33,37,30
1091,33,37,30
1092,32,38,30
1093,32,38,30
1094,32,38,30
1095,32,38,30
1096,32,37,31
1097,31,38,31
1098,30,39,31
1099,29,40,31
1100,29,40,31
1101,29,39,32
1102,29,39,32
1103,29,39,32
1104,29,39,32
1105,29,39,32
1106,29,39,32
1107,29,39,32
1108,29,38,33
1109,29,38,33
1110,29,38,33
1111,29,38,33
1112,29,37,34
1113,29,37,34
1114,29,37,34
1115,29,37,34
1116,29,36,35
1117,29,36,35
1118,29,36,35
1119,28,37,35
1120,28,37,35
1121,28,37,35
1122,26,39,35
1123,26,39,35
1124,26,39,35
1125,25,40,35
1126,24,40,36
1127,24,39,37
1128,23,40,37
1129,23,40,37
1130,23,40,37
1131,23,39,38
1132,23,39,38
1133,23,39,38
1134,23,39,38
1135,23,39,38
1136,23,39,38
1137,22,39,39
1138,22,39,39
1139,22,39,39
1140,21,40,39
1141,20,41,39
1142,20,41,39
1143,19,42,39
1144,19,42,39
1145,19,42,39
1146,19,42,39
1147,19,42,39
1148,19,42,39
1149,19,42,39
1150,19,42,39
1151,19,42,39
1152,19,42,39
1153,19,42,39
1154,19,42,39
1155,19,42,39
1156,19,42,39
1157,19,42,39
1158,19,41,40
1159,19,41,40
1160,19,41,40
1161,19,41,40
1162,19,41,40
1163,19,41,40
1164,19,41,40
1165,19,41,40
1166,19,41,40
1167,18,42,40
1168,18,42,40
1169,18,42,40
1170,18,42,40
1171,18,42,40
1172,18,42,40
1173,18,42,40
1174,18,41,41
1175,17,42,41
1176,17,42,41
1177,17,42,41
1178,17,42,41
1179,17,41,42
1180,16,42,42
1181,16,41,43
1182,16,41,43
1183,16,41,43
1184,16,41,43
1185,16,41,43
1186,16,41,43
1187,16,41,43
1188,16,40,44
1189,16,40,44
1190,16,40,44
1191,16,40,44
1192,16,40,44
1193,16,40,44
1194,16,40,44
1195,16,40,44
1196,16,40,44
1197,16,40,44
1198,16,40,44
1199,16,40,44
1200,16,40,44
1201,16,40,44
1202,16,40,44
1203,16,40,44
1204,16,39,45
1205,16,39,45
1206,16,39,45
1207,16,39,45
1208,16,39,45
1209,16,39,45
1210,15,40,45
1211,15,39,46
1212,15,39,46
1213,15,39,46
1214,15,39,46
1215,15,39,46
1216,15,39,46
1217,15,39,46
1218,15,39,46
1219,15,39,46
1220,15,38,47
1221,15,38,47
1222,15,38,47
1223,15,38,47
1224,14,39,47
1225,14,39,47
1226,14,39,47
1227,13,40,47
1228,13,40,47
1229,13,40,47
1230,13,40,47
1231,13,40,47
1232,13,40,47
1233,13,40,47
1234,13,40,47
1235,13,40,47
1236,13,40,47
1237,13,40,47
1238,13,40,47
1239,13,40,47
1240,13,40,47
1241,13,40,47
1242,13,40,47
1243,13,40,47
1244,13,40,47
1245,13,39,48
1246,13,39,48
1247,13,39,48
1248,13,39,48
1249,13,39,48
1250,13,39,48
1251,12,40,48
1252,12,40,48
1253,12,40,48
1254,12,40,48
1255,12,40,48
1256,12,40,48
1257,12,40,48
1258,12,40,48
1259,12,39,49
1260,12,39,49
1261,12,39,49
1262,12,39,49
1263,12,39,49
1264,12,39,49
1265,11,40,49
1266,11,40,49
1267,11,40,49
1268,11,39,50
1269,11,39,50
1270,10,40,50
1271,10,39,51
1272,10,39,51
1273,10,39,51
1274,10,39,51
1275,10,37,53
1276,10,37,53
1277,10,36,54
1278,10,36,54
1279,10,36,54
1280,9,37,54
1281,9,37,54
1282,9,37,54
1283,9,37,54
1284,9,37,54
1285,9,37,54
1286,9,37,54
1287,9,36,55
1288,9,36,55
1289,9,36,55
1290,9,36,55
1291,9,36,55
1292,9,36,55
1293,9,36,55
1294,9,36,55
1295,9,36,55
1296,9,36,55
1297,8,37,55
1298,8,37,55
1299,8,37,55
1300,8,37,55
1301,8,37,55
1302,8,37,55
1303,8,37,55
1304,8,37,55
1305,8,37,55
1306,8,37,55
1307,8,37,55
1308,7,38,55
1309,7,38,55
1310,7,38,55
1311,7,38,55
1312,7,38,55
1313,7,38,55
1314,6,39,55
1315,6,39,55
1316,6,39,55
1317,6,39,55
1318,6,39,55
1319,6,39,55
1320,6,39,55
1321,6,39,55
1322,6,39,55
1323,6,39,55
1324,6,39,55
1325,6,39,55
1326,6,39,55
1327,6,38,56
1328,6,38,56
1329,6,38,56
1330,6,38,56
1331,6,38,56
1332,6,38,56
1333,5,39,56
1334,5,39,56
1335,5,39,56
1336,5,39,56
1337,5,39,56
1338,5,39,56
1339,5,39,56
1340,5,39,56
1341,5,39,56
1342,5,39,56
1343,5,39,56
1344,5,39,56
1345,5,39,56
1346,5,39,56
1347,5,39,56
1348,5,39,56
1349,5,39,56
1350,5,39,56
1351,5,38,57
1352,5,38,57
1353,5,38,57
1354,5,37,58
1355,5,37,58
1356,5,37,58
1357,5,37,58
1358,5,36,59
1359,5,36,59
1360,5,36,59
1361,4,37,59
1362,4,37,59
1363,4,37,59
1364,4,37,59
1365,4,37,59
1366,3,38,59
1367,3,38,59
1368,3,38,59
1369,3,38,59
1370,3,38,59
1371,3,38,59
1372,3,38,59
1373,3,38,59
1374,3,38,59
1375,3,38,59
1376,3,38,59
1377,3,38,59
1378,3,38,59
1379,3,38,59
1380,3,38,59
1381,3,38,59
1382,3,38,59
1383,3,38,59
1384,3,38,59
1385,3,38,59
1386,3,38,59
1387,3,38,59
1388,3,38,59
1389,3,38,59
1390,2,39,59
1391,2,39,59
1392,2,39,59
1393,2,39,59
1394,2,38,60
1395,2,38,60
1396,2,38,60
1397,2,38,60
1398,2,37,61
1399,2,37,61
1400,2,37,61
1401,2,37,61
1402,2,36,62
1403,2,36,62
1404,2,36,62
1405,2,36,62
1406,2,36,62
1407,2,36,62
1408,2,36,62
1409,2,36,62
1410,2,36,62
1411,2,36,62
1412,2,36,62
1413,2,36,62
1414,2,36,62
1415,2,36,62
1416,2,36,62
1417,2,36,62
1418,2,36,62
1419,2,36,62
1420,2,36,62
1421,2,36,62
1422,2,36,62
1423,2,36,62
1424,2,36,62
1425,2,36,62
1426,2,36,62
1427,2,36,62
1428,2,36,62
1429,2,36,62
1430,2,36,62
1431,2,36,62
1432,2,36,62
1433,2,36,62
1434,2,36,62
1435,2,36,62
1436,2,35,63
1437,2,35,63
1438,2,35,63
1439,2,35,63
1440,1,36,63
1441,1,36,63
1442,1,36,63
1443,1,36,63
1444,1,36,63
1445,1,36,63
1446,1,36,63
1447,1,36,63
1448,1,36,63
1449,1,36,63
1450,1,36,63
1451,1,36,63
1452,1,36,63
1453,1,36,63
1454,1,36,63
1455,1,36,63
1456,1,36,63
1457,1,36,63
1458,1,36,63
1459,1,36,63
1460,1,35,64
1461,1,35,64
1462,1,35,64
1463,1,34,65
1464,1,34,65
1465,1,34,65
1466,1,34,65
1467,1,34,65
1468,1,33,66
1469,1,33,66
1470,1,33,66
1471,1,33,66
1472,1,33,66
1473,1,33,66
1474,0,34,66
1475,0,34,66
1476,0,34,66
1477,0,34,66
1478,0,34,66
1479,0,34,66
1480,0,34,66
1481,0,34,66
1482,0,34,66
1483,0,34,66
1484,0,34,66
1485,0,34,66
1486,0,34,66
1487,0,34,66
1488,0,34,66
1489,0,34,66
1490,0,34,66
1491,0,34,66
1492,0,33,67
1493,0,33,67
1494,0,33,67
1495,0,33,67
1496,0,33,67
1497,0,32,68
1498,0,31,69
1499,0,31,69
1500,0,31,69
1501,0,30,70
1502,0,30,70
1503,0,30,70
1504,0,30,70
1505,0,30,70
1506,0,30,70
1507,0,30,70
1508,0,30,70
1509,0,30,70
1510,0,29,71
1511,0,28,72
1512,0,28,72
1513,0,27,73
1514,0,27,73
1515,0,27,73
1516,0,27,73
1517,0,27,73
1518,0,27,73
1519,0,27,73
1520,0,27,73
1521,0,27,73
1522,0,27,73
1523,0,27,73
1524,0,27,73
1525,0,27,73
1526,0,27,73
1527,0,27,73
1528,0,27,73
1529,0,27,73
1530,0,27,73
1531,0,27,73
1532,0,27,73
1533,0,27,73
1534,0,27,73
1535,0,27,73
1536,0,27,73
1537,0,27,73
1538,0,27,73
1539,0,27,73
1540,0,27,73
1541,0,27,73
1542,0,27,73
1543,0,27,73
1544,0,27,73
1545,0,27,73
1546,0,27,73
1547,0,27,73
1548,0,27,73
1549,0,27,73
1550,0,27,73
1551,0,27,73
1552,0,27,73
1553,0,27,73
1554,0,27,73
1555,0,27,73
1556,0,27,73
1557,0,27,73
1558,0,27,73
1559,0,27,73
1560,0,27,73
1561,0,27,73
1562,0,27,73
1563,0,27,73
1564,0,27,73
1565,0,27,73
1566,0,27,73
1567,0,27,73
1568,0,27,73
1569,0,27,73
1570,0,27,73
1571,0,27,73
1572,0,27,73
1573,0,27,73
1574,0,27,73
1575,0,27,73
1576,0,27,73
1577,0,27,73
1578,0,27,73
1579,0,27,73
1580,0,27,73
1581,0,27,73
1582,0,27,73
1583,0,27,73
1584,0,27,73
1585,0,27,73
1586,0,27,73
1587,0,27,73
1588,0,27,73
1589,0,27,73
1590,0,27,73
1591,0,27,73
1592,0,27,73
1593,0,27,73
1594,0,27,73
1595,0,27,73
1596,0,27,73
1597,0,27,73
1598,0,27,73
1599,0,27,73
1600,0,27,73
1601,0,27,73
1602,0,27,73
1603,0,27,73
1604,0,27,73
1605,0,27,73
1606,0,27,73
1607,0,27,73
1608,0,27,73
1609,0,27,73
1610,0,26,74
1611,0,26,74
1612,0,26,74
1613,0,25,75
1614,0,25,75
1615,0,25,75
1616,0,24,76
1617,0,24,76
1618,0,24,76
1619,0,24,76
1620,0,24,76
1621,0,24,76
1622,0,24,76
1623,0,24,76
1624,0,24,76
1625,0,24,76
1626,0,24,76
1627,0,24,76
1628,0,24,76
1629,0,23,77
1630,0,23,77
1631,0,23,77
1632,0,23,77
1633,0,23,77
1634,0,23,77
1635,0,23,77
1636,0,23,77
1637,0,23,77
1638,0,23,77
1639,0,23,77
1640,0,23,77
1641,0,23,77
1642,0,23,77
1643,0,23,77
1644,0,23,77
1645,0,23,77
1646,0,23,77
1647,0,23,77
1648,0,23,77
1649,0,23,77
1650,0,23,77
1651,0,23,77
1652,0,23,77
1653,0,23,77
1654,0,23,77
1655,0,23,77
1656,0,22,78
1657,0,22,78
1658,0,22,78
1659,0,22,78
1660,0,22,78
1661,0,22,78
1662,0,22,78
1663,0,22,78
1664,0,22,78
1665,0,22,78
1666,0,22,78
1667,0,22,78
1668,0,22,78
1669,0,21,79
1670,0,21,79
1671,0,21,79
1672,0,21,79
1673,0,21,79
1674,0,20,80
1675,0,20,80
1676,0,20,80
1677,0,20,80
1678,0,20,80
1679,0,20,80
1680,0,20,80
1681,0,20,80
1682,0,20,80
1683,0,20,80
1684,0,20,80
1685,0,20,80
1686,0,20,80
1687,0,20,80
1688,0,20,80
1689,0,20,80
1690,0,20,80
1691,0,20,80
1692,0,20,80
1693,0,20,80
1694,0,20,80
1695,0,20,80
1696,0,20,80
1697,0,20,80
1698,0,20,80
1699,0,20,80
1700,0,20,80
1701,0,20,80
1702,0,20,80
1703,0,20,80
1704,0,20,80
1705,0,20,80
1706,0,20,80
1707,0,20,80
1708,0,20,80
1709,0,20,80
1710,0,20,80
1711,0,20,80
1712,0,20,80
1713,0,20,80
1714,0,20,80
1715,0,20,80
1716,0,20,80
1717,0,20,80
1718,0,20,80
1719,0,20,80
1720,0,20,80
1721,0,20,80
1722,0,20,80
1723,0,20,80
1724,0,20,80
1725,0,20,80
1726,0,20,80
1727,0,20,80
1728,0,20,80
1729,0,20,80
1730,0,20,80
1731,0,20,80
1732,0,20,80
1733,0,20,80
1734,0,20,80
1735,0,20,80
1736,0,20,80
1737,0,20,80
1738,0,20,80
1739,0,20,80
1740,0,20,80
1741,0,20,80
1742,0,20,80
1743,0,20,80
1744,0,20,80
1745,0,20,80
1746,0,20,80
1747,0,20,80
1748,0,20,80
1749,0,20,80
1750,0,20,80
1751,0,20,80
1752,0,19,81
1753,0,19,81
1754,0,19,81
1755,0,19,81
1756,0,19,81
1757,0,19,81
1758,0,19,81
1759,0,19,81
1760,0,19,81
1761,0,19,81
1762,0,19,81
1763,0,19,81
1764,0,19,81
1765,0,19,81
1766,0,19,81
1767,0,19,81
1768,0,19,81
1769,0,19,81
1770,0,19,81
1771,0,19,81
1772,0,19,81
1773,0,19,81
1774,0,19,81
1775,0,19,81
1776,0,19,81
1777,0,19,81
1778,0,19,81
1779,0,19,81
1780,0,19,81
1781,0,19,81
1782,0,19,81
1783,0,19,81
1784,0,19,81
1785,0,19,81
1786,0,19,81
1787,0,19,81
1788,0,19,81
1789,0,19,81
1790,0,19,81
1791,0,19,81
1792,0,19,81
1793,0,19,81
1794,0,19,81
1795,0,19,81
1796,0,19,81
1797,0,19,81
1798,0,19,81
1799,0,19,81
1800,0,19,81
1801,0,19,81
1802,0,19,81
1803,0,19,81
1804,0,19,81
1805,0,19,81
1806,0,19,81
1807,0,19,81
1808,0,19,81
1809,0,19,81
1810,0,19,81
1811,0,19,81
1812,0,19,81
1813,0,19,81
1814,0,19,81
1815,0,19,81
1816,0,19,81
1817,0,19,81
1818,0,19,81
1819,0,19,81
1820,0,19,81
1821,0,19,81
1822,0,19,81
1823,0,19,81
1824,0,19,81
1825,0,19,81
1826,0,19,81
1827,0,19,81
1828,0,19,81
1829,0,19,81
1830,0,19,81
1831,0,19,81
1832,0,19,81
1833,0,19,81
1834,0,19,81
1835,0,19,81
1836,0,19,81
1837,0,19,81
1838,0,19,81
1839,0,19,81
1840,0,19,81
1841,0,19,81
1842,0,19,81
1843,0,19,81
1844,0,19,81
1845,0,19,81
1846,0,19,81
1847,0,19,81
1848,0,19,81
1849,0,19,81
1850,0,19,81
1851,0,19,81
1852,0,19,81
1853,0,19,81
1854,0,19,81
1855,0,19,81
1856,0,19,81
1857,0,18,82
1858,0,18,82
1859,0,18,82
1860,0,18,82
1861,0,18,82
1862,0,18,82
1863,0,18,82
1864,0,18,82
1865,0,18,82
1866,0,18,82
1867,0,18,82
1868,0,18,82
1869,0,18,82
1870,0,18,82
1871,0,18,82
1872,0,18,82
1873,0,18,82
1874,0,18,82
1875,0,18,82
1876,0,18,82
1877,0,18,82
1878,0,18,82
1879,0,18,82
1880,0,18,82
1881,0,18,82
1882,0,18,82
1883,0,18,82
1884,0,18,82
1885,0,18,82
1886,0,18,82
1887,0,18,82
1888,0,18,82
1889,0,18,82
1890,0,18,82
1891,0,18,82
1892,0,17,83
1893,0,17,83
1894,0,17,83
1895,0,17,83
1896,0,17,83
1897,0,17,83
1898,0,17,83
1899,0,17,83
1900,0,17,83
1901,0,17,83
1902,0,17,83
1903,0,17,83
1904,0,17,83
1905,0,17,83
1906,0,17,83
1907,0,17,83
1908,0,17,83
1909,0,17,83
1910,0,17,83
1911,0,17,83
1912,0,17,83
1913,0,17,83
1914,0,17,83
1915,0,17,83
1916,0,17,83
1917,0,17,83
1918,0,17,83
1919,0,17,83
1920,0,17,83
1921,0,17,83
1922,0,17,83
1923,0,17,83
1924,0,17,83
1925,0,17,83
1926,0,17,83
1927,0,17,83
1928,0,17,83
1929,0,17,83
1930,0,17,83
1931,0,17,83
1932,0,17,83
1933,0,17,83
1934,0,17,83
1935,0,17,83
1936,0,17,83
1937,0,17,83
1938,0,17,83
1939,0,17,83
1940,0,17,83
1941,0,17,83
1942,0,17,83
1943,0,17,83
1944,0,17,83
1945,0,17,83
1946,0,17,83
1947,0,17,83
1948,0,17,83
1949,0,17,83
1950,0,17,83
1951,0,17,83
1952,0,17,83
1953,0,17,83
1954,0,17,83
1955,0,17,83
1956,0,17,83
1957,0,17,83
1958,0,17,83
1959,0,17,83
1960,0,17,83
1961,0,17,83
1962,0,17,83
1963,0,17,83
1964,0,17,83
1965,0,16,84
1966,0,16,84
1967,0,16,84
1968,0,16,84
1969,0,16,84
1970,0,16,84
1971,0,16,84
1972,0,16,84
1973,0,16,84
1974,0,16,84
1975,0,16,84
1976,0,16,84
1977,0,16,84
1978,0,16,84
1979,0,16,84
1980,0,16,84
1981,0,16,84
1982,0,16,84
1983,0,16,84
1984,0,16,84
1985,0,16,84
1986,0,15,85
1987,0,15,85
1988,0,15,85
1989,0,15,85
1990,0,15,85
1991,0,15,85
1992,0,15,85
1993,0,15,85
1994,0,15,85
1995,0,15,85
1996,0,15,85
1997,0,15,85
1998,0,15,85
1999,0,15,85
2000,0,15,85
2001,0,15,85
2002,0,15,85
2003,0,15,85
2004,0,15,85
2005,0,15,85
2006,0,15,85
2007,0,15,85
2008,0,15,85
2009,0,15,85
2010,0,15,85
2011,0,15,85
2012,0,15,85
2013,0,15,85
2014,0,15,85
2015,0,15,85
2016,0,15,85
2017,0,15,85
2018,0,15,85
2019,0,15,85
2020,0,15,85
2021,0,15,85
2022,0,15,85
2023,0,15,85
2024,0,15,85
2025,0,15,85
2026,0,15,85
2027,0,15,85
2028,0,15,85
2029,0,15,85
2030,0,15,85
2031,0,15,85
2032,0,15,85
2033,0,15,85
2034,0,15,85
2035,0,15,85
2036,0,15,85
2037,0,15,85
2038,0,15,85
2039,0,15,85
2040,0,15,85
2041,0,15,85
2042,0,15,85
2043,0,15,85
2044,0,15,85
2045,0,15,85
2046,0,15,85
2047,0,15,85
2048,0,15,85
2049,0,15,85
2050,0,15,85
2051,0,15,85
2052,0,15,85
2053,0,15,85
2054,0,15,85
2055,0,15,85
2056,0,15,85
2057,0,15,85
2058,0,15,85
2059,0,15,85
2060,0,15,85
2061,0,15,85
2062,0,15,85
2063,0,15,85
2064,0,15,85
2065,0,15,85
2066,0,15,85
2067,0,15,85
2068,0,15,85
2069,0,15,85
2070,0,15,85
2071,0,15,85
2072,0,15,85
2073,0,15,85
2074,0,15,85
2075,0,15,85
2076,0,15,85
2077,0,15,85
2078,0,15,85
2079,0,15,85
2080,0,15,85
2081,0,15,85
2082,0,15,85
2083,0,15,85
2084,0,15,85
2085,0,15,85
2086,0,15,85
2087,0,14,86
2088,0,14,86
2089,0,14,86
2090,0,14,86
2091,0,14,86
2092,0,14,86
2093,0,14,86
2094,0,14,86
2095,0,14,86
2096,0,14,86
2097,0,14,86
2098,0,14,86
2099,0,14,86
2100,0,13,87
2101,0,13,87
2102,0,13,87
2103,0,13,87
2104,0,12,88
2105,0,12,88
2106,0,12,88
2107,0,12,88
2108,0,12,88
2109,0,12,88
2110,0,12,88
2111,0,12,88
2112,0,12,88
2113,0,12,88
2114,0,12,88
2115,0,12,88
2116,0,12,88
2117,0,12,88
2118,0,12,88
2119,0,12,88
2120,0,12,88
2121,0,12,88
2122,0,12,88
2123,0,12,88
2124,0,12,88
2125,0,12,88
2126,0,12,88
2127,0,11,89
2128,0,11,89
2129,0,11,89
2130,0,11,89
2131,0,11,89
2132,0,11,89
2133,0,11,89
2134,0,11,89
2135,0,11,89
2136,0,11,89
2137,0,11,89
2138,0,11,89
2139,0,11,89
2140,0,11,89
2141,0,11,89
2142,0,11,89
2143,0,11,89
2144,0,11,89
2145,0,11,89
2146,0,11,89
2147,0,11,89
2148,0,11,89
2149,0,11,89
2150,0,11,89
2151,0,11,89
2152,0,11,89
2153,0,11,89
2154,0,11,89
2155,0,11,89
2156,0,11,89
2157,0,11,89
2158,0,11,89
2159,0,11,89
2160,0,11,89
2161,0,11,89
2162,0,11,89
2163,0,11,89
2164,0,11,89
2165,0,11,89
2166,0,10,90
2167,0,9,91
2168,0,9,91
2169,0,9,91
2170,0,9,91
2171,0,9,91
2172,0,9,91
2173,0,9,91
2174,0,9,91
2175,0,9,91
2176,0,9,91
2177,0,9,91
2178,0,9,91
2179,0,9,91
2180,0,9,91
2181,0,9,91
2182,0,9,91
2183,0,9,91
2184,0,9,91
2185,0,9,91
2186,0,9,91
2187,0,9,91
2188,0,9,91
2189,0,9,91
2190,0,9,91
2191,0,9,91
2192,0,9,91
2193,0,9,91
2194,0,9,91
2195,0,9,91
2196,0,9,91
2197,0,9,91
2198,0,9,91
2199,0,9,91
2200,0,9,91
2201,0,9,91
2202,0,9,91
2203,0,9,91
2204,0,9,91
2205,0,9,91
2206,0,9,91
2207,0,9,91
2208,0,9,91
2209,0,9,91
2210,0,9,91
2211,0,9,91
2212,0,9,91
2213,0,9,91
2214,0,9,91
2215,0,9,91
2216,0,9,91
2217,0,9,91
2218,0,9,91
2219,0,9,91
2220,0,9,91
2221,0,9,91
2222,0,9,91
2223,0,9,91
2224,0,9,91
2225,0,9,91
2226,0,9,91
2227,0,9,91
2228,0,9,91
2229,0,9,91
2230,0,9,91
2231,0,9,91
2232,0,9,91
2233,0,9,91
2234,0,9,91
2235,0,9,91
2236,0,9,91
2237,0,9,91
2238,0,9,91
2239,0,9,91
2240,0,9,91
2241,0,9,91
2242,0,9,91
2243,0,9,91
2244,0,9,91
2245,0,9,91
2246,0,9,91
2247,0,9,91
2248,0,9,91
2249,0,9,91
2250,0,9,91
2251,0,9,91
2252,0,9,91
2253,0,9,91
2254,0,9,91
2255,0,8,92
2256,0,8,92
2257,0,8,92
2258,0,7,93
2259,0,7,93
2260,0,7,93
2261,0,7,93
2262,0,7,93
2263,0,7,93
2264,0,7,93
2265,0,7,93
2266,0,7,93
2267,0,7,93
2268,0,7,93
2269,0,7,93
2270,0,7,93
2271,0,6,94
2272,0,6,94
2273,0,6,94
2274,0,6,94
2275,0,6,94
2276,0,6,94
2277,0,6,94
2278,0,6,94
2279,0,6,94
2280,0,6,94
2281,0,6,94
2282,0,6,94
2283,0,6,94
2284,0,6,94
2285,0,6,94
2286,0,6,94
2287,0,6,94
2288,0,6,94
2289,0,5,95
2290,0,5,95
2291,0,5,95
2292,0,5,95
2293,0,5,95
2294,0,5,95
2295,0,5,95
2296,0,5,95
2297,0,5,95
2298,0,5,95
2299,0,5,95
2300,0,5,95
2301,0,5,95
2302,0,5,95
2303,0,5,95
2304,0,5,95
2305,0,5,95
2306,0,5,95
2307,0,5,95
2308,0,5,95
2309,0,5,95
2310,0,5,95
2311,0,5,95
2312,0,5,95
2313,0,5,95
2314,0,5,95
2315,0,5,95
2316,0,5,95
2317,0,5,95
2318,0,5,95
2319,0,5,95
2320,0,5,95
2321,0,5,95
2322,0,5,95
2323,0,5,95
2324,0,5,95
2325,0,5,95
2326,0,5,95
2327,0,5,95
2328,0,5,95
2329,0,5,95
2330,0,5,95
2331,0,5,95
2332,0,5,95
2333,0,5,95
2334,0,5,95
2335,0,5,95
2336,0,5,95
2337,0,5,95
2338,0,5,95
2339,0,5,95
2340,0,5,95
2341,0,5,95
2342,0,5,95
2343,0,5,95
2344,0,5,95
2345,0,5,95
2346,0,5,95
2347,0,5,95
2348,0,5,95
2349,0,5,95
2350,0,5,95
2351,0,5,95
2352,0,5,95
2353,0,5,95
2354,0,5,95
2355,0,5,95
2356,0,5,95
2357,0,5,95
2358,0,5,95
2359,0,5,95
2360,0,5,95
2361,0,5,95
2362,0,5,95
2363,0,5,95
2364,0,5,95
2365,0,5,95
2366,0,5,95
2367,0,4,96
2368,0,4,96
2369,0,4,96
2370,0,4,96
2371,0,4,96
2372,0,4,96
2373,0,4,96
2374,0,4,96
2375,0,4,96
2376,0,4,96
2377,0,4,96
2378,0,4,96
2379,0,4,96
2380,0,4,96
2381,0,4,96
2382,0,4,96
2383,0,4,96
2384,0,4,96
2385,0,4,96
2386,0,4,96
2387,0,4,96
2388,0,4,96
2389,0,4,96
2390,0,4,96
2391,0,4,96
2392,0,4,96
2393,0,4,96
2394,0,4,96
2395,0,4,96
2396,0,4,96
2397,0,4,96
2398,0,4,96
2399,0,4,96
2400,0,4,96
2401,0,4,96
2402,0,4,96
2403,0,4,96
2404,0,4,96
2405,0,4,96
2406,0,4,96
2407,0,4,96
2408,0,4,96
2409,0,4,96
2410,0,4,96
2411,0,4,96
2412,0,4,96
2413,0,4,96
2414,0,4,96
2415,0,4,96
2416,0,4,96
2417,0,4,96
2418,0,4,96
2419,0,4,96
2420,0,4,96
2421,0,4,96
2422,0,4,96
2423,0,4,96
2424,0,4,96
2425,0,4,96
2426,0,4,96
2427,0,4,96
2428,0,4,96
2429,0,4,96
2430,0,4,96
2431,0,4,96
2432,0,4,96
2433,0,4,96
2434,0,4,96
2435,0,4,96
2436,0,4,96
2437,0,4,96
2438,0,4,96
2439,0,4,96
2440,0,4,96
2441,0,4,96
2442,0,4,96
2443,0,4,96
2444,0,4,96
2445,0,4,96
2446,0,4,96
2447,0,4,96
2448,0,4,96
2449,0,4,96
2450,0,4,96
2451,0,4,96
2452,0,4,96
2453,0,4,96
2454,0,4,96
2455,0,4,96
2456,0,4,96
2457,0,4,96
2458,0,4,96
2459,0,4,96
2460,0,4,96
2461,0,4,96
2462,0,4,96
2463,0,4,96
2464,0,4,96
2465,0,4,96
2466,0,4,96
2467,0,4,96
2468,0,4,96
2469,0,4,96
2470,0,4,96
2471,0,4,96
2472,0,4,96
2473,0,4,96
2474,0,4,96
2475,0,4,96
2476,0,3,97
2477,0,3,97
2478,0,3,97
2479,0,3,97
2480,0,2,98
2481,0,2,98
2482,0,2,98
2483,0,2,98
2484,0,2,98
2485,0,2,98
2486,0,2,98
2487,0,2,98
2488,0,2,98
2489,0,2,98
2490,0,2,98
2491,0,2,98
2492,0,2,98
2493,0,1,99
2494,0,1,99
2495,0,1,99
2496,0,1,99
2497,0,1,99
2498,0,1,99
2499,0,1,99
2500,0,1,99
2501,0,1,99
2502,0,1,99
2503,0,1,99
2504,0,1,99
2505,0,1,99
2506,0,1,99
2507,0,1,99
2508,0,1,99
2509,0,1,99
2510,0,1,99
2511,0,1,99
2512,0,1,99
2513,0,1,99
2514,0,1,99
2515,0,1,99
2516,0,1,99
2517,0,1,99
2518,0,1,99
2519,0,1,99
2520,0,1,99
2521,0,1,99
2522,0,1,99
2523,0,1,99
2524,0,1,99
2525,0,1,99
2526,0,1,99
2527,0,1,99
2528,0,1,99
2529,0,1,99
2530,0,1,99
2531,0,1,99
2532,0,1,99
2533,0,1,99
2534,0,1,99
2535,0,1,99
2536,0,1,99
2537,0,1,99
2538,0,1,99
2539,0,1,99
2540,0,1,99
2541,0,1,99
2542,0,1,99
2543,0,1,99
2544,0,1,99
2545,0,1,99
2546,0,1,99
2547,0,1,99
2548,0,1,99
2549,0,0,100
2550,0,0,100
2551,0,0,100
2552,0,0,100
2553,0,0,100
2554,0,0,100
2555,0,0,100
2556,0,0,100
2557,0,0,100
2558,0,0,100
2559,0,0,100
2560,0,0,100
2561,0,0,100
2562,0,0,100
2563,0,0,100
2564,0,0,100
2565,0,0,100
2566,0,0,100
2567,0,0,100
2568,0,0,100
2569,0,0,100
2570,0,0,100
2571,0,0,100
2572,0,0,100
2573,0,0,100
2574,0,0,100
2575,0,0,100
2576,0,0,100
2577,0,0,100
2578,0,0,100
2579,0,0,100
2580,0,0,100
2581,0,0,100
2582,0,0,100
2583,0,0,100
2584,0,0,100
2585,0,0,100
2586,0,0,100
2587,0,0,100
2588,0,0,100
2589,0,0,100
2590,0,0,100
2591,0,0,100
2592,0,0,100
2593,0,0,100
2594,0,0,100
2595,0,0,100
2596,0,0,100
2597,0,0,100
2598,0,0,100
2599,0,0,100
2600,0,0,100
2601,0,0,100
2602,0,0,100
2603,0,0,100
2604,0,0,100
2605,0,0,100
2606,0,0,100
2607,0,0,100
2608,0,0,100
2609,0,0,100
2610,0,0,100
2611,0,0,100
2612,0,0,100
2613,0,0,100
2614,0,0,100
2615,0,0,100
2616,0,0,100
2617,0,0,100
2618,0,0,100
2619,0,0,100
2620,0,0,100
2621,0,0,100
2622,0,0,100
2623,0,0,100
2624,0,0,100
2625,0,0,100
2626,0,0,100
2627,0,0,100
2628,0,0,100
2629,0,0,100
2630,0,0,100
2631,0,0,100
2632,0,0,100
2633,0,0,100
2634,0,0,100
2635,0,0,100
2636,0,0,100
2637,0,0,100
2638,0,0,100
2639,0,0,100
2640,0,0,100
2641,0,0,100
2642,0,0,100
2643,0,0,100
2644,0,0,100
2645,0,0,100
2646,0,0,100
2647,0,0,100
2648,0,0,100
2649,0,0,100
2650,0,0,100
2651,0,0,100
2652,0,0,100
2653,0,0,100
2654,0,0,100
2655,0,0,100
2656,0,0,100
2657,0,0,100
2658,0,0,100
2659,0,0,100
2660,0,0,100
2661,0,0,100
2662,0,0,100
2663,0,0,100
2664,0,0,100
2665,0,0,100
2666,0,0,100
2667,0,0,100
2668,0,0,100
2669,0,0,100
2670,0,0,100
2671,0,0,100
2672,0,0,100
2673,0,0,100
2674,0,0,100
2675,0,0,100
2676,0,0,100
2677,0,0,100
2678,0,0,100
2679,0,0,100
2680,0,0,100
2681,0,0,100
2682,0,0,100
2683,0,0,100
2684,0,0,100
2685,0,0,100
2686,0,0,100
2687,0,0,100
2688,0,0,100
2689,0,0,100
2690,0,0,100
2691,0,0,100
2692,0,0,100
2693,0,0,100
2694,0,0,100
2695,0,0,100
2696,0,0,100
2697,0,0,100
2698,0,0,100
2699,0,0,100
2700,0,0,100
2701,0,0,100
2702,0,0,100
2703,0,0,100
2704,0,0,100
2705,0,0,100
2706,0,0,100
2707,0,0,100
2708,0,0,100
2709,0,0,100
2710,0,0,100
2711,0,0,100
2712,0,0,100
2713,0,0,100
2714,0,0,100
2715,0,0,100
2716,0,0,100
2717,0,0,100
2718,0,0,100
2719,0,0,100
2720,0,0,100
2721,0,0,100
2722,0,0,100
2723,0,0,100
2724,0,0,100
2725,0,0,100
2726,0,0,100
2727,0,0,100
2728,0,0,100
2729,0,0,100
2730,0,0,100
2731,0,0,100
2732,0,0,100
2733,0,0,100
2734,0,0,100
2735,0,0,100
2736,0,0,100
2737,0,0,100
2738,0,0,100
2739,0,0,100
2740,0,0,100
2741,0,0,100
2742,0,0,100
2743,0,0,100
2744,0,0,100
2745,0,0,100
2746,0,0,100
2747,0,0,100
2748,0,0,100
2749,0,0,100
2750,0,0,100
2751,0,0,100
2752,0,0,100
2753,0,0,100
2754,0,0,100
2755,0,0,100
2756,0,0,100
2757,0,0,100
2758,0,0,100
2759,0,0,100
2760,0,0,100
2761,0,0,100
2762,0,0,100
2763,0,0,100
2764,0,0,100
2765,0,0,100
2766,0,0,100
2767,0,0,100
2768,0,0,100
2769,0,0,100
2770,0,0,100
2771,0,0,100
2772,0,0,100
2773,0,0,100
2774,0,0,100
2775,0,0,100
2776,0,0,100
2777,0,0,100
2778,0,0,100
2779,0,0,100
2780,0,0,100
2781,0,0,100
2782,0,0,100
2783,0,0,100
2784,0,0,100
2785,0,0,100
2786,0,0,100
2787,0,0,100
2788,0,0,100
2789,0,0,100
2790,0,0,100
2791,0,0,100
2792,0,0,100
2793,0,0,100
2794,0,0,100
2795,0,0,100
2796,0,0,100
2797,0,0,100
2798,0,0,100
2799,0,0,100
2800,0,0,100
2801,0,0,100
2802,0,0,100
2803,0,0,100
2804,0,0,100
2805,0,0,100
2806,0,0,100
2807,0,0,100
2808,0,0,100
2809,0,0,100
2810,0,0,100
2811,0,0,100
2812,0,0,100
2813,0,0,100
2814,0,0,100
2815,0,0,100
2816,0,0,100
2817,0,0,100
2818,0,0,100
2819,0,0,100
2820,0,0,100
2821,0,0,100
2822,0,0,100
2823,0,0,100
2824,0,0,100
2825,0,0,100
2826,0,0,100
2827,0,0,100
2828,0,0,100
2829,0,0,100
2830,0,0,100
2831,0,0,100
2832,0,0,100
2833,0,0,100
2834,0,0,100
2835,0,0,100
2836,0,0,100
2837,0,0,100
2838,0,0,100
2839,0,0,100
2840,0,0,100
2841,0,0,100
2842,0,0,100
2843,0,0,100
2844,0,0,100
2845,0,0,100
2846,0,0,100
2847,0,0,100
2848,0,0,100
2849,0,0,100
2850,0,0,100
2851,0,0,100
2852,0,0,100
2853,0,0,100
2854,0,0,100
2855,0,0,100
2856,0,0,100
2857,0,0,100
2858,0,0,100
2859,0,0,100
2860,0,0,100
2861,0,0,100
2862,0,0,100
2863,0,0,100
2864,0,0,100
2865,0,0,100
2866,0,0,100
2867,0,0,100
2868,0,0,100
2869,0,0,100
2870,0,0,100
2871,0,0,100
2872,0,0,100
2873,0,0,100
2874,0,0,100
2875,0,0,100
2876,0,0,100
2877,0,0,100
2878,0,0,100
2879,0,0,100
2880,0,0,100
2881,0,0,100
2882,0,0,100
2883,0,0,100
2884,0,0,100
2885,0,0,100
2886,0,0,100
2887,0,0,100
2888,0,0,100
2889,0,0,100
2890,0,0,100
2891,0,0,100
2892,0,0,100
2893,0,0,100
2894,0,0,100
2895,0,0,100
2896,0,0,100
2897,0,0,100
2898,0,0,100
2899,0,0,100
2900,0,0,100
2901,0,0,100
2902,0,0,100
2903,0,0,100
2904,0,0,100
2905,0,0,100
2906,0,0,100
2907,0,0,100
2908,0,0,100
2909,0,0,100
2910,0,0,100
2911,0,0,100
2912,0,0,100
2913,0,0,100
2914,0,0,100
2915,0,0,100
2916,0,0,100
2917,0,0,100
2918,0,0,100
2919,0,0,100
2920,0,0,100
2921,0,0,100
2922,0,0,100
2923,0,0,100
2924,0,0,100
2925,0,0,100
2926,0,0,100
2927,0,0,100
2928,0,0,100
2929,0,0,100
2930,0,0,100
2931,0,0,100
2932,0,0,100
2933,0,0,100
2934,0,0,100
2935,0,0,100
2936,0,0,100
2937,0,0,100
2938,0,0,100
2939,0,0,100
2940,0,0,100
2941,0,0,100
2942,0,0,100
2943,0,0,100
2944,0,0,100
2945,0,0,100
2946,0,0,100
2947,0,0,100
2948,0,0,100
2949,0,0,100
2950,0,0,100
2951,0,0,100
2952,0,0,100
2953,0,0,100
2954,0,0,100
2955,0,0,100
2956,0,0,100
2957,0,0,100
2958,0,0,100
2959,0,0,100
2960,0,0,100
2961,0,0,100
2962,0,0,100
2963,0,0,100
2964,0,0,100
2965,0,0,100
2966,0,0,100
2967,0,0,100
2968,0,0,100
2969,0,0,100
2970,0,0,100
2971,0,0,100
2972,0,0,100
2973,0,0,100
2974,0,0,100
2975,0,0,100
2976,0,0,100
2977,0,0,100
2978,0,0,100
2979,0,0,100
2980,0,0,100
2981,0,0,100
2982,0,0,100
2983,0,0,100
2984,0,0,100
2985,0,0,100
2986,0,0,100
2987,0,0,100
2988,0,0,100
2989,0,0,100
2990,0,0,100
2991,0,0,100
2992,0,0,100
2993,0,0,100
2994,0,0,100
2995,0,0,100
2996,0,0,100
2997,0,0,100
2998,0,0,100
2999,0,0,100
3000,0,0,100
