Time,Healthy,Undetectable,Detectable
0,97,3,0
1,97,3,0
2,97,3,0
3,97,3,0
4,97,3,0
5,97,3,0
6,97,3,0
7,97,3,0
8,97,3,0
9,97,3,0
10,97,3,0
11,97,3,0
12,97,3,0
13,97,3,0
14,97,3,0
15,97,3,0
16,97,3,0
17,97,3,0
18,97,3,0
19,97,3,0
20,97,3,0
21,97,3,0
22,97,3,0
23,97,3,0
24,97,3,0
25,97,3,0
26,97,3,0
27,97,3,0
28,97,3,0
29,97,3,0
30,97,3,0
31,97,3,0
32,97,3,0
33,97,3,0
34,97,3,0
35,97,3,0
36,97,3,0
37,97,3,0
38,97,3,0
39,97,3,0
40,97,3,0
41,97,3,0
42,97,3,0
43,97,3,0
44,97,3,0
45,97,3,0
46,97,3,0
47,97,3,0
48,97,3,0
49,97,3,0
50,97,3,0
51,97,3,0
52,97,3,0
53,97,3,0
54,97,3,0
55,97,3,0
56,97,3,0
57,97,3,0
58,97,3,0
59,97,3,0
60,97,3,0
61,97,3,0
62,97,3,0
63,97,3,0
64,97,3,0
65,97,3,0
66,97,3,0
67,97,3,0
68,97,3,0
69,97,3,0
70,97,3,0
71,97,3,0
72,97,3,0
73,97,3,0
74,97,3,0
75,97,3,0
76,97,3,0
77,97,3,0
78,97,3,0
79,97,3,0
80,97,3,0
81,97,3,0
82,97,3,0
83,97,3,0
84,97,3,0
85,97,3,0
86,97,3,0
87,97,3,0
88,97,3,0
89,97,3,0
90,97,3,0
91,97,3,0
92,97,3,0
93,97,3,0
94,97,3,0
95,97,3,0
96,97,3,0
97,97,3,0
98,97,3,0
99,97,3,0
100,97,3,0
101,97,3,0
102,97,3,0
103,97,3,0
104,97,3,0
105,97,3,0
106,97,3,0
107,97,3,0
108,97,3,0
109,97,3,0
110,97,3,0
111,97,3,0
112,97,3,0
113,97,3,0
114,97,3,0
115,97,3,0
116,97,3,0
117,97,3,0
118,97,3,0
119,97,3,0
120,97,3,0
121,97,3,0
122,97,3,0
123,97,3,0
124,97,3,0
125,97,3,0
126,97,3,0
127,97,3,0
128,97,3,0
129,97,3,0
130,97,3,0
131,97,3,0
132,97,3,0
133,97,3,0
134,97,3,0
135,97,3,0
136,97,3,0
137,97,3,0
138,97,3,0
139,97,3,0
140,97,3,0
141,97,3,0
142,97,3,0
143,97,3,0
144,97,3,0
145,97,3,0
146,97,3,0
147,97,3,0
148,97,3,0
149,97,3,0
150,97,3,0
151,97,3,0
152,97,3,0
153,97,3,0
154,97,3,0
155,97,3,0
156,97,3,0
157,97,3,0
158,97,3,0
159,97,3,0
160,97,3,0
161,97,3,0
162,97,3,0
163,97,3,0
164,97,3,0
165,97,3,0
166,97,3,0
167,97,3,0
168,97,3,0
169,97,3,0
170,97,3,0
171,97,3,0
172,97,3,0
173,97,2,1
174,97,2,1
175,97,2,1
176,97,2,1
177,97,2,1
178,97,2,1
179,97,2,1
180,97,2,1
181,97,2,1
182,97,2,1
183,97,2,1
184,97,2,1
185,97,2,1
186,97,2,1
187,97,2,1
188,97,2,1
189,97,2,1
190,97,2,1
191,97,2,1
192,97,2,1
193,97,2,1
194,97,2,1
195,97,2,1
196,97,2,1
197,97,2,1
198,97,2,1
199,97,2,1
200,97,2,1
201,97,2,1
202,97,2,1
203,97,2,1
204,97,2,1
205,97,2,1
206,97,2,1
207,97,2,1
208,97,2,1
209,97,2,1
210,97,2,1
211,97,2,1
212,97,2,1
213,97,2,1
214,97,2,1
215,97,2,1
216,97,2,1
217,97,2,1
218,97,2,1
219,97,2,1
220,97,2,1
221,97,2,1
222,97,2,1
223,97,2,1
224,97,2,1
225,97,2,1
226,97,2,1
227,97,2,1
228,97,2,1
229,97,2,1
230,96,3,1
231,96,3,1
232,96,3,1
233,96,3,1
234,96,3,1
235,96,3,1
236,96,3,1
237,96,3,1
238,96,3,1
239,96,3,1
240,96,3,1
241,96,3,1
242,96,3,1
243,96,3,1
244,96,3,1
245,96,3,1
246,96,3,1
247,96,3,1
248,96,3,1
249,96,3,1
250,96,3,1
251,96,3,1
252,96,3,1
253,96,3,1
254,96,3,1
255,96,3,1
256,96,3,1
257,96,3,1
258,96,3,1
259,96,3,1
260,96,3,1
261,96,3,1
262,96,3,1
263,96,3,1
264,96,3,1
265,96,3,1
266,96,3,1
267,96,3,1
268,96,3,1
269,96,3,1
270,96,3,1
271,96,3,1
272,96,3,1
273,96,3,1
274,96,2,2
275,96,1,3
276,96,1,3
277,96,1,3
278,95,2,3
279,95,2,3
280,95,2,3
281,95,2,3
282,95,2,3
283,95,2,3
284,95,2,3
285,95,2,3
286,95,2,3
287,95,2,3
288,95,2,3
289,95,2,3
290,95,2,3
291,95,2,3
292,95,2,3
293,95,2,3
294,95,2,3
295,95,2,3
296,95,2,3
297,95,2,3
298,95,2,3
299,95,2,3
300,95,2,3
301,95,2,3
302,95,2,3
303,95,2,3
304,95,2,3
305,95,2,3
306,95,2,3
307,95,2,3
308,95,2,3
309,95,2,3
310,95,2,3
311,95,2,3
312,95,2,3
313,95,2,3
314,95,2,3
315,95,2,3
316,95,2,3
317,95,2,3
318,95,2,3
319,95,2,3
320,95,2,3
321,95,2,3
322,95,2,3
323,95,2,3
324,95,2,3
325,95,2,3
326,95,2,3
327,95,2,3
328,95,2,3
329,95,2,3
330,95,2,3
331,95,2,3
332,95,2,3
333,95,2,3
334,95,2,3
335,95,2,3
336,95,2,3
337,95,2,3
338,95,2,3
339,95,2,3
340,95,2,3
341,95,2,3
342,95,2,3
343,95,2,3
344,95,2,3
345,95,2,3
346,95,2,3
347,95,2,3
348,95,2,3
349,95,2,3
350,95,2,3
351,95,2,3
352,95,2,3
353,95,2,3
354,95,2,3
355,95,2,3
356,95,2,3
357,95,2,3
358,95,2,3
359,95,2,3
360,95,2,3
361,95,2,3
362,95,2,3
363,95,2,3
364,95,2,3
365,95,2,3
366,95,2,3
367,95,2,3
368,95,2,3
369,95,2,3
370,95,2,3
371,95,2,3
372,95,2,3
373,95,1,4
374,95,1,4
375,95,1,4
376,95,1,4
377,95,1,4
378,95,1,4
379,95,1,4
380,95,1,4
381,95,1,4
382,95,1,4
383,95,1,4
384,95,1,4
385,95,1,4
386,95,1,4
387,95,1,4
388,95,1,4
389,95,1,4
390,95,1,4
391,95,1,4
392,95,1,4
393,95,1,4
394,95,1,4
395,95,1,4
396,95,1,4
397,95,1,4
398,95,1,4
399,95,1,4
400,95,1,4
401,95,1,4
402,95,1,4
403,95,1,4
404,95,1,4
405,95,1,4
406,95,1,4
407,95,1,4
408,95,1,4
409,95,1,4
410,95,1,4
411,95,1,4
412,95,1,4
413,95,1,4
414,95,1,4
415,95,1,4
416,95,1,4
417,95,1,4
418,95,1,4
419,95,1,4
420,95,1,4
421,95,1,4
422,95,1,4
423,95,1,4
424,95,1,4
425,95,1,4
426,95,1,4
427,95,1,4
428,95,1,4
429,95,1,4
430,95,1,4
431,95,1,4
432,95,1,4
433,95,1,4
434,95,1,4
435,95,1,4
436,95,1,4
437,95,1,4
438,95,1,4
439,95,1,4
440,95,1,4
441,95,1,4
442,95,1,4
443,95,1,4
444,95,1,4
445,95,1,4
446,95,1,4
447,95,1,4
448,95,1,4
449,95,1,4
450,95,1,4
451,95,1,4
452,95,1,4
453,95,1,4
454,95,1,4
455,95,1,4
456,95,1,4
457,95,1,4
458,95,1,4
459,95,1,4
460,95,1,4
461,95,1,4
462,95,1,4
463,95,1,4
464,95,1,4
465,95,1,4
466,94,2,4
467,93,3,4
468,93,3,4
469,93,3,4
470,93,3,4
471,93,3,4
472,93,3,4
473,93,3,4
474,93,3,4
475,93,3,4
476,93,3,4
477,93,3,4
478,93,3,4
479,93,3,4
480,93,3,4
481,93,3,4
482,93,3,4
483,93,3,4
484,93,3,4
485,93,3,4
486,93,3,4
487,93,3,4
488,93,3,4
489,93,3,4
490,93,3,4
491,93,3,4
492,93,3,4
493,93,3,4
494,93,3,4
495,93,3,4
496,93,3,4
497,93,3,4
498,93,3,4
499,93,3,4
500,93,3,4
501,93,3,4
502,93,3,4
503,93,3,4
504,93,3,4
505,93,3,4
506,93,3,4
507,93,3,4
508,93,3,4
509,93,3,4
510,93,3,4
511,93,3,4
512,93,3,4
513,93,3,4
514,93,3,4
515,93,3,4
516,93,3,4
517,93,3,4
518,93,3,4
519,93,3,4
520,93,3,4
521,93,3,4
522,93,3,4
523,93,3,4
524,93,3,4
525,93,3,4
526,93,3,4
527,93,3,4
528,93,3,4
529,93,3,4
530,93,3,4
531,93,3,4
532,93,3,4
533,93,3,4
534,93,3,4
535,92,4,4
536,92,4,4
537,92,4,4
538,92,4,4
539,92,4,4
540,92,4,4
541,92,4,4
542,92,4,4
543,92,4,4
544,92,4,4
545,92,4,4
546,92,4,4
547,92,4,4
548,92,4,4
549,92,4,4
550,92,4,4
551,92,4,4
552,92,4,4
553,92,4,4
554,92,4,4
555,92,4,4
556,92,4,4
557,92,4,4
558,92,3,5
559,92,3,5
560,92,3,5
561,92,3,5
562,92,3,5
563,92,3,5
564,92,3,5
565,92,3,5
566,92,3,5
567,92,3,5
568,92,3,5
569,92,3,5
570,92,3,5
571,92,3,5
572,92,3,5
573,92,3,5
574,92,3,5
575,92,3,5
576,92,3,5
577,92,3,5
578,92,3,5
579,92,3,5
580,92,3,5
581,92,3,5
582,92,3,5
583,92,3,5
584,92,3,5
585,92,3,5
586,92,3,5
587,91,4,5
588,91,4,5
589,91,4,5
590,90,5,5
591,90,5,5
592,90,5,5
593,90,5,5
594,90,5,5
595,90,5,5
596,90,5,5
597,90,5,5
598,90,5,5
599,90,5,5
600,90,5,5
601,90,5,5
602,90,5,5
603,90,5,5
604,90,5,5
605,90,5,5
606,90,5,5
607,90,5,5
608,90,5,5
609,89,6,5
610,89,6,5
611,89,6,5
612,89,6,5
613,89,6,5
614,89,6,5
615,89,6,5
616,89,6,5
617,89,6,5
618,89,6,5
619,88,7,5
620,88,7,5
621,88,7,5
622,88,7,5
623,88,7,5
624,88,7,5
625,88,7,5
626,88,7,5
627,87,8,5
628,87,8,5
629,87,8,5
630,86,9,5
631,86,9,5
632,86,9,5
633,86,9,5
634,86,9,5
635,86,9,5
636,86,9,5
637,86,9,5
638,86,9,5
639,86,8,6
640,86,8,6
641,86,8,6
642,86,8,6
643,86,8,6
644,86,8,6
645,86,8,6
646,86,8,6
647,86,8,6
648,86,8,6
649,86,7,7
650,86,7,7
651,86,7,7
652,86,7,7
653,86,7,7
654,86,7,7
655,86,7,7
656,86,7,7
657,86,7,7
658,86,7,7
659,86,7,7
660,86,7,7
661,86,7,7
662,86,7,7
663,86,7,7
664,86,7,7
665,86,7,7
666,86,7,7
667,86,7,7
668,86,7,7
669,85,8,7
670,84,9,7
671,84,9,7
672,84,9,7
673,84,9,7
674,84,9,7
675,84,9,7
676,84,9,7
677,84,9,7
678,83,10,7
679,83,10,7
680,83,10,7
681,83,10,7
682,83,10,7
683,83,10,7
684,83,10,7
685,83,10,7
686,83,10,7
687,83,10,7
688,83,10,7
689,83,10,7
690,83,10,7
691,83,10,7
692,83,10,7
693,83,10,7
694,83,10,7
695,83,10,7
696,83,9,8
697,83,9,8
698,83,9,8
699,83,9,8
700,83,9,8
701,83,9,8
702,83,9,8
703,83,9,8
704,83,9,8
705,83,9,8
706,83,9,8
707,83,9,8
708,82,10,8
709,82,10,8
710,82,10,8
711,82,10,8
712,82,10,8
713,82,10,8
714,82,10,8
715,82,10,8
716,82,10,8
717,82,10,8
718,82,10,8
719,82,10,8
720,82,10,8
721,82,10,8
722,82,10,8
723,82,10,8
724,82,10,8
725,82,10,8
726,82,10,8
727,82,10,8
728,82,10,8
729,82,10,8
730,82,10,8
731,82,10,8
732,82,10,8
733,82,10,8
734,82,10,8
735,81,11,8
736,81,11,8
737,80,12,8
738,79,13,8
739,79,13,8
740,79,13,8
741,78,14,8
742,78,14,8
743,78,14,8
744,78,14,8
745,78,14,8
746,78,14,8
747,78,14,8
748,78,14,8
749,78,14,8
750,78,14,8
751,78,14,8
752,78,14,8
753,78,14,8
754,78,14,8
755,78,14,8
756,78,14,8
757,78,14,8
758,78,14,8
759,78,14,8
760,78,14,8
761,77,15,8
762,77,15,8
763,77,15,8
764,77,15,8
765,77,15,8
766,77,15,8
767,77,15,8
768,77,15,8
769,77,15,8
770,77,15,8
771,77,15,8
772,77,15,8
773,77,15,8
774,77,15,8
775,77,15,8
776,77,15,8
777,77,15,8
778,75,17,8
779,75,17,8
780,75,16,9
781,75,16,9
782,75,16,9
783,75,16,9
784,75,16,9
785,75,16,9
786,75,16,9
787,75,16,9
788,75,16,9
789,75,16,9
790,74,17,9
791,74,17,9
792,74,17,9
793,74,17,9
794,73,18,9
795,73,18,9
796,72,19,9
797,72,19,9
798,72,19,9
799,72,19,9
800,72,19,9
801,72,19,9
802,71,20,9
803,71,20,9
804,71,20,9
805,71,20,9
806,71,20,9
807,71,20,9
808,71,20,9
809,71,19,10
810,71,19,10
811,71,19,10
812,71,19,10
813,71,19,10
814,71,19,10
815,71,19,10
816,71,19,10
817,71,19,10
818,71,19,10
819,71,19,10
820,71,19,10
821,71,19,10
822,71,19,10
823,71,19,10
824,71,19,10
825,71,19,10
826,71,19,10
827,71,19,10
828,71,19,10
829,71,19,10
830,71,19,10
831,71,19,10
832,71,19,10
833,71,19,10
834,71,19,10
835,71,18,11
836,71,18,11
837,71,18,11
838,71,18,11
839,71,18,11
840,70,19,11
841,70,19,11
842,70,19,11
843,70,19,11
844,70,19,11
845,70,19,11
846,69,20,11
847,69,20,11
848,69,20,11
849,69,20,11
850,69,20,11
851,69,20,11
852,69,19,12
853,69,19,12
854,69,19,12
855,69,19,12
856,69,19,12
857,69,19,12
858,69,19,12
859,69,19,12
860,69,19,12
861,69,19,12
862,69,19,12
863,68,20,12
864,67,21,12
865,67,21,12
866,67,21,12
867,67,21,12
868,67,21,12
869,67,20,13
870,67,20,13
871,67,20,13
872,67,20,13
873,67,20,13
874,67,20,13
875,67,20,13
876,67,20,13
877,67,20,13
878,66,21,13
879,66,21,13
880,66,21,13
881,66,21,13
882,66,21,13
883,65,22,13
884,65,22,13
885,65,22,13
886,65,22,13
887,65,22,13
888,65,22,13
889,65,21,14
890,65,21,14
891,63,23,14
892,63,23,14
893,63,23,14
894,63,23,14
895,63,23,14
896,63,23,14
897,63,23,14
898,63,23,14
899,62,24,14
900,62,24,14
901,62,24,14
902,61,25,14
903,61,25,14
904,61,25,14
905,61,25,14
906,61,25,14
907,61,25,14
908,61,25,14
909,59,27,14
910,59,27,14
911,59,27,14
912,59,27,14
913,59,26,15
914,59,26,15
915,59,26,15
916,59,26,15
917,59,26,15
918,59,26,15
919,59,26,15
920,58,27,15
921,58,27,15
922,56,29,15
923,56,29,15
924,55,30,15
925,55,30,15
926,55,30,15
927,54,31,15
928,54,31,15
929,54,31,15
930,54,31,15
931,53,32,15
932,52,33,15
933,52,33,15
934,52,33,15
935,52,33,15
936,52,33,15
937,52,33,15
938,52,33,15
939,52,33,15
940,52,33,15
941,51,34,15
942,51,33,16
943,51,33,16
944,51,33,16
945,51,33,16
946,51,33,16
947,51,33,16
948,51,33,16
949,51,33,16
950,51,33,16
951,50,34,16
952,49,35,16
953,47,37,16
954,47,37,16
955,47,37,16
956,46,38,16
957,46,37,17
958,46,37,17
959,46,37,17
960,46,37,17
961,46,37,17
962,46,37,17
963,46,37,17
964,46,37,17
965,46,37,17
966,46,37,17
967,45,37,18
968,45,37,18
969,45,37,18
970,45,37,18
971,45,37,18
972,45,37,18
973,45,37,18
974,45,37,18
975,45,37,18
976,45,37,18
977,45,37,18
978,44,38,18
979,43,39,18
980,43,39,18
981,43,39,18
982,43,39,18
983,43,39,18
984,43,39,18
985,43,39,18
986,42,40,18
987,42,40,18
988,40,42,18
989,40,42,18
990,40,42,18
991,40,42,18
992,40,42,18
993,39,43,18
994,39,43,18
995,39,43,18
996,39,43,18
997,39,43,18
998,39,43,18
999,39,43,18
1000,39,43,18
1001,37,45,18
1002,37,45,18
1003,37,45,18
1004,37,45,18
1005,37,45,18
1006,37,45,18
1007,37,45,18
1008,37,45,18
1009,37,45,18
1010,37,44,19
1011,37,44,19
1012,37,44,19
1013,37,44,19
1014,37,44,19
1015,37,44,19
1016,37,44,19
1017,37,44,19
1018,37,44,19
1019,37,44,19
1020,37,44,19
1021,37,44,19
1022,37,44,19
1023,36,45,19
1024,36,45,19
1025,36,45,19
1026,36,45,19
1027,36,45,19
1028,35,46,19
1029,35,46,19
1030,35,46,19
1031,35,46,19
1032,35,45,20
1033,35,45,20
1034,35,45,20
1035,35,44,21
1036,34,45,21
1037,33,46,21
1038,33,46,21
1039,33,46,21
1040,33,46,21
1041,32,47,21
1042,32,47,21
1043,32,47,21
1044,32,47,21
1045,32,47,21
1046,32,47,21
1047,32,47,21
1048,32,47,21
1049,32,47,21
1050,32,46,22
1051,31,46,23
1052,30,47,23
1053,30,47,23
1054,30,47,23
1055,30,47,23
1056,29,48,23
1057,29,48,23
1058,29,46,25
1059,29,45,26
1060,29,45,26
1061,29,45,26
1062,29,44,27
1063,29,44,27
1064,29,44,27
1065,29,44,27
1066,29,44,27
1067,29,44,27
1068,29,44,27
1069,29,44,27
1070,28,45,27
1071,28,45,27
1072,27,46,27
1073,26,47,27
1074,26,47,27
1075,26,47,27
1076,26,47,27
1077,25,48,27
1078,24,49,27
1079,24,48,28
1080,24,48,28
1081,24,48,28
1082,23,49,28
1083,23,49,28
1084,23,49,28
1085,21,51,28
1086,21,51,28
1087,21,51,28
1088,21,51,28
1089,21,51,28
1090,21,51,28
1091,21,50,29
1092,21,50,29
1093,21,50,29
1094,20,51,29
1095,20,51,29
1096,20,51,29
1097,20,51,29
1098,20,51,29
1099,20,51,29
1100,20,51,29
1101,20,51,29
1102,19,52,29
1103,18,53,29
1104,18,53,29
1105,18,53,29
1106,18,53,29
1107,18,53,29
1108,18,53,29
1109,18,53,29
1110,18,53,29
1111,18,53,29
1112,18,53,29
1113,18,53,29
1114,18,53,29
1115,18,53,29
1116,18,53,29
1117,18,53,29
1118,18,53,29
1119,18,53,29
1120,18,53,29
1121,18,53,29
1122,18,53,29
1123,18,52,30
1124,18,52,30
1125,18,52,30
1126,18,52,30
1127,18,52,30
1128,17,53,30
1129,17,53,30
1130,17,53,30
1131,17,53,30
1132,17,53,30
1133,17,53,30
1134,17,53,30
1135,17,52,31
1136,17,52,31
1137,16,53,31
1138,16,53,31
1139,16,53,31
1140,16,53,31
1141,16,53,31
1142,16,53,31
1143,16,53,31
1144,16,53,31
1145,16,53,31
1146,15,54,31
1147,14,55,31
1148,14,55,31
1149,14,55,31
1150,14,55,31
1151,14,55,31
1152,14,55,31
1153,14,55,31
1154,14,55,31
1155,14,55,31
1156,14,55,31
1157,14,55,31
1158,14,54,32
1159,14,54,32
1160,14,54,32
1161,14,54,32
1162,14,53,33
1163,14,53,33
1164,14,52,34
1165,14,52,34
1166,14,52,34
1167,14,52,34
1168,14,52,34
1169,14,52,34
1170,14,52,34
1171,14,52,34
1172,14,52,34
1173,14,52,34
1174,14,52,34
1175,14,52,34
1176,13,53,34
1177,13,53,34
1178,13,53,34
1179,13,52,35
1180,13,52,35
1181,13,52,35
1182,13,52,35
1183,13,52,35
1184,13,52,35
1185,13,52,35
1186,13,52,35
1187,13,52,35
1188,13,52,35
1189,13,52,35
1190,13,52,35
1191,13,52,35
1192,13,52,35
1193,13,51,36
1194,13,51,36
1195,13,50,37
1196,13,50,37
1197,13,50,37
1198,13,50,37
1199,13,50,37
1200,13,50,37
1201,13,50,37
1202,13,50,37
1203,13,50,37
1204,12,51,37
1205,12,51,37
1206,12,51,37
1207,12,51,37
1208,12,51,37
1209,12,51,37
1210,11,52,37
1211,11,52,37
1212,11,52,37
1213,11,52,37
1214,11,52,37
1215,10,53,37
1216,10,52,38
1217,9,53,38
1218,9,53,38
1219,9,53,38
1220,9,53,38
1221,9,53,38
1222,9,53,38
1223,9,53,38
1224,8,54,38
1225,7,55,38
1226,7,55,38
1227,7,55,38
1228,7,55,38
1229,7,55,38
1230,7,55,38
1231,7,55,38
1232,7,54,39
1233,7,54,39
1234,7,54,39
1235,7,54,39
1236,7,54,39
1237,7,54,39
1238,7,54,39
1239,7,54,39
1240,7,54,39
1241,7,53,40
1242,7,53,40
1243,7,52,41
1244,7,52,41
1245,7,52,41
1246,7,52,41
1247,7,52,41
1248,7,52,41
1249,7,52,41
1250,7,52,41
1251,7,52,41
1252,7,52,41
1253,7,51,42
1254,7,51,42
1255,6,52,42
1256,6,52,42
1257,6,52,42
1258,6,51,43
1259,6,50,44
1260,6,50,44
1261,6,50,44
1262,6,50,44
1263,6,50,44
1264,6,50,44
1265,6,50,44
1266,6,50,44
1267,6,50,44
1268,6,50,44
1269,6,48,46
1270,6,48,46
1271,6,48,46
1272,5,48,47
1273,5,48,47
1274,5,48,47
1275,5,48,47
1276,5,48,47
1277,5,47,48
1278,5,47,48
1279,5,47,48
1280,5,46,49
1281,5,46,49
1282,5,46,49
1283,5,46,49
1284,5,46,49
1285,5,46,49
1286,5,46,49
1287,5,46,49
1288,5,46,49
1289,5,46,49
1290,5,46,49
1291,5,46,49
1292,5,46,49
1293,5,46,49
1294,5,46,49
1295,5,46,49
1296,5,46,49
1297,5,46,49
1298,5,46,49
1299,5,46,49
1300,5,46,49
1301,5,46,49
1302,5,46,49
1303,5,46,49
1304,5,46,49
1305,5,46,49
1306,5,46,49
1307,5,46,49
1308,5,46,49
1309,5,46,49
1310,5,46,49
1311,5,46,49
1312,5,46,49
1313,5,46,49
1314,5,45,50
1315,5,45,50
1316,5,45,50
1317,5,45,50
1318,5,45,50
1319,5,45,50
1320,5,44,51
1321,5,43,52
1322,5,43,52
1323,5,43,52
1324,5,42,53
1325,5,42,53
1326,5,42,53
1327,5,42,53
1328,5,42,53
1329,5,42,53
1330,5,42,53
1331,5,42,53
1332,5,42,53
1333,5,42,53
1334,5,42,53
1335,5,42,53
1336,5,42,53
1337,5,42,53
1338,5,42,53
1339,5,42,53
1340,5,42,53
1341,5,42,53
1342,5,42,53
1343,5,42,53
1344,5,42,53
1345,5,42,53
1346,5,42,53
1347,5,42,53
1348,5,42,53
1349,5,41,54
1350,5,41,54
1351,4,40,56
1352,4,39,57
1353,4,39,57
1354,4,39,57
1355,4,38,58
1356,4,38,58
1357,3,39,58
1358,3,39,58
1359,3,39,58
1360,3,39,58
1361,3,39,58
1362,3,39,58
1363,3,39,58
1364,3,39,58
1365,3,39,58
1366,3,39,58
1367,3,38,59
1368,3,38,59
1369,3,38,59
1370,3,38,59
1371,2,39,59
1372,2,39,59
1373,2,39,59
1374,2,39,59
1375,2,39,59
1376,2,39,59
1377,2,39,59
1378,2,39,59
1379,2,39,59
1380,2,39,59
1381,2,39,59
1382,2,39,59
1383,2,39,59
1384,2,39,59
1385,2,39,59
1386,2,39,59
1387,2,39,59
1388,2,39,59
1389,2,39,59
1390,2,39,59
1391,2,39,59
1392,2,39,59
1393,2,39,59
1394,2,39,59
1395,2,39,59
1396,1,40,59
1397,1,40,59
1398,1,40,59
1399,1,40,59
1400,1,40,59
1401,1,40,59
1402,1,40,59
1403,1,40,59
1404,1,40,59
1405,1,40,59
1406,1,40,59
1407,1,40,59
1408,1,39,60
1409,1,38,61
1410,1,38,61
1411,1,37,62
1412,1,37,62
1413,1,37,62
1414,1,37,62
1415,1,37,62
1416,1,37,62
1417,1,37,62
1418,1,37,62
1419,1,37,62
1420,1,37,62
1421,1,37,62
1422,1,37,62
1423,1,37,62
1424,1,37,62
1425,1,37,62
1426,1,37,62
1427,1,37,62
1428,1,37,62
1429,1,37,62
1430,1,37,62
1431,1,36,63
1432,1,36,63
1433,1,36,63
1434,1,36,63
1435,1,36,63
1436,1,35,64
1437,1,35,64
1438,1,35,64
1439,1,35,64
1440,1,34,65
1441,1,34,65
1442,1,34,65
1443,1,34,65
1444,1,34,65
1445,1,34,65
1446,1,34,65
1447,1,34,65
1448,1,34,65
1449,1,34,65
1450,1,34,65
1451,1,34,65
1452,1,34,65
1453,1,34,65
1454,1,34,65
1455,1,34,65
1456,1,34,65
1457,1,34,65
1458,1,34,65
1459,1,34,65
1460,1,34,65
1461,1,34,65
1462,1,34,65
1463,1,34,65
1464,1,34,65
1465,1,34,65
1466,1,34,65
1467,1,34,65
1468,1,34,65
1469,1,34,65
1470,1,34,65
1471,1,34,65
1472,1,33,66
1473,1,33,66
1474,1,33,66
1475,1,33,66
1476,1,33,66
1477,1,33,66
1478,1,33,66
1479,1,33,66
1480,1,33,66
1481,1,33,66
1482,1,33,66
1483,1,33,66
1484,1,33,66
1485,1,33,66
1486,1,33,66
1487,1,33,66
1488,1,33,66
1489,1,33,66
1490,1,32,67
1491,1,31,68
1492,1,31,68
1493,1,31,68
1494,1,31,68
1495,1,31,68
1496,1,31,68
1497,1,31,68
1498,1,31,68
1499,1,31,68
1500,1,31,68
1501,1,31,68
1502,1,31,68
1503,1,31,68
1504,1,31,68
1505,1,31,68
1506,1,31,68
1507,1,31,68
1508,1,31,68
1509,1,31,68
1510,1,31,68
1511,1,31,68
1512,1,31,68
1513,1,31,68
1514,1,31,68
1515,1,31,68
1516,1,31,68
1517,1,31,68
1518,1,31,68
1519,1,31,68
1520,1,31,68
1521,1,31,68
1522,1,31,68
1523,1,31,68
1524,1,31,68
1525,1,31,68
1526,1,31,68
1527,1,31,68
1528,0,32,68
1529,0,32,68
1530,0,32,68
1531,0,32,68
1532,0,32,68
1533,0,32,68
1534,0,32,68
1535,0,32,68
1536,0,31,69
1537,0,31,69
1538,0,30,70
1539,0,30,70
1540,0,30,70
1541,0,30,70
1542,0,30,70
1543,0,30,70
1544,0,30,70
1545,0,30,70
1546,0,30,70
1547,0,30,70
1548,0,30,70
1549,0,30,70
1550,0,30,70
1551,0,30,70
1552,0,30,70
1553,0,30,70
1554,0,30,70
1555,0,30,70
1556,0,30,70
1557,0,30,70
1558,0,30,70
1559,0,30,70
1560,0,30,70
1561,0,30,70
1562,0,30,70
1563,0,30,70
1564,0,30,70
1565,0,30,70
1566,0,30,70
1567,0,30,70
1568,0,30,70
1569,0,30,70
1570,0,30,70
1571,0,30,70
1572,0,30,70
1573,0,30,70
1574,0,30,70
1575,0,30,70
1576,0,29,71
1577,0,29,71
1578,0,29,71
1579,0,29,71
1580,0,28,72
1581,0,28,72
1582,0,28,72
1583,0,28,72
1584,0,28,72
1585,0,28,72
1586,0,28,72
1587,0,28,72
1588,0,28,72
1589,0,28,72
1590,0,28,72
1591,0,28,72
1592,0,28,72
1593,0,28,72
1594,0,28,72
1595,0,28,72
1596,0,28,72
1597,0,28,72
1598,0,28,72
1599,0,28,72
1600,0,28,72
1601,0,28,72
1602,0,28,72
1603,0,27,73
1604,0,27,73
1605,0,27,73
1606,0,27,73
1607,0,27,73
1608,0,27,73
1609,0,27,73
1610,0,27,73
1611,0,27,73
1612,0,27,73
1613,0,27,73
1614,0,27,73
1615,0,27,73
1616,0,27,73
1617,0,27,73
1618,0,27,73
1619,0,26,74
1620,0,26,74
1621,0,26,74
1622,0,26,74
1623,0,26,74
1624,0,26,74
1625,0,25,75
1626,0,25,75
1627,0,24,76
1628,0,24,76
1629,0,24,76
1630,0,24,76
1631,0,24,76
1632,0,24,76
1633,0,24,76
1634,0,24,76
1635,0,24,76
1636,0,24,76
1637,0,24,76
1638,0,24,76
1639,0,24,76
1640,0,24,76
1641,0,24,76
1642,0,24,76
1643,0,24,76
1644,0,24,76
1645,0,24,76
1646,0,24,76
1647,0,24,76
1648,0,24,76
1649,0,24,76
1650,0,24,76
1651,0,24,76
1652,0,24,76
1653,0,22,78
1654,0,22,78
1655,0,22,78
1656,0,22,78
1657,0,21,79
1658,0,21,79
1659,0,21,79
1660,0,21,79
1661,0,21,79
1662,0,21,79
1663,0,21,79
1664,0,21,79
1665,0,21,79
1666,0,21,79
1667,0,21,79
1668,0,21,79
1669,0,21,79
1670,0,21,79
1671,0,21,79
1672,0,21,79
1673,0,21,79
1674,0,21,79
1675,0,21,79
1676,0,21,79
1677,0,21,79
1678,0,21,79
1679,0,21,79
1680,0,21,79
1681,0,21,79
1682,0,21,79
1683,0,21,79
1684,0,21,79
1685,0,21,79
1686,0,21,79
1687,0,21,79
1688,0,21,79
1689,0,21,79
1690,0,21,79
1691,0,21,79
1692,0,21,79
1693,0,21,79
1694,0,21,79
1695,0,21,79
1696,0,21,79
1697,0,21,79
1698,0,21,79
1699,0,21,79
1700,0,21,79
1701,0,21,79
1702,0,21,79
1703,0,21,79
1704,0,21,79
1705,0,21,79
1706,0,21,79
1707,0,21,79
1708,0,21,79
1709,0,21,79
1710,0,21,79
1711,0,21,79
1712,0,21,79
1713,0,21,79
1714,0,21,79
1715,0,21,79
1716,0,21,79
1717,0,21,79
1718,0,21,79
1719,0,21,79
1720,0,21,79
1721,0,21,79
1722,0,21,79
1723,0,21,79
1724,0,21,79
1725,0,21,79
1726,0,21,79
1727,0,21,79
1728,0,21,79
1729,0,21,79
1730,0,21,79
1731,0,21,79
1732,0,21,79
1733,0,21,79
1734,0,21,79
1735,0,21,79
1736,0,21,79
1737,0,21,79
1738,0,21,79
1739,0,21,79
1740,0,21,79
1741,0,21,79
1742,0,21,79
1743,0,21,79
1744,0,21,79
1745,0,21,79
1746,0,21,79
1747,0,21,79
1748,0,21,79
1749,0,21,79
1750,0,21,79
1751,0,21,79
1752,0,21,79
1753,0,21,79
1754,0,21,79
1755,0,21,79
1756,0,21,79
1757,0,21,79
1758,0,21,79
1759,0,21,79
1760,0,21,79
1761,0,21,79
1762,0,21,79
1763,0,21,79
1764,0,21,79
1765,0,21,79
1766,0,21,79
1767,0,21,79
1768,0,21,79
1769,0,21,79
1770,0,21,79
1771,0,21,79
1772,0,21,79
1773,0,21,79
1774,0,20,80
1775,0,20,80
1776,0,20,80
1777,0,20,80
1778,0,20,80
1779,0,20,80
1780,0,20,80
1781,0,20,80
1782,0,20,80
1783,0,20,80
1784,0,20,80
1785,0,20,80
1786,0,20,80
1787,0,20,80
1788,0,20,80
1789,0,20,80
1790,0,20,80
1791,0,20,80
1792,0,20,80
1793,0,20,80
1794,0,20,80
1795,0,20,80
1796,0,20,80
1797,0,20,80
1798,0,20,80
1799,0,20,80
1800,0,20,80
1801,0,20,80
1802,0,20,80
1803,0,19,81
1804,0,19,81
1805,0,19,81
1806,0,19,81
1807,0,19,81
1808,0,19,81
1809,0,19,81
1810,0,19,81
1811,0,19,81
1812,0,19,81
1813,0,19,81
1814,0,19,81
1815,0,19,81
1816,0,19,81
1817,0,19,81
1818,0,19,81
1819,0,19,81
1820,0,19,81
1821,0,19,81
1822,0,19,81
1823,0,19,81
1824,0,19,81
1825,0,19,81
1826,0,19,81
1827,0,19,81
1828,0,18,82
1829,0,18,82
1830,0,18,82
1831,0,18,82
1832,0,18,82
1833,0,18,82
1834,0,18,82
1835,0,18,82
1836,0,18,82
1837,0,18,82
1838,0,18,82
1839,0,18,82
1840,0,18,82
1841,0,18,82
1842,0,18,82
1843,0,18,82
1844,0,18,82
1845,0,18,82
1846,0,18,82
1847,0,18,82
1848,0,18,82
1849,0,18,82
1850,0,18,82
1851,0,18,82
1852,0,18,82
1853,0,18,82
1854,0,18,82
1855,0,18,82
1856,0,18,82
1857,0,18,82
1858,0,18,82
1859,0,18,82
1860,0,18,82
1861,0,18,82
1862,0,18,82
1863,0,18,82
1864,0,18,82
1865,0,18,82
1866,0,18,82
1867,0,18,82
1868,0,18,82
1869,0,18,82
1870,0,18,82
1871,0,18,82
1872,0,18,82
1873,0,18,82
1874,0,18,82
1875,0,18,82
1876,0,18,82
1877,0,17,83
1878,0,17,83
1879,0,17,83
1880,0,17,83
1881,0,17,83
1882,0,17,83
1883,0,17,83
1884,0,17,83
1885,0,17,83
1886,0,17,83
1887,0,17,83
1888,0,17,83
1889,0,17,83
1890,0,17,83
1891,0,17,83
1892,0,17,83
1893,0,17,83
1894,0,17,83
1895,0,17,83
1896,0,17,83
1897,0,17,83
1898,0,17,83
1899,0,17,83
1900,0,17,83
1901,0,17,83
1902,0,17,83
1903,0,17,83
1904,0,17,83
1905,0,17,83
1906,0,17,83
1907,0,17,83
1908,0,17,83
1909,0,17,83
1910,0,17,83
1911,0,17,83
1912,0,17,83
1913,0,17,83
1914,0,17,83
1915,0,17,83
1916,0,17,83
1917,0,16,84
1918,0,16,84
1919,0,16,84
1920,0,16,84
1921,0,16,84
1922,0,16,84
1923,0,15,85
1924,0,15,85
1925,0,15,85
1926,0,15,85
1927,0,15,85
1928,0,15,85
1929,0,15,85
1930,0,15,85
1931,0,15,85
1932,0,15,85
1933,0,15,85
1934,0,15,85
1935,0,15,85
1936,0,15,85
1937,0,15,85
1938,0,15,85
1939,0,15,85
1940,0,14,86
1941,0,14,86
1942,0,14,86
1943,0,14,86
1944,0,14,86
1945,0,14,86
1946,0,14,86
1947,0,14,86
1948,0,14,86
1949,0,13,87
1950,0,13,87
1951,0,13,87
1952,0,13,87
1953,0,13,87
1954,0,13,87
1955,0,13,87
1956,0,13,87
1957,0,13,87
1958,0,13,87
1959,0,13,87
1960,0,13,87
1961,0,13,87
1962,0,13,87
1963,0,12,88
1964,0,12,88
1965,0,12,88
1966,0,12,88
1967,0,12,88
1968,0,12,88
1969,0,12,88
1970,0,12,88
1971,0,12,88
1972,0,12,88
1973,0,12,88
1974,0,12,88
1975,0,12,88
1976,0,12,88
1977,0,12,88
1978,0,12,88
1979,0,12,88
1980,0,12,88
1981,0,12,88
1982,0,12,88
1983,0,12,88
1984,0,12,88
1985,0,12,88
1986,0,12,88
1987,0,11,89
1988,0,11,89
1989,0,11,89
1990,0,11,89
1991,0,11,89
1992,0,11,89
1993,0,11,89
1994,0,11,89
1995,0,11,89
1996,0,11,89
1997,0,11,89
1998,0,11,89
1999,0,11,89
2000,0,11,89
2001,0,11,89
2002,0,11,89
2003,0,11,89
2004,0,11,89
2005,0,11,89
2006,0,11,89
2007,0,11,89
2008,0,10,90
2009,0,10,90
2010,0,10,90
2011,0,10,90
2012,0,10,90
2013,0,10,90
2014,0,10,90
2015,0,10,90
2016,0,10,90
2017,0,10,90
2018,0,10,90
2019,0,10,90
2020,0,10,90
2021,0,10,90
2022,0,10,90
2023,0,10,90
2024,0,10,90
2025,0,10,90
2026,0,10,90
2027,0,10,90
2028,0,10,90
2029,0,10,90
2030,0,10,90
2031,0,10,90
2032,0,10,90
2033,0,10,90
2034,0,10,90
2035,0,10,90
2036,0,10,90
2037,0,10,90
2038,0,10,90
2039,0,10,90
2040,0,10,90
2041,0,10,90
2042,0,10,90
2043,0,10,90
2044,0,10,90
2045,0,10,90
2046,0,10,90
2047,0,10,90
2048,0,10,90
2049,0,10,90
2050,0,9,91
2051,0,9,91
2052,0,9,91
2053,0,9,91
2054,0,9,91
2055,0,9,91
2056,0,9,91
2057,0,9,91
2058,0,9,91
2059,0,9,91
2060,0,9,91
2061,0,9,91
2062,0,9,91
2063,0,9,91
2064,0,9,91
2065,0,9,91
2066,0,9,91
2067,0,9,91
2068,0,9,91
2069,0,9,91
2070,0,9,91
2071,0,9,91
2072,0,9,91
2073,0,9,91
2074,0,9,91
2075,0,9,91
2076,0,9,91
2077,0,9,91
2078,0,9,91
2079,0,9,91
2080,0,9,91
2081,0,9,91
2082,0,9,91
2083,0,9,91
2084,0,9,91
2085,0,9,91
2086,0,9,91
2087,0,9,91
2088,0,9,91
2089,0,9,91
2090,0,9,91
2091,0,9,91
2092,0,9,91
2093,0,9,91
2094,0,9,91
2095,0,9,91
2096,0,9,91
2097,0,9,91
2098,0,9,91
2099,0,8,92
2100,0,8,92
2101,0,8,92
2102,0,8,92
2103,0,8,92
2104,0,8,92
2105,0,8,92
2106,0,8,92
2107,0,8,92
2108,0,8,92
2109,0,8,92
2110,0,8,92
2111,0,8,92
2112,0,8,92
2113,0,8,92
2114,0,8,92
2115,0,8,92
2116,0,8,92
2117,0,8,92
2118,0,8,92
2119,0,8,92
2120,0,8,92
2121,0,8,92
2122,0,8,92
2123,0,8,92
2124,0,8,92
2125,0,8,92
2126,0,8,92
2127,0,8,92
2128,0,8,92
2129,0,8,92
2130,0,8,92
2131,0,8,92
2132,0,8,92
2133,0,8,92
2134,0,8,92
2135,0,8,92
2136,0,8,92
2137,0,8,92
2138,0,8,92
2139,0,8,92
2140,0,8,92
2141,0,8,92
2142,0,8,92
2143,0,8,92
2144,0,8,92
2145,0,8,92
2146,0,8,92
2147,0,8,92
2148,0,8,92
2149,0,8,92
2150,0,8,92
2151,0,8,92
2152,0,8,92
2153,0,8,92
2154,0,8,92
2155,0,8,92
2156,0,8,92
2157,0,8,92
2158,0,8,92
2159,0,8,92
2160,0,8,92
2161,0,8,92
2162,0,8,92
2163,0,8,92
2164,0,8,92
2165,0,8,92
2166,0,8,92
2167,0,8,92
2168,0,8,92
2169,0,8,92
2170,0,8,92
2171,0,8,92
2172,0,8,92
2173,0,8,92
2174,0,8,92
2175,0,8,92
2176,0,8,92
2177,0,8,92
2178,0,8,92
2179,0,8,92
2180,0,8,92
2181,0,8,92
2182,0,8,92
2183,0,8,92
2184,0,8,92
2185,0,8,92
2186,0,8,92
2187,0,8,92
2188,0,8,92
2189,0,8,92
2190,0,8,92
2191,0,8,92
2192,0,8,92
2193,0,8,92
2194,0,8,92
2195,0,8,92
2196,0,8,92
2197,0,8,92
2198,0,8,92
2199,0,8,92
2200,0,8,92
2201,0,8,92
2202,0,8,92
2203,0,8,92
2204,0,8,92
2205,0,8,92
2206,0,8,92
2207,0,7,93
2208,0,7,93
2209,0,7,93
2210,0,7,93
2211,0,7,93
2212,0,7,93
2213,0,7,93
2214,0,7,93
2215,0,7,93
2216,0,7,93
2217,0,7,93
2218,0,7,93
2219,0,7,93
2220,0,7,93
2221,0,7,93
2222,0,7,93
2223,0,7,93
2224,0,7,93
2225,0,7,93
2226,0,7,93
2227,0,7,93
2228,0,7,93
2229,0,7,93
2230,0,7,93
2231,0,7,93
2232,0,7,93
2233,0,7,93
2234,0,7,93
2235,0,7,93
2236,0,7,93
2237,0,7,93
2238,0,7,93
2239,0,7,93
2240,0,7,93
2241,0,7,93
2242,0,7,93
2243,0,7,93
2244,0,7,93
2245,0,7,93
2246,0,7,93
2247,0,7,93
2248,0,7,93
2249,0,6,94
2250,0,6,94
2251,0,6,94
2252,0,6,94
2253,0,6,94
2254,0,6,94
2255,0,6,94
2256,0,6,94
2257,0,6,94
2258,0,6,94
2259,0,6,94
2260,0,6,94
2261,0,6,94
2262,0,6,94
2263,0,6,94
2264,0,6,94
2265,0,6,94
2266,0,6,94
2267,0,6,94
2268,0,6,94
2269,0,6,94
2270,0,6,94
2271,0,6,94
2272,0,6,94
2273,0,6,94
2274,0,5,95
2275,0,5,95
2276,0,5,95
2277,0,5,95
2278,0,5,95
2279,0,5,95
2280,0,5,95
2281,0,5,95
2282,0,5,95
2283,0,5,95
2284,0,5,95
2285,0,5,95
2286,0,5,95
2287,0,5,95
2288,0,5,95
2289,0,5,95
2290,0,5,95
2291,0,5,95
2292,0,5,95
2293,0,5,95
2294,0,5,95
2295,0,5,95
2296,0,5,95
2297,0,5,95
2298,0,5,95
2299,0,5,95
2300,0,5,95
2301,0,5,95
2302,0,5,95
2303,0,5,95
2304,0,5,95
2305,0,5,95
2306,0,5,95
2307,0,5,95
2308,0,5,95
2309,0,5,95
2310,0,5,95
2311,0,5,95
2312,0,5,95
2313,0,5,95
2314,0,5,95
2315,0,5,95
2316,0,5,95
2317,0,5,95
2318,0,5,95
2319,0,5,95
2320,0,5,95
2321,0,5,95
2322,0,5,95
2323,0,5,95
2324,0,5,95
2325,0,5,95
2326,0,5,95
2327,0,5,95
2328,0,5,95
2329,0,5,95
2330,0,5,95
2331,0,5,95
2332,0,5,95
2333,0,5,95
2334,0,5,95
2335,0,5,95
2336,0,5,95
2337,0,5,95
2338,0,5,95
2339,0,5,95
2340,0,5,95
2341,0,5,95
2342,0,5,95
2343,0,5,95
2344,0,5,95
2345,0,5,95
2346,0,5,95
2347,0,5,95
2348,0,5,95
2349,0,5,95
2350,0,5,95
2351,0,5,95
2352,0,5,95
2353,0,5,95
2354,0,5,95
2355,0,5,95
2356,0,5,95
2357,0,5,95
2358,0,5,95
2359,0,5,95
2360,0,5,95
2361,0,5,95
2362,0,5,95
2363,0,5,95
2364,0,5,95
2365,0,5,95
2366,0,5,95
2367,0,5,95
2368,0,5,95
2369,0,5,95
2370,0,5,95
2371,0,5,95
2372,0,5,95
2373,0,5,95
2374,0,5,95
2375,0,5,95
2376,0,5,95
2377,0,5,95
2378,0,5,95
2379,0,5,95
2380,0,5,95
2381,0,5,95
2382,0,5,95
2383,0,5,95
2384,0,5,95
2385,0,5,95
2386,0,5,95
2387,0,5,95
2388,0,5,95
2389,0,5,95
2390,0,5,95
2391,0,5,95
2392,0,5,95
2393,0,5,95
2394,0,5,95
2395,0,5,95
2396,0,5,95
2397,0,5,95
2398,0,5,95
2399,0,5,95
2400,0,5,95
2401,0,5,95
2402,0,5,95
2403,0,5,95
2404,0,5,95
2405,0,5,95
2406,0,5,95
2407,0,5,95
2408,0,5,95
2409,0,5,95
2410,0,5,95
2411,0,5,95
2412,0,5,95
2413,0,5,95
2414,0,5,95
2415,0,5,95
2416,0,5,95
2417,0,5,95
2418,0,5,95
2419,0,5,95
2420,0,5,95
2421,0,5,95
2422,0,5,95
2423,0,5,95
2424,0,5,95
2425,0,5,95
2426,0,5,95
2427,0,5,95
2428,0,5,95
2429,0,5,95
2430,0,5,95
2431,0,5,95
2432,0,5,95
2433,0,5,95
2434,0,5,95
2435,0,5,95
2436,0,5,95
2437,0,5,95
2438,0,5,95
2439,0,5,95
2440,0,5,95
2441,0,5,95
2442,0,5,95
2443,0,5,95
2444,0,5,95
2445,0,5,95
2446,0,5,95
2447,0,5,95
2448,0,5,95
2449,0,5,95
2450,0,5,95
2451,0,5,95
2452,0,5,95
2453,0,5,95
2454,0,5,95
2455,0,5,95
2456,0,5,95
2457,0,5,95
2458,0,5,95
2459,0,5,95
2460,0,5,95
2461,0,5,95
2462,0,5,95
2463,0,5,95
2464,0,5,95
2465,0,5,95
2466,0,5,95
2467,0,5,95
2468,0,5,95
2469,0,5,95
2470,0,5,95
2471,0,5,95
2472,0,5,95
2473,0,5,95
2474,0,5,95
2475,0,5,95
2476,0,5,95
2477,0,5,95
2478,0,5,95
2479,0,5,95
2480,0,5,95
2481,0,5,95
2482,0,5,95
2483,0,5,95
2484,0,5,95
2485,0,5,95
2486,0,5,95
2487,0,5,95
2488,0,5,95
2489,0,5,95
2490,0,5,95
2491,0,5,95
2492,0,5,95
2493,0,5,95
2494,0,5,95
2495,0,5,95
2496,0,5,95
2497,0,5,95
2498,0,5,95
2499,0,5,95
2500,0,5,95
2501,0,5,95
2502,0,5,95
2503,0,5,95
2504,0,5,95
2505,0,5,95
2506,0,5,95
2507,0,5,95
2508,0,5,95
2509,0,5,95
2510,0,5,95
2511,0,5,95
2512,0,5,95
2513,0,5,95
2514,0,5,95
2515,0,5,95
2516,0,5,95
2517,0,5,95
2518,0,5,95
2519,0,5,95
2520,0,4,96
2521,0,4,96
2522,0,4,96
2523,0,4,96
2524,0,4,96
2525,0,4,96
2526,0,4,96
2527,0,4,96
2528,0,4,96
2529,0,4,96
2530,0,4,96
2531,0,4,96
2532,0,4,96
2533,0,4,96
2534,0,4,96
2535,0,4,96
2536,0,4,96
2537,0,4,96
2538,0,4,96
2539,0,4,96
2540,0,4,96
2541,0,4,96
2542,0,4,96
2543,0,4,96
2544,0,4,96
2545,0,4,96
2546,0,4,96
2547,0,4,96
2548,0,4,96
2549,0,4,96
2550,0,4,96
2551,0,4,96
2552,0,4,96
2553,0,4,96
2554,0,4,96
2555,0,4,96
2556,0,4,96
2557,0,4,96
2558,0,4,96
2559,0,4,96
2560,0,4,96
2561,0,4,96
2562,0,4,96
2563,0,4,96
2564,0,4,96
2565,0,4,96
2566,0,4,96
2567,0,4,96
2568,0,4,96
2569,0,4,96
2570,0,4,96
2571,0,4,96
2572,0,4,96
2573,0,4,96
2574,0,4,96
2575,0,4,96
2576,0,4,96
2577,0,4,96
2578,0,4,96
2579,0,4,96
2580,0,4,96
2581,0,4,96
2582,0,4,96
2583,0,4,96
2584,0,4,96
2585,0,4,96
2586,0,4,96
2587,0,4,96
2588,0,4,96
2589,0,4,96
2590,0,4,96
2591,0,4,96
2592,0,4,96
2593,0,4,96
2594,0,4,96
2595,0,4,96
2596,0,4,96
2597,0,4,96
2598,0,4,96
2599,0,4,96
2600,0,4,96
2601,0,4,96
2602,0,4,96
2603,0,4,96
2604,0,4,96
2605,0,4,96
2606,0,4,96
2607,0,4,96
2608,0,4,96
2609,0,4,96
2610,0,4,96
2611,0,4,96
2612,0,4,96
2613,0,4,96
2614,0,4,96
2615,0,4,96
2616,0,4,96
2617,0,4,96
2618,0,4,96
2619,0,4,96
2620,0,4,96
2621,0,4,96
2622,0,4,96
2623,0,4,96
2624,0,4,96
2625,0,4,96
2626,0,4,96
2627,0,4,96
2628,0,4,96
2629,0,4,96
2630,0,4,96
2631,0,4,96
2632,0,4,96
2633,0,4,96
2634,0,4,96
2635,0,4,96
2636,0,4,96
2637,0,4,96
2638,0,4,96
2639,0,4,96
2640,0,4,96
2641,0,4,96
2642,0,4,96
2643,0,4,96
2644,0,4,96
2645,0,4,96
2646,0,4,96
2647,0,4,96
2648,0,4,96
2649,0,4,96
2650,0,4,96
2651,0,4,96
2652,0,4,96
2653,0,4,96
2654,0,4,96
2655,0,4,96
2656,0,4,96
2657,0,4,96
2658,0,4,96
2659,0,4,96
2660,0,4,96
2661,0,4,96
2662,0,4,96
2663,0,4,96
2664,0,4,96
2665,0,4,96
2666,0,4,96
2667,0,4,96
2668,0,4,96
2669,0,4,96
2670,0,4,96
2671,0,4,96
2672,0,4,96
2673,0,4,96
2674,0,4,96
2675,0,4,96
2676,0,4,96
2677,0,4,96
2678,0,4,96
2679,0,4,96
2680,0,4,96
2681,0,4,96
2682,0,4,96
2683,0,4,96
2684,0,4,96
2685,0,4,96
2686,0,4,96
2687,0,4,96
2688,0,4,96
2689,0,4,96
2690,0,4,96
2691,0,4,96
2692,0,4,96
2693,0,4,96
2694,0,4,96
2695,0,4,96
2696,0,4,96
2697,0,4,96
2698,0,4,96
2699,0,4,96
2700,0,4,96
2701,0,4,96
2702,0,4,96
2703,0,4,96
2704,0,4,96
2705,0,4,96
2706,0,4,96
2707,0,4,96
2708,0,4,96
2709,0,4,96
2710,0,4,96
2711,0,4,96
2712,0,4,96
2713,0,4,96
2714,0,4,96
2715,0,4,96
2716,0,4,96
2717,0,4,96
2718,0,4,96
2719,0,4,96
2720,0,4,96
2721,0,4,96
2722,0,4,96
2723,0,4,96
2724,0,4,96
2725,0,4,96
2726,0,4,96
2727,0,4,96
2728,0,4,96
2729,0,4,96
2730,0,4,96
2731,0,4,96
2732,0,4,96
2733,0,4,96
2734,0,4,96
2735,0,4,96
2736,0,4,96
2737,0,4,96
2738,0,4,96
2739,0,4,96
2740,0,4,96
2741,0,4,96
2742,0,4,96
2743,0,4,96
2744,0,4,96
2745,0,4,96
2746,0,4,96
2747,0,4,96
2748,0,4,96
2749,0,4,96
2750,0,4,96
2751,0,4,96
2752,0,4,96
2753,0,4,96
2754,0,4,96
2755,0,4,96
2756,0,4,96
2757,0,4,96
2758,0,4,96
2759,0,4,96
2760,0,3,97
2761,0,3,97
2762,0,3,97
2763,0,3,97
2764,0,3,97
2765,0,3,97
2766,0,3,97
2767,0,3,97
2768,0,3,97
2769,0,3,97
2770,0,3,97
2771,0,3,97
2772,0,3,97
2773,0,3,97
2774,0,3,97
2775,0,3,97
2776,0,3,97
2777,0,3,97
2778,0,3,97
2779,0,3,97
2780,0,3,97
2781,0,3,97
2782,0,3,97
2783,0,3,97
2784,0,3,97
2785,0,3,97
2786,0,3,97
2787,0,3,97
2788,0,3,97
2789,0,3,97
2790,0,3,97
2791,0,3,97
2792,0,3,97
2793,0,3,97
2794,0,3,97
2795,0,3,97
2796,0,3,97
2797,0,3,97
2798,0,3,97
2799,0,3,97
2800,0,3,97
2801,0,3,97
2802,0,3,97
2803,0,3,97
2804,0,3,97
2805,0,3,97
2806,0,3,97
2807,0,3,97
2808,0,3,97
2809,0,3,97
2810,0,3,97
2811,0,3,97
2812,0,3,97
2813,0,3,97
2814,0,3,97
2815,0,3,97
2816,0,3,97
2817,0,3,97
2818,0,3,97
2819,0,3,97
2820,0,3,97
2821,0,3,97
2822,0,3,97
2823,0,3,97
2824,0,3,97
2825,0,3,97
2826,0,3,97
2827,0,3,97
2828,0,3,97
2829,0,3,97
2830,0,3,97
2831,0,3,97
2832,0,3,97
2833,0,3,97
2834,0,3,97
2835,0,3,97
2836,0,3,97
2837,0,3,97
2838,0,3,97
2839,0,3,97
2840,0,3,97
2841,0,3,97
2842,0,3,97
2843,0,3,97
2844,0,3,97
2845,0,3,97
2846,0,3,97
2847,0,3,97
2848,0,3,97
2849,0,3,97
2850,0,3,97
2851,0,3,97
2852,0,3,97
2853,0,3,97
2854,0,3,97
2855,0,3,97
2856,0,3,97
2857,0,3,97
2858,0,3,97
2859,0,3,97
2860,0,3,97
2861,0,3,97
2862,0,3,97
2863,0,3,97
2864,0,3,97
2865,0,3,97
2866,0,3,97
2867,0,3,97
2868,0,3,97
2869,0,3,97
2870,0,3,97
2871,0,3,97
2872,0,3,97
2873,0,3,97
2874,0,3,97
2875,0,3,97
2876,0,3,97
2877,0,3,97
2878,0,3,97
2879,0,3,97
2880,0,3,97
2881,0,3,97
2882,0,3,97
2883,0,3,97
2884,0,3,97
2885,0,3,97
2886,0,3,97
2887,0,3,97
2888,0,3,97
2889,0,3,97
2890,0,3,97
2891,0,3,97
2892,0,3,97
2893,0,3,97
2894,0,3,97
2895,0,2,98
2896,0,2,98
2897,0,2,98
2898,0,2,98
2899,0,2,98
2900,0,2,98
2901,0,2,98
2902,0,2,98
2903,0,2,98
2904,0,2,98
2905,0,2,98
2906,0,2,98
2907,0,2,98
2908,0,2,98
2909,0,2,98
2910,0,2,98
2911,0,2,98
2912,0,2,98
2913,0,2,98
2914,0,2,98
2915,0,2,98
2916,0,2,98
2917,0,2,98
2918,0,2,98
2919,0,2,98
2920,0,2,98
2921,0,2,98
2922,0,2,98
2923,0,2,98
2924,0,2,98
2925,0,2,98
2926,0,2,98
2927,0,2,98
2928,0,2,98
2929,0,2,98
2930,0,2,98
2931,0,2,98
2932,0,2,98
2933,0,2,98
2934,0,2,98
2935,0,2,98
2936,0,2,98
2937,0,2,98
2938,0,2,98
2939,0,2,98
2940,0,2,98
2941,0,2,98
2942,0,2,98
2943,0,2,98
2944,0,2,98
2945,0,2,98
2946,0,2,98
2947,0,2,98
2948,0,2,98
2949,0,2,98
2950,0,2,98
2951,0,2,98
2952,0,2,98
2953,0,2,98
2954,0,2,98
2955,0,2,98
2956,0,2,98
2957,0,2,98
2958,0,2,98
2959,0,2,98
2960,0,2,98
2961,0,2,98
2962,0,2,98
2963,0,2,98
2964,0,2,98
2965,0,2,98
2966,0,2,98
2967,0,2,98
2968,0,2,98
2969,0,2,98
2970,0,2,98
2971,0,2,98
2972,0,2,98
2973,0,2,98
2974,0,2,98
2975,0,2,98
2976,0,2,98
2977,0,2,98
2978,0,2,98
2979,0,1,99
2980,0,1,99
2981,0,1,99
2982,0,1,99
2983,0,1,99
2984,0,1,99
2985,0,1,99
2986,0,1,99
2987,0,1,99
2988,0,1,99
2989,0,1,99
2990,0,1,99
2991,0,1,99
2992,0,1,99
2993,0,1,99
2994,0,1,99
2995,0,1,99
2996,0,1,99
2997,0,1,99
2998,0,1,99
2999,0,1,99
3000,0,1,99
