Time,Healthy,Undetectable,Detectable
0,97,3,0
1,97,3,0
2,97,3,0
3,97,3,0
4,97,3,0
5,97,3,0
6,97,3,0
7,97,3,0
8,97,3,0
9,97,3,0
10,97,3,0
11,97,3,0
12,97,3,0
13,97,3,0
14,97,3,0
15,97,3,0
16,97,3,0
17,97,3,0
18,97,3,0
19,97,3,0
20,97,3,0
21,97,3,0
22,97,3,0
23,97,3,0
24,97,3,0
25,97,3,0
26,97,3,0
27,97,3,0
28,97,3,0
29,97,3,0
30,97,3,0
31,97,3,0
32,97,3,0
33,97,3,0
34,97,3,0
35,97,3,0
36,97,3,0
37,97,3,0
38,97,3,0
39,97,3,0
40,97,3,0
41,97,3,0
42,97,3,0
43,97,3,0
44,97,3,0
45,97,3,0
46,97,3,0
47,97,3,0
48,97,3,0
49,97,3,0
50,97,3,0
51,97,3,0
52,97,3,0
53,97,3,0
54,97,3,0
55,97,3,0
56,97,3,0
57,97,3,0
58,97,3,0
59,97,3,0
60,97,3,0
61,97,3,0
62,97,3,0
63,97,3,0
64,97,3,0
65,97,3,0
66,97,3,0
67,97,3,0
68,97,3,0
69,97,3,0
70,97,3,0
71,97,3,0
72,97,3,0
73,97,3,0
74,97,3,0
75,97,3,0
76,97,3,0
77,97,3,0
78,97,3,0
79,97,3,0
80,97,3,0
81,97,3,0
82,97,3,0
83,97,3,0
84,97,3,0
85,97,3,0
86,97,3,0
87,97,3,0
88,97,3,0
89,97,3,0
90,97,3,0
91,97,3,0
92,97,3,0
93,97,3,0
94,97,3,0
95,97,3,0
96,97,3,0
97,97,3,0
98,97,3,0
99,97,3,0
100,97,3,0
101,97,3,0
102,97,3,0
103,97,3,0
104,97,3,0
105,97,3,0
106,97,3,0
107,97,3,0
108,97,3,0
109,97,3,0
110,97,3,0
111,97,3,0
112,97,3,0
113,97,3,0
114,97,3,0
115,97,3,0
116,97,3,0
117,97,3,0
118,97,3,0
119,97,3,0
120,97,3,0
121,97,3,0
122,97,3,0
123,97,3,0
124,97,3,0
125,97,3,0
126,97,3,0
127,97,3,0
128,97,3,0
129,97,3,0
130,97,3,0
131,97,3,0
132,97,3,0
133,97,3,0
134,97,3,0
135,97,3,0
136,97,3,0
137,97,3,0
138,97,3,0
139,97,3,0
140,97,3,0
141,97,3,0
142,97,3,0
143,97,3,0
144,97,3,0
145,97,3,0
146,97,3,0
147,97,3,0
148,97,3,0
149,97,3,0
150,97,3,0
151,97,3,0
152,97,3,0
153,97,3,0
154,97,3,0
155,97,3,0
156,97,3,0
157,97,3,0
158,97,3,0
159,97,3,0
160,97,3,0
161,97,3,0
162,97,3,0
163,97,3,0
164,97,3,0
165,97,3,0
166,97,3,0
167,97,3,0
168,97,3,0
169,97,3,0
170,97,3,0
171,97,3,0
172,97,3,0
173,97,3,0
174,97,3,0
175,97,3,0
176,97,3,0
177,97,3,0
178,97,3,0
179,97,3,0
180,97,3,0
181,97,3,0
182,97,3,0
183,97,3,0
184,97,3,0
185,97,3,0
186,97,3,0
187,97,3,0
188,97,3,0
189,97,3,0
190,97,3,0
191,97,3,0
192,97,3,0
193,97,3,0
194,97,3,0
195,97,3,0
196,97,3,0
197,97,3,0
198,97,3,0
199,97,3,0
200,97,3,0
201,97,3,0
202,97,3,0
203,97,3,0
204,97,3,0
205,97,3,0
206,97,3,0
207,97,3,0
208,97,3,0
209,97,3,0
210,97,3,0
211,97,3,0
212,97,3,0
213,97,3,0
214,97,3,0
215,97,3,0
216,97,3,0
217,97,2,1
218,97,2,1
219,97,2,1
220,97,2,1
221,97,2,1
222,97,2,1
223,97,2,1
224,97,2,1
225,97,2,1
226,97,2,1
227,97,2,1
228,97,2,1
229,97,2,1
230,97,2,1
231,97,2,1
232,97,2,1
233,97,2,1
234,97,2,1
235,97,2,1
236,97,2,1
237,97,2,1
238,97,2,1
239,97,2,1
240,97,2,1
241,97,2,1
242,97,2,1
243,97,2,1
244,97,2,1
245,97,2,1
246,97,2,1
247,97,2,1
248,97,2,1
249,97,2,1
250,97,2,1
251,97,2,1
252,97,2,1
253,97,2,1
254,97,2,1
255,97,2,1
256,97,2,1
257,97,2,1
258,97,2,1
259,97,2,1
260,97,2,1
261,97,2,1
262,97,2,1
263,97,2,1
264,97,2,1
265,97,2,1
266,97,2,1
267,97,2,1
268,97,2,1
269,97,2,1
270,97,2,1
271,97,2,1
272,97,2,1
273,97,2,1
274,97,2,1
275,97,2,1
276,97,2,1
277,97,2,1
278,97,2,1
279,97,2,1
280,97,2,1
281,97,2,1
282,97,2,1
283,97,2,1
284,97,2,1
285,97,2,1
286,97,2,1
287,97,2,1
288,97,2,1
289,97,2,1
290,97,2,1
291,97,2,1
292,97,2,1
293,97,2,1
294,97,2,1
295,97,2,1
296,97,2,1
297,97,2,1
298,97,2,1
299,97,2,1
300,97,2,1
301,97,2,1
302,97,2,1
303,97,2,1
304,97,2,1
305,97,2,1
306,97,2,1
307,97,2,1
308,97,2,1
309,97,2,1
310,97,2,1
311,97,2,1
312,97,2,1
313,97,2,1
314,97,2,1
315,97,2,1
316,97,2,1
317,97,2,1
318,97,2,1
319,97,2,1
320,97,2,1
321,97,2,1
322,97,2,1
323,97,2,1
324,97,2,1
325,97,2,1
326,97,2,1
327,97,2,1
328,97,2,1
329,97,2,1
330,97,2,1
331,97,2,1
332,97,2,1
333,97,2,1
334,97,2,1
335,97,2,1
336,97,2,1
337,97,2,1
338,97,2,1
339,97,2,1
340,97,2,1
341,97,2,1
342,97,2,1
343,97,2,1
344,97,2,1
345,97,2,1
346,97,2,1
347,97,2,1
348,97,2,1
349,97,2,1
350,97,2,1
351,97,2,1
352,97,2,1
353,97,2,1
354,97,2,1
355,97,2,1
356,97,2,1
357,97,2,1
358,97,2,1
359,97,2,1
360,97,2,1
361,97,2,1
362,97,2,1
363,97,2,1
364,97,2,1
365,97,2,1
366,97,2,1
367,97,2,1
368,97,2,1
369,97,2,1
370,97,2,1
371,97,2,1
372,97,2,1
373,97,2,1
374,97,2,1
375,97,2,1
376,97,2,1
377,97,2,1
378,97,2,1
379,97,2,1
380,97,2,1
381,97,2,1
382,97,2,1
383,97,2,1
384,97,2,1
385,97,2,1
386,97,2,1
387,97,2,1
388,97,2,1
389,97,2,1
390,97,2,1
391,97,2,1
392,97,2,1
393,97,2,1
394,97,2,1
395,97,2,1
396,97,2,1
397,97,2,1
398,97,2,1
399,97,2,1
400,97,2,1
401,97,2,1
402,97,2,1
403,97,2,1
404,97,2,1
405,97,2,1
406,97,2,1
407,97,2,1
408,97,2,1
409,97,2,1
410,97,2,1
411,97,2,1
412,97,2,1
413,97,2,1
414,96,3,1
415,96,3,1
416,96,3,1
417,96,3,1
418,96,3,1
419,96,3,1
420,96,3,1
421,96,3,1
422,96,3,1
423,96,3,1
424,96,3,1
425,96,3,1
426,96,3,1
427,96,3,1
428,96,3,1
429,96,3,1
430,96,3,1
431,96,3,1
432,96,3,1
433,96,3,1
434,96,3,1
435,96,3,1
436,96,3,1
437,96,3,1
438,96,3,1
439,96,3,1
440,96,3,1
441,96,3,1
442,96,3,1
443,96,3,1
444,96,3,1
445,96,3,1
446,96,3,1
447,96,3,1
448,96,3,1
449,96,3,1
450,96,3,1
451,96,3,1
452,96,3,1
453,96,3,1
454,96,3,1
455,96,3,1
456,96,3,1
457,96,3,1
458,96,3,1
459,96,3,1
460,96,3,1
461,96,3,1
462,96,3,1
463,96,3,1
464,96,3,1
465,96,3,1
466,96,3,1
467,96,3,1
468,96,3,1
469,96,3,1
470,96,3,1
471,96,3,1
472,96,3,1
473,96,3,1
474,96,3,1
475,96,3,1
476,96,3,1
477,96,3,1
478,96,3,1
479,96,3,1
480,96,3,1
481,96,3,1
482,96,3,1
483,96,3,1
484,96,3,1
485,96,3,1
486,96,3,1
487,96,3,1
488,96,3,1
489,96,3,1
490,96,3,1
491,96,3,1
492,96,3,1
493,96,3,1
494,96,3,1
495,96,3,1
496,96,3,1
497,96,3,1
498,96,3,1
499,96,3,1
500,96,3,1
501,96,3,1
502,96,3,1
503,96,3,1
504,96,3,1
505,96,3,1
506,96,3,1
507,96,3,1
508,96,3,1
509,96,3,1
510,96,3,1
511,96,2,2
512,96,2,2
513,96,2,2
514,96,2,2
515,96,2,2
516,96,2,2
517,96,2,2
518,96,2,2
519,96,2,2
520,96,2,2
521,96,2,2
522,96,2,2
523,96,2,2
524,96,2,2
525,96,2,2
526,96,2,2
527,96,2,2
528,96,2,2
529,96,2,2
530,96,2,2
531,96,2,2
532,96,2,2
533,96,2,2
534,96,2,2
535,96,2,2
536,96,2,2
537,96,2,2
538,96,2,2
539,96,2,2
540,96,2,2
541,96,2,2
542,96,2,2
543,96,2,2
544,96,2,2
545,96,2,2
546,96,2,2
547,96,2,2
548,96,2,2
549,96,2,2
550,96,2,2
551,96,2,2
552,96,2,2
553,96,2,2
554,96,2,2
555,96,2,2
556,96,2,2
557,96,2,2
558,95,3,2
559,95,3,2
560,95,3,2
561,95,3,2
562,95,3,2
563,95,3,2
564,94,4,2
565,94,4,2
566,94,4,2
567,94,4,2
568,94,4,2
569,94,4,2
570,94,4,2
571,94,4,2
572,94,3,3
573,94,3,3
574,94,3,3
575,94,3,3
576,94,3,3
577,94,3,3
578,94,3,3
579,94,3,3
580,94,3,3
581,94,3,3
582,94,3,3
583,94,3,3
584,94,3,3
585,94,3,3
586,94,3,3
587,94,3,3
588,94,3,3
589,94,3,3
590,94,3,3
591,94,3,3
592,94,3,3
593,94,3,3
594,94,3,3
595,94,3,3
596,94,3,3
597,94,3,3
598,94,3,3
599,94,3,3
600,94,3,3
601,94,3,3
602,94,3,3
603,94,3,3
604,94,3,3
605,94,3,3
606,94,3,3
607,94,3,3
608,94,3,3
609,94,3,3
610,94,3,3
611,94,3,3
612,94,3,3
613,94,3,3
614,94,3,3
615,94,3,3
616,94,3,3
617,94,3,3
618,94,3,3
619,94,3,3
620,94,3,3
621,94,3,3
622,94,3,3
623,94,3,3
624,93,4,3
625,93,4,3
626,93,4,3
627,93,3,4
628,93,3,4
629,93,3,4
630,93,3,4
631,93,3,4
632,93,3,4
633,93,3,4
634,93,3,4
635,93,3,4
636,93,3,4
637,92,4,4
638,92,4,4
639,92,4,4
640,92,4,4
641,92,4,4
642,92,4,4
643,92,4,4
644,92,4,4
645,92,4,4
646,92,4,4
647,92,4,4
648,92,4,4
649,92,4,4
650,92,4,4
651,92,4,4
652,92,4,4
653,92,4,4
654,92,4,4
655,92,4,4
656,92,4,4
657,92,4,4
658,92,4,4
659,92,4,4
660,92,4,4
661,92,4,4
662,92,4,4
663,92,4,4
664,92,4,4
665,92,4,4
666,92,4,4
667,92,4,4
668,92,4,4
669,92,4,4
670,92,4,4
671,92,4,4
672,92,4,4
673,92,4,4
674,92,4,4
675,92,4,4
676,92,4,4
677,92,4,4
678,92,4,4
679,92,4,4
680,92,4,4
681,92,4,4
682,92,4,4
683,92,4,4
684,92,4,4
685,92,4,4
686,92,4,4
687,92,4,4
688,92,4,4
689,92,4,4
690,92,4,4
691,92,4,4
692,92,4,4
693,92,4,4
694,92,4,4
695,91,5,4
696,91,5,4
697,91,5,4
698,91,5,4
699,91,5,4
700,91,5,4
701,91,5,4
702,91,5,4
703,91,5,4
704,91,5,4
705,91,5,4
706,91,5,4
707,91,5,4
708,91,5,4
709,91,5,4
710,91,5,4
711,91,5,4
712,91,5,4
713,91,5,4
714,91,5,4
715,91,5,4
716,91,5,4
717,91,5,4
718,91,5,4
719,91,5,4
720,91,5,4
721,91,5,4
722,91,5,4
723,91,5,4
724,90,6,4
725,90,6,4
726,90,6,4
727,90,6,4
728,90,6,4
729,90,6,4
730,90,6,4
731,90,6,4
732,90,6,4
733,90,6,4
734,90,6,4
735,90,6,4
736,90,6,4
737,90,6,4
738,89,7,4
739,89,7,4
740,89,7,4
741,89,7,4
742,89,7,4
743,89,7,4
744,89,7,4
745,89,7,4
746,89,7,4
747,89,7,4
748,89,7,4
749,89,7,4
750,89,7,4
751,89,7,4
752,89,7,4
753,89,7,4
754,88,8,4
755,88,8,4
756,88,8,4
757,88,8,4
758,88,8,4
759,88,8,4
760,88,8,4
761,88,8,4
762,88,8,4
763,88,8,4
764,88,8,4
765,88,8,4
766,88,8,4
767,88,8,4
768,88,8,4
769,88,8,4
770,88,8,4
771,88,8,4
772,88,8,4
773,88,8,4
774,88,8,4
775,88,8,4
776,88,8,4
777,88,8,4
778,88,8,4
779,88,8,4
780,87,9,4
781,87,9,4
782,86,10,4
783,86,10,4
784,86,10,4
785,86,9,5
786,86,9,5
787,86,9,5
788,86,9,5
789,86,9,5
790,86,9,5
791,85,10,5
792,85,10,5
793,85,10,5
794,85,10,5
795,85,10,5
796,85,10,5
797,85,10,5
798,85,10,5
799,85,10,5
800,85,10,5
801,84,11,5
802,84,11,5
803,84,11,5
804,84,10,6
805,84,10,6
806,84,10,6
807,83,11,6
808,83,11,6
809,83,11,6
810,82,12,6
811,82,12,6
812,82,12,6
813,82,12,6
814,82,12,6
815,82,12,6
816,82,12,6
817,82,12,6
818,82,12,6
819,82,11,7
820,82,11,7
821,82,11,7
822,82,11,7
823,82,11,7
824,82,11,7
825,81,12,7
826,81,12,7
827,81,12,7
828,81,12,7
829,81,12,7
830,81,12,7
831,81,12,7
832,81,12,7
833,81,12,7
834,81,12,7
835,81,12,7
836,81,12,7
837,81,12,7
838,81,12,7
839,81,12,7
840,81,12,7
841,81,12,7
842,81,12,7
843,80,13,7
844,80,13,7
845,80,13,7
846,80,13,7
847,80,13,7
848,80,13,7
849,80,13,7
850,80,13,7
851,80,13,7
852,80,13,7
853,80,13,7
854,80,13,7
855,80,13,7
856,80,13,7
857,80,13,7
858,80,13,7
859,80,13,7
860,80,13,7
861,80,13,7
862,80,13,7
863,80,13,7
864,80,13,7
865,80,13,7
866,80,13,7
867,80,13,7
868,80,13,7
869,80,13,7
870,80,13,7
871,80,13,7
872,80,12,8
873,80,12,8
874,80,12,8
875,80,12,8
876,80,12,8
877,80,12,8
878,80,12,8
879,80,12,8
880,80,12,8
881,80,12,8
882,80,12,8
883,80,12,8
884,80,12,8
885,80,12,8
886,80,12,8
887,80,12,8
888,80,12,8
889,80,12,8
890,80,12,8
891,80,12,8
892,80,12,8
893,80,12,8
894,80,12,8
895,80,12,8
896,80,12,8
897,80,12,8
898,80,12,8
899,80,12,8
900,80,12,8
901,80,12,8
902,79,13,8
903,78,14,8
904,78,14,8
905,78,14,8
906,78,14,8
907,78,14,8
908,78,14,8
909,78,14,8
910,78,14,8
911,78,13,9
912,77,14,9
913,77,14,9
914,77,14,9
915,77,14,9
916,77,14,9
917,77,14,9
918,77,14,9
919,77,14,9
920,77,14,9
921,77,14,9
922,76,15,9
923,76,15,9
924,76,15,9
925,76,15,9
926,76,15,9
927,76,15,9
928,76,15,9
929,76,15,9
930,76,15,9
931,76,15,9
932,76,15,9
933,76,15,9
934,76,15,9
935,76,15,9
936,75,16,9
937,75,16,9
938,75,16,9
939,75,16,9
940,75,16,9
941,74,17,9
942,74,17,9
943,74,17,9
944,74,17,9
945,74,17,9
946,74,17,9
947,74,17,9
948,74,17,9
949,74,17,9
950,74,17,9
951,74,17,9
952,74,17,9
953,74,17,9
954,73,18,9
955,72,19,9
956,72,19,9
957,72,19,9
958,72,19,9
959,72,19,9
960,71,20,9
961,71,20,9
962,71,20,9
963,71,20,9
964,71,20,9
965,71,20,9
966,71,19,10
967,71,19,10
968,71,19,10
969,71,18,11
970,71,18,11
971,71,17,12
972,71,17,12
973,71,17,12
974,71,17,12
975,71,17,12
976,71,17,12
977,71,17,12
978,71,17,12
979,71,17,12
980,71,17,12
981,71,16,13
982,70,17,13
983,70,17,13
984,70,17,13
985,69,18,13
986,69,18,13
987,68,19,13
988,68,19,13
989,68,19,13
990,67,20,13
991,67,20,13
992,67,19,14
993,65,21,14
994,65,21,14
995,64,22,14
996,64,22,14
997,62,24,14
998,61,25,14
999,61,25,14
1000,61,25,14
1001,61,25,14
1002,61,25,14
1003,61,25,14
1004,61,25,14
1005,61,25,14
1006,61,25,14
1007,61,25,14
1008,61,25,14
1009,60,26,14
1010,59,27,14
1011,59,27,14
1012,59,27,14
1013,59,27,14
1014,59,27,14
1015,59,27,14
1016,58,28,14
1017,58,28,14
1018,58,28,14
1019,58,28,14
1020,58,28,14
1021,58,28,14
1022,58,28,14
1023,58,28,14
1024,58,28,14
1025,58,28,14
1026,58,28,14
1027,58,28,14
1028,58,28,14
1029,58,28,14
1030,58,28,14
1031,58,28,14
1032,58,28,14
1033,58,28,14
1034,58,28,14
1035,58,28,14
1036,57,29,14
1037,57,29,14
1038,57,29,14
1039,57,29,14
1040,57,29,14
1041,57,29,14
1042,57,29,14
1043,57,29,14
1044,57,29,14
1045,57,29,14
1046,57,29,14
1047,57,29,14
1048,57,29,14
1049,57,29,14
1050,57,29,14
1051,56,30,14
1052,56,30,14
1053,56,30,14
1054,56,30,14
1055,56,29,15
1056,55,30,15
1057,55,30,15
1058,55,30,15
1059,55,30,15
1060,55,30,15
1061,55,30,15
1062,55,30,15
1063,55,30,15
1064,55,30,15
1065,55,30,15
1066,55,30,15
1067,54,31,15
1068,54,31,15
1069,54,30,16
1070,54,30,16
1071,54,30,16
1072,53,30,17
1073,53,30,17
1074,53,29,18
1075,53,29,18
1076,53,29,18
1077,53,29,18
1078,53,29,18
1079,53,29,18
1080,53,29,18
1081,53,29,18
1082,53,29,18
1083,53,29,18
1084,53,29,18
1085,53,29,18
1086,53,29,18
1087,53,29,18
1088,53,29,18
1089,53,29,18
1090,53,28,19
1091,53,28,19
1092,53,28,19
1093,53,28,19
1094,53,28,19
1095,52,29,19
1096,52,29,19
1097,52,29,19
1098,52,29,19
1099,52,29,19
1100,52,29,19
1101,52,29,19
1102,50,31,19
1103,50,31,19
1104,50,31,19
1105,50,31,19
1106,50,31,19
1107,50,31,19
1108,50,31,19
1109,50,30,20
1110,50,30,20
1111,50,30,20
1112,50,30,20
1113,47,33,20
1114,47,33,20
1115,47,33,20
1116,47,33,20
1117,47,33,20
1118,47,33,20
1119,47,33,20
1120,47,32,21
1121,47,32,21
1122,47,32,21
1123,47,32,21
1124,47,32,21
1125,47,32,21
1126,47,32,21
1127,47,32,21
1128,47,32,21
1129,47,32,21
1130,47,32,21
1131,47,32,21
1132,46,33,21
1133,46,33,21
1134,46,33,21
1135,46,33,21
1136,46,33,21
1137,46,33,21
1138,46,33,21
1139,46,33,21
1140,46,33,21
1141,46,33,21
1142,46,33,21
1143,46,33,21
1144,46,33,21
1145,46,33,21
1146,46,33,21
1147,46,33,21
1148,46,33,21
1149,45,34,21
1150,45,33,22
1151,45,33,22
1152,45,33,22
1153,45,33,22
1154,45,32,23
1155,45,31,24
1156,44,32,24
1157,43,33,24
1158,43,33,24
1159,43,33,24
1160,43,33,24
1161,42,34,24
1162,42,33,25
1163,41,34,25
1164,40,35,25
1165,39,36,25
1166,39,36,25
1167,39,36,25
1168,39,36,25
1169,39,36,25
1170,38,37,25
1171,38,37,25
1172,38,37,25
1173,38,37,25
1174,38,37,25
1175,38,37,25
1176,38,37,25
1177,38,37,25
1178,38,37,25
1179,38,37,25
1180,38,37,25
1181,38,37,25
1182,37,38,25
1183,37,38,25
1184,36,39,25
1185,36,39,25
1186,36,39,25
1187,36,39,25
1188,35,40,25
1189,35,40,25
1190,35,40,25
1191,35,40,25
1192,35,40,25
1193,35,40,25
1194,35,40,25
1195,35,40,25
1196,35,39,26
1197,35,39,26
1198,34,40,26
1199,34,40,26
1200,34,40,26
1201,34,40,26
1202,34,40,26
1203,34,40,26
1204,34,40,26
1205,33,41,26
1206,33,41,26
1207,33,41,26
1208,33,41,26
1209,33,41,26
1210,32,42,26
1211,32,42,26
1212,32,42,26
1213,32,42,26
1214,32,42,26
1215,32,42,26
1216,32,42,26
1217,32,42,26
1218,32,42,26
1219,32,42,26
1220,32,42,26
1221,32,42,26
1222,32,42,26
1223,32,42,26
1224,31,43,26
1225,31,43,26
1226,31,43,26
1227,31,43,26
1228,31,43,26
1229,31,43,26
1230,31,43,26
1231,31,43,26
1232,31,42,27
1233,31,42,27
1234,31,42,27
1235,30,43,27
1236,30,43,27
1237,30,43,27
1238,30,43,27
1239,29,44,27
1240,29,44,27
1241,29,43,28
1242,29,43,28
1243,29,43,28
1244,29,43,28
1245,29,43,28
1246,29,43,28
1247,29,43,28
1248,29,42,29
1249,29,42,29
1250,28,42,30
1251,28,42,30
1252,28,42,30
1253,28,42,30
1254,28,42,30
1255,28,42,30
1256,28,42,30
1257,28,42,30
1258,28,42,30
1259,27,43,30
1260,27,43,30
1261,27,43,30
1262,27,43,30
1263,27,43,30
1264,26,44,30
1265,26,44,30
1266,26,44,30
1267,26,44,30
1268,26,44,30
1269,26,44,30
1270,26,44,30
1271,26,43,31
1272,26,43,31
1273,25,44,31
1274,25,44,31
1275,25,44,31
1276,25,44,31
1277,24,45,31
1278,24,44,32
1279,24,44,32
1280,24,43,33
1281,24,43,33
1282,24,43,33
1283,24,43,33
1284,24,43,33
1285,24,42,34
1286,24,42,34
1287,24,42,34
1288,24,42,34
1289,23,43,34
1290,23,43,34
1291,23,43,34
1292,23,43,34
1293,23,43,34
1294,23,43,34
1295,23,43,34
1296,23,43,34
1297,23,43,34
1298,23,43,34
1299,23,43,34
1300,23,43,34
1301,23,43,34
1302,23,43,34
1303,23,42,35
1304,23,42,35
1305,23,42,35
1306,23,42,35
1307,23,42,35
1308,23,42,35
1309,22,43,35
1310,22,43,35
1311,22,43,35
1312,22,43,35
1313,22,43,35
1314,22,43,35
1315,22,43,35
1316,22,43,35
1317,22,43,35
1318,22,43,35
1319,22,43,35
1320,22,43,35
1321,22,43,35
1322,22,43,35
1323,22,43,35
1324,21,44,35
1325,21,44,35
1326,21,43,36
1327,21,43,36
1328,21,43,36
1329,21,42,37
1330,21,42,37
1331,21,42,37
1332,21,42,37
1333,19,44,37
1334,19,44,37
1335,19,44,37
1336,19,44,37
1337,19,44,37
1338,19,44,37
1339,19,44,37
1340,19,44,37
1341,19,44,37
1342,19,44,37
1343,19,44,37
1344,19,44,37
1345,18,44,38
1346,18,43,39
1347,18,43,39
1348,18,43,39
1349,18,43,39
1350,18,43,39
1351,17,44,39
1352,17,44,39
1353,17,44,39
1354,17,44,39
1355,17,44,39
1356,17,44,39
1357,17,44,39
1358,17,44,39
1359,17,44,39
1360,17,44,39
1361,17,44,39
1362,16,45,39
1363,16,45,39
1364,15,46,39
1365,15,46,39
1366,15,46,39
1367,15,46,39
1368,15,46,39
1369,15,46,39
1370,15,46,39
1371,15,46,39
1372,15,46,39
1373,15,46,39
1374,15,46,39
1375,15,46,39
1376,15,46,39
1377,13,47,40
1378,13,47,40
1379,13,47,40
1380,13,46,41
1381,13,46,41
1382,13,46,41
1383,13,46,41
1384,13,46,41
1385,13,46,41
1386,13,46,41
1387,13,46,41
1388,13,46,41
1389,13,46,41
1390,13,46,41
1391,13,46,41
1392,12,46,42
1393,12,46,42
1394,12,46,42
1395,12,46,42
1396,12,46,42
1397,12,46,42
1398,12,46,42
1399,12,45,43
1400,12,44,44
1401,11,45,44
1402,10,46,44
1403,10,46,44
1404,10,46,44
1405,10,46,44
1406,10,46,44
1407,10,46,44
1408,10,45,45
1409,10,44,46
1410,10,44,46
1411,10,42,48
1412,10,42,48
1413,10,42,48
1414,10,42,48
1415,10,42,48
1416,10,42,48
1417,10,42,48
1418,10,42,48
1419,10,42,48
1420,9,43,48
1421,9,43,48
1422,9,43,48
1423,9,43,48
1424,9,42,49
1425,9,42,49
1426,9,42,49
1427,9,42,49
1428,9,42,49
1429,9,42,49
1430,8,43,49
1431,8,43,49
1432,8,42,50
1433,7,43,50
1434,7,43,50
1435,7,42,51
1436,7,42,51
1437,7,42,51
1438,7,42,51
1439,7,42,51
1440,7,42,51
1441,7,42,51
1442,7,42,51
1443,6,43,51
1444,6,43,51
1445,6,43,51
1446,6,43,51
1447,6,43,51
1448,6,42,52
1449,6,42,52
1450,6,42,52
1451,5,43,52
1452,5,43,52
1453,5,42,53
1454,5,42,53
1455,5,42,53
1456,5,42,53
1457,4,43,53
1458,4,43,53
1459,4,43,53
1460,4,43,53
1461,4,42,54
1462,4,41,55
1463,4,41,55
1464,4,41,55
1465,4,41,55
1466,4,41,55
1467,4,41,55
1468,4,41,55
1469,4,40,56
1470,4,40,56
1471,4,40,56
1472,4,40,56
1473,4,40,56
1474,4,39,57
1475,4,38,58
1476,4,38,58
1477,4,38,58
1478,4,38,58
1479,4,38,58
1480,4,38,58
1481,4,38,58
1482,4,38,58
1483,4,38,58
1484,4,38,58
1485,4,38,58
1486,4,38,58
1487,4,38,58
1488,4,38,58
1489,4,38,58
1490,4,38,58
1491,4,38,58
1492,4,38,58
1493,4,37,59
1494,4,37,59
1495,4,37,59
1496,4,37,59
1497,4,37,59
1498,3,38,59
1499,3,38,59
1500,3,38,59
1501,3,38,59
1502,3,38,59
1503,3,38,59
1504,2,39,59
1505,2,39,59
1506,2,39,59
1507,2,39,59
1508,2,39,59
1509,2,39,59
1510,2,39,59
1511,2,39,59
1512,2,39,59
1513,2,37,61
1514,2,37,61
1515,2,37,61
1516,2,37,61
1517,2,37,61
1518,2,37,61
1519,2,36,62
1520,2,36,62
1521,2,36,62
1522,2,36,62
1523,2,36,62
1524,2,36,62
1525,2,36,62
1526,2,36,62
1527,2,36,62
1528,2,36,62
1529,2,36,62
1530,2,36,62
1531,2,36,62
1532,2,36,62
1533,2,36,62
1534,2,36,62
1535,2,36,62
1536,2,36,62
1537,2,36,62
1538,2,36,62
1539,2,36,62
1540,2,36,62
1541,1,37,62
1542,1,37,62
1543,1,37,62
1544,1,37,62
1545,1,37,62
1546,1,37,62
1547,1,37,62
1548,1,37,62
1549,1,37,62
1550,1,37,62
1551,1,37,62
1552,1,37,62
1553,1,37,62
1554,1,37,62
1555,1,37,62
1556,1,37,62
1557,1,37,62
1558,1,37,62
1559,1,37,62
1560,1,36,63
1561,1,36,63
1562,1,36,63
1563,1,36,63
1564,1,36,63
1565,1,36,63
1566,1,36,63
1567,1,36,63
1568,1,36,63
1569,1,36,63
1570,1,35,64
1571,1,35,64
1572,1,35,64
1573,1,35,64
1574,1,35,64
1575,1,35,64
1576,1,35,64
1577,1,35,64
1578,1,35,64
1579,1,35,64
1580,1,35,64
1581,1,35,64
1582,1,34,65
1583,1,34,65
1584,1,34,65
1585,1,34,65
1586,1,34,65
1587,1,34,65
1588,1,34,65
1589,1,34,65
1590,1,34,65
1591,1,34,65
1592,1,34,65
1593,1,34,65
1594,1,34,65
1595,1,34,65
1596,1,34,65
1597,1,34,65
1598,1,34,65
1599,1,34,65
1600,1,34,65
1601,1,34,65
1602,1,34,65
1603,1,34,65
1604,1,34,65
1605,1,33,66
1606,1,33,66
1607,1,33,66
1608,0,34,66
1609,0,34,66
1610,0,33,67
1611,0,33,67
1612,0,33,67
1613,0,33,67
1614,0,33,67
1615,0,33,67
1616,0,33,67
1617,0,32,68
1618,0,32,68
1619,0,32,68
1620,0,32,68
1621,0,32,68
1622,0,32,68
1623,0,32,68
1624,0,32,68
1625,0,32,68
1626,0,32,68
1627,0,32,68
1628,0,32,68
1629,0,32,68
1630,0,32,68
1631,0,32,68
1632,0,32,68
1633,0,32,68
1634,0,32,68
1635,0,32,68
1636,0,32,68
1637,0,32,68
1638,0,32,68
1639,0,32,68
1640,0,32,68
1641,0,32,68
1642,0,32,68
1643,0,32,68
1644,0,32,68
1645,0,32,68
1646,0,32,68
1647,0,32,68
1648,0,32,68
1649,0,32,68
1650,0,32,68
1651,0,32,68
1652,0,32,68
1653,0,32,68
1654,0,32,68
1655,0,32,68
1656,0,32,68
1657,0,32,68
1658,0,32,68
1659,0,32,68
1660,0,32,68
1661,0,32,68
1662,0,32,68
1663,0,32,68
1664,0,32,68
1665,0,32,68
1666,0,32,68
1667,0,32,68
1668,0,32,68
1669,0,32,68
1670,0,32,68
1671,0,32,68
1672,0,32,68
1673,0,32,68
1674,0,32,68
1675,0,32,68
1676,0,32,68
1677,0,32,68
1678,0,32,68
1679,0,32,68
1680,0,32,68
1681,0,32,68
1682,0,32,68
1683,0,32,68
1684,0,32,68
1685,0,32,68
1686,0,32,68
1687,0,31,69
1688,0,31,69
1689,0,30,70
1690,0,30,70
1691,0,30,70
1692,0,30,70
1693,0,30,70
1694,0,30,70
1695,0,29,71
1696,0,29,71
1697,0,29,71
1698,0,29,71
1699,0,29,71
1700,0,29,71
1701,0,29,71
1702,0,29,71
1703,0,29,71
1704,0,29,71
1705,0,29,71
1706,0,29,71
1707,0,29,71
1708,0,29,71
1709,0,29,71
1710,0,29,71
1711,0,29,71
1712,0,29,71
1713,0,29,71
1714,0,29,71
1715,0,29,71
1716,0,29,71
1717,0,28,72
1718,0,28,72
1719,0,27,73
1720,0,27,73
1721,0,27,73
1722,0,27,73
1723,0,27,73
1724,0,27,73
1725,0,27,73
1726,0,27,73
1727,0,27,73
1728,0,27,73
1729,0,27,73
1730,0,27,73
1731,0,27,73
1732,0,26,74
1733,0,26,74
1734,0,26,74
1735,0,26,74
1736,0,25,75
1737,0,25,75
1738,0,24,76
1739,0,24,76
1740,0,24,76
1741,0,24,76
1742,0,24,76
1743,0,23,77
1744,0,23,77
1745,0,23,77
1746,0,23,77
1747,0,22,78
1748,0,22,78
1749,0,22,78
1750,0,22,78
1751,0,22,78
1752,0,21,79
1753,0,21,79
1754,0,21,79
1755,0,21,79
1756,0,21,79
1757,0,21,79
1758,0,21,79
1759,0,21,79
1760,0,21,79
1761,0,21,79
1762,0,21,79
1763,0,21,79
1764,0,21,79
1765,0,21,79
1766,0,21,79
1767,0,21,79
1768,0,21,79
1769,0,21,79
1770,0,21,79
1771,0,21,79
1772,0,21,79
1773,0,21,79
1774,0,21,79
1775,0,21,79
1776,0,21,79
1777,0,21,79
1778,0,21,79
1779,0,21,79
1780,0,21,79
1781,0,21,79
1782,0,21,79
1783,0,21,79
1784,0,21,79
1785,0,21,79
1786,0,21,79
1787,0,21,79
1788,0,21,79
1789,0,21,79
1790,0,21,79
1791,0,21,79
1792,0,21,79
1793,0,21,79
1794,0,21,79
1795,0,21,79
1796,0,20,80
1797,0,20,80
1798,0,20,80
1799,0,20,80
1800,0,20,80
1801,0,20,80
1802,0,20,80
1803,0,20,80
1804,0,20,80
1805,0,20,80
1806,0,20,80
1807,0,20,80
1808,0,19,81
1809,0,19,81
1810,0,18,82
1811,0,18,82
1812,0,18,82
1813,0,17,83
1814,0,17,83
1815,0,17,83
1816,0,17,83
1817,0,17,83
1818,0,17,83
1819,0,17,83
1820,0,17,83
1821,0,17,83
1822,0,17,83
1823,0,17,83
1824,0,17,83
1825,0,17,83
1826,0,17,83
1827,0,17,83
1828,0,17,83
1829,0,17,83
1830,0,17,83
1831,0,17,83
1832,0,17,83
1833,0,17,83
1834,0,17,83
1835,0,17,83
1836,0,17,83
1837,0,17,83
1838,0,17,83
1839,0,16,84
1840,0,15,85
1841,0,15,85
1842,0,15,85
1843,0,15,85
1844,0,15,85
1845,0,15,85
1846,0,15,85
1847,0,15,85
1848,0,15,85
1849,0,15,85
1850,0,15,85
1851,0,15,85
1852,0,15,85
1853,0,15,85
1854,0,15,85
1855,0,15,85
1856,0,15,85
1857,0,15,85
1858,0,15,85
1859,0,15,85
1860,0,15,85
1861,0,14,86
1862,0,14,86
1863,0,14,86
1864,0,14,86
1865,0,14,86
1866,0,14,86
1867,0,14,86
1868,0,14,86
1869,0,14,86
1870,0,14,86
1871,0,14,86
1872,0,14,86
1873,0,14,86
1874,0,14,86
1875,0,14,86
1876,0,14,86
1877,0,14,86
1878,0,14,86
1879,0,14,86
1880,0,14,86
1881,0,14,86
1882,0,14,86
1883,0,14,86
1884,0,14,86
1885,0,14,86
1886,0,14,86
1887,0,14,86
1888,0,14,86
1889,0,14,86
1890,0,14,86
1891,0,14,86
1892,0,14,86
1893,0,14,86
1894,0,14,86
1895,0,14,86
1896,0,14,86
1897,0,14,86
1898,0,14,86
1899,0,14,86
1900,0,14,86
1901,0,14,86
1902,0,14,86
1903,0,14,86
1904,0,14,86
1905,0,14,86
1906,0,14,86
1907,0,14,86
1908,0,14,86
1909,0,14,86
1910,0,14,86
1911,0,14,86
1912,0,14,86
1913,0,14,86
1914,0,14,86
1915,0,14,86
1916,0,14,86
1917,0,14,86
1918,0,14,86
1919,0,14,86
1920,0,14,86
1921,0,14,86
1922,0,14,86
1923,0,14,86
1924,0,14,86
1925,0,14,86
1926,0,14,86
1927,0,14,86
1928,0,14,86
1929,0,14,86
1930,0,14,86
1931,0,14,86
1932,0,14,86
1933,0,14,86
1934,0,14,86
1935,0,14,86
1936,0,14,86
1937,0,14,86
1938,0,14,86
1939,0,14,86
1940,0,14,86
1941,0,14,86
1942,0,14,86
1943,0,14,86
1944,0,14,86
1945,0,14,86
1946,0,14,86
1947,0,14,86
1948,0,14,86
1949,0,14,86
1950,0,14,86
1951,0,14,86
1952,0,14,86
1953,0,14,86
1954,0,14,86
1955,0,14,86
1956,0,14,86
1957,0,14,86
1958,0,14,86
1959,0,14,86
1960,0,14,86
1961,0,14,86
1962,0,14,86
1963,0,14,86
1964,0,14,86
1965,0,14,86
1966,0,14,86
1967,0,14,86
1968,0,14,86
1969,0,14,86
1970,0,14,86
1971,0,14,86
1972,0,14,86
1973,0,14,86
1974,0,14,86
1975,0,14,86
1976,0,13,87
1977,0,13,87
1978,0,13,87
1979,0,12,88
1980,0,12,88
1981,0,12,88
1982,0,12,88
1983,0,12,88
1984,0,12,88
1985,0,12,88
1986,0,12,88
1987,0,12,88
1988,0,12,88
1989,0,12,88
1990,0,12,88
1991,0,12,88
1992,0,12,88
1993,0,12,88
1994,0,12,88
1995,0,12,88
1996,0,12,88
1997,0,12,88
1998,0,12,88
1999,0,12,88
2000,0,12,88
2001,0,12,88
2002,0,12,88
2003,0,12,88
2004,0,12,88
2005,0,12,88
2006,0,12,88
2007,0,12,88
2008,0,12,88
2009,0,12,88
2010,0,12,88
2011,0,12,88
2012,0,12,88
2013,0,12,88
2014,0,12,88
2015,0,12,88
2016,0,12,88
2017,0,12,88
2018,0,11,89
2019,0,11,89
2020,0,10,90
2021,0,10,90
2022,0,10,90
2023,0,10,90
2024,0,10,90
2025,0,10,90
2026,0,10,90
2027,0,10,90
2028,0,10,90
2029,0,10,90
2030,0,10,90
2031,0,10,90
2032,0,10,90
2033,0,10,90
2034,0,10,90
2035,0,10,90
2036,0,10,90
2037,0,10,90
2038,0,10,90
2039,0,10,90
2040,0,10,90
2041,0,10,90
2042,0,10,90
2043,0,10,90
2044,0,9,91
2045,0,9,91
2046,0,9,91
2047,0,9,91
2048,0,9,91
2049,0,9,91
2050,0,9,91
2051,0,9,91
2052,0,9,91
2053,0,9,91
2054,0,9,91
2055,0,9,91
2056,0,9,91
2057,0,9,91
2058,0,9,91
2059,0,9,91
2060,0,9,91
2061,0,9,91
2062,0,9,91
2063,0,9,91
2064,0,9,91
2065,0,9,91
2066,0,9,91
2067,0,9,91
2068,0,9,91
2069,0,9,91
2070,0,9,91
2071,0,9,91
2072,0,9,91
2073,0,9,91
2074,0,9,91
2075,0,9,91
2076,0,8,92
2077,0,8,92
2078,0,8,92
2079,0,8,92
2080,0,8,92
2081,0,8,92
2082,0,8,92
2083,0,8,92
2084,0,8,92
2085,0,8,92
2086,0,8,92
2087,0,8,92
2088,0,8,92
2089,0,8,92
2090,0,8,92
2091,0,8,92
2092,0,8,92
2093,0,8,92
2094,0,8,92
2095,0,8,92
2096,0,8,92
2097,0,8,92
2098,0,8,92
2099,0,8,92
2100,0,8,92
2101,0,8,92
2102,0,8,92
2103,0,8,92
2104,0,8,92
2105,0,8,92
2106,0,8,92
2107,0,8,92
2108,0,8,92
2109,0,8,92
2110,0,8,92
2111,0,8,92
2112,0,8,92
2113,0,8,92
2114,0,8,92
2115,0,8,92
2116,0,8,92
2117,0,8,92
2118,0,8,92
2119,0,8,92
2120,0,8,92
2121,0,8,92
2122,0,8,92
2123,0,8,92
2124,0,8,92
2125,0,8,92
2126,0,8,92
2127,0,7,93
2128,0,7,93
2129,0,7,93
2130,0,7,93
2131,0,7,93
2132,0,6,94
2133,0,6,94
2134,0,6,94
2135,0,6,94
2136,0,6,94
2137,0,6,94
2138,0,6,94
2139,0,6,94
2140,0,6,94
2141,0,6,94
2142,0,6,94
2143,0,6,94
2144,0,5,95
2145,0,5,95
2146,0,5,95
2147,0,5,95
2148,0,5,95
2149,0,5,95
2150,0,5,95
2151,0,5,95
2152,0,5,95
2153,0,5,95
2154,0,5,95
2155,0,5,95
2156,0,5,95
2157,0,5,95
2158,0,5,95
2159,0,5,95
2160,0,5,95
2161,0,5,95
2162,0,5,95
2163,0,5,95
2164,0,5,95
2165,0,5,95
2166,0,5,95
2167,0,5,95
2168,0,5,95
2169,0,5,95
2170,0,5,95
2171,0,5,95
2172,0,5,95
2173,0,5,95
2174,0,5,95
2175,0,5,95
2176,0,5,95
2177,0,5,95
2178,0,5,95
2179,0,5,95
2180,0,5,95
2181,0,5,95
2182,0,5,95
2183,0,5,95
2184,0,5,95
2185,0,5,95
2186,0,5,95
2187,0,5,95
2188,0,5,95
2189,0,5,95
2190,0,5,95
2191,0,5,95
2192,0,5,95
2193,0,5,95
2194,0,5,95
2195,0,5,95
2196,0,5,95
2197,0,5,95
2198,0,5,95
2199,0,5,95
2200,0,5,95
2201,0,5,95
2202,0,5,95
2203,0,5,95
2204,0,5,95
2205,0,5,95
2206,0,5,95
2207,0,5,95
2208,0,5,95
2209,0,5,95
2210,0,5,95
2211,0,5,95
2212,0,5,95
2213,0,5,95
2214,0,5,95
2215,0,5,95
2216,0,5,95
2217,0,5,95
2218,0,5,95
2219,0,5,95
2220,0,5,95
2221,0,5,95
2222,0,5,95
2223,0,5,95
2224,0,5,95
2225,0,5,95
2226,0,5,95
2227,0,5,95
2228,0,5,95
2229,0,5,95
2230,0,5,95
2231,0,5,95
2232,0,4,96
2233,0,4,96
2234,0,4,96
2235,0,4,96
2236,0,4,96
2237,0,4,96
2238,0,4,96
2239,0,4,96
2240,0,4,96
2241,0,4,96
2242,0,4,96
2243,0,4,96
2244,0,4,96
2245,0,4,96
2246,0,4,96
2247,0,4,96
2248,0,4,96
2249,0,4,96
2250,0,4,96
2251,0,4,96
2252,0,4,96
2253,0,4,96
2254,0,4,96
2255,0,4,96
2256,0,4,96
2257,0,4,96
2258,0,4,96
2259,0,4,96
2260,0,4,96
2261,0,4,96
2262,0,4,96
2263,0,4,96
2264,0,4,96
2265,0,4,96
2266,0,4,96
2267,0,4,96
2268,0,4,96
2269,0,4,96
2270,0,4,96
2271,0,4,96
2272,0,4,96
2273,0,4,96
2274,0,4,96
2275,0,3,97
2276,0,3,97
2277,0,3,97
2278,0,3,97
2279,0,3,97
2280,0,3,97
2281,0,3,97
2282,0,3,97
2283,0,3,97
2284,0,3,97
2285,0,3,97
2286,0,3,97
2287,0,3,97
2288,0,3,97
2289,0,3,97
2290,0,3,97
2291,0,3,97
2292,0,3,97
2293,0,3,97
2294,0,3,97
2295,0,3,97
2296,0,3,97
2297,0,3,97
2298,0,3,97
2299,0,3,97
2300,0,3,97
2301,0,3,97
2302,0,3,97
2303,0,3,97
2304,0,3,97
2305,0,3,97
2306,0,3,97
2307,0,3,97
2308,0,3,97
2309,0,3,97
2310,0,3,97
2311,0,3,97
2312,0,3,97
2313,0,3,97
2314,0,3,97
2315,0,3,97
2316,0,3,97
2317,0,3,97
2318,0,3,97
2319,0,3,97
2320,0,3,97
2321,0,3,97
2322,0,3,97
2323,0,3,97
2324,0,3,97
2325,0,3,97
2326,0,3,97
2327,0,3,97
2328,0,3,97
2329,0,3,97
2330,0,3,97
2331,0,3,97
2332,0,3,97
2333,0,3,97
2334,0,3,97
2335,0,3,97
2336,0,3,97
2337,0,3,97
2338,0,3,97
2339,0,3,97
2340,0,3,97
2341,0,3,97
2342,0,3,97
2343,0,3,97
2344,0,3,97
2345,0,3,97
2346,0,3,97
2347,0,3,97
2348,0,3,97
2349,0,3,97
2350,0,3,97
2351,0,3,97
2352,0,3,97
2353,0,3,97
2354,0,3,97
2355,0,3,97
2356,0,3,97
2357,0,3,97
2358,0,3,97
2359,0,3,97
2360,0,3,97
2361,0,3,97
2362,0,3,97
2363,0,3,97
2364,0,3,97
2365,0,3,97
2366,0,3,97
2367,0,3,97
2368,0,3,97
2369,0,3,97
2370,0,3,97
2371,0,3,97
2372,0,3,97
2373,0,3,97
2374,0,3,97
2375,0,3,97
2376,0,3,97
2377,0,3,97
2378,0,3,97
2379,0,3,97
2380,0,3,97
2381,0,3,97
2382,0,3,97
2383,0,3,97
2384,0,3,97
2385,0,3,97
2386,0,3,97
2387,0,3,97
2388,0,3,97
2389,0,3,97
2390,0,3,97
2391,0,3,97
2392,0,3,97
2393,0,3,97
2394,0,3,97
2395,0,3,97
2396,0,3,97
2397,0,3,97
2398,0,3,97
2399,0,3,97
2400,0,3,97
2401,0,3,97
2402,0,3,97
2403,0,3,97
2404,0,3,97
2405,0,3,97
2406,0,3,97
2407,0,3,97
2408,0,3,97
2409,0,3,97
2410,0,3,97
2411,0,3,97
2412,0,3,97
2413,0,3,97
2414,0,3,97
2415,0,3,97
2416,0,3,97
2417,0,3,97
2418,0,3,97
2419,0,3,97
2420,0,3,97
2421,0,3,97
2422,0,3,97
2423,0,3,97
2424,0,3,97
2425,0,3,97
2426,0,3,97
2427,0,3,97
2428,0,3,97
2429,0,3,97
2430,0,3,97
2431,0,3,97
2432,0,3,97
2433,0,3,97
2434,0,3,97
2435,0,3,97
2436,0,3,97
2437,0,3,97
2438,0,3,97
2439,0,3,97
2440,0,3,97
2441,0,3,97
2442,0,3,97
2443,0,3,97
2444,0,3,97
2445,0,3,97
2446,0,3,97
2447,0,3,97
2448,0,2,98
2449,0,2,98
2450,0,2,98
2451,0,2,98
2452,0,2,98
2453,0,2,98
2454,0,2,98
2455,0,2,98
2456,0,2,98
2457,0,2,98
2458,0,2,98
2459,0,2,98
2460,0,2,98
2461,0,2,98
2462,0,2,98
2463,0,2,98
2464,0,2,98
2465,0,2,98
2466,0,2,98
2467,0,2,98
2468,0,2,98
2469,0,2,98
2470,0,2,98
2471,0,2,98
2472,0,2,98
2473,0,2,98
2474,0,2,98
2475,0,2,98
2476,0,2,98
2477,0,2,98
2478,0,2,98
2479,0,2,98
2480,0,2,98
2481,0,2,98
2482,0,2,98
2483,0,2,98
2484,0,2,98
2485,0,2,98
2486,0,2,98
2487,0,2,98
2488,0,2,98
2489,0,2,98
2490,0,2,98
2491,0,2,98
2492,0,2,98
2493,0,2,98
2494,0,2,98
2495,0,2,98
2496,0,2,98
2497,0,2,98
2498,0,2,98
2499,0,2,98
2500,0,2,98
2501,0,2,98
2502,0,2,98
2503,0,2,98
2504,0,2,98
2505,0,2,98
2506,0,2,98
2507,0,2,98
2508,0,2,98
2509,0,2,98
2510,0,2,98
2511,0,2,98
2512,0,2,98
2513,0,2,98
2514,0,2,98
2515,0,2,98
2516,0,2,98
2517,0,2,98
2518,0,2,98
2519,0,2,98
2520,0,2,98
2521,0,2,98
2522,0,2,98
2523,0,2,98
2524,0,2,98
2525,0,2,98
2526,0,2,98
2527,0,2,98
2528,0,2,98
2529,0,2,98
2530,0,2,98
2531,0,2,98
2532,0,2,98
2533,0,2,98
2534,0,2,98
2535,0,2,98
2536,0,2,98
2537,0,2,98
2538,0,2,98
2539,0,2,98
2540,0,2,98
2541,0,2,98
2542,0,2,98
2543,0,2,98
2544,0,2,98
2545,0,2,98
2546,0,2,98
2547,0,2,98
2548,0,2,98
2549,0,2,98
2550,0,2,98
2551,0,2,98
2552,0,2,98
2553,0,2,98
2554,0,2,98
2555,0,2,98
2556,0,2,98
2557,0,2,98
2558,0,2,98
2559,0,2,98
2560,0,2,98
2561,0,2,98
2562,0,2,98
2563,0,2,98
2564,0,2,98
2565,0,2,98
2566,0,2,98
2567,0,2,98
2568,0,2,98
2569,0,2,98
2570,0,2,98
2571,0,2,98
2572,0,2,98
2573,0,2,98
2574,0,2,98
2575,0,2,98
2576,0,2,98
2577,0,2,98
2578,0,2,98
2579,0,2,98
2580,0,2,98
2581,0,2,98
2582,0,2,98
2583,0,2,98
2584,0,2,98
2585,0,2,98
2586,0,2,98
2587,0,2,98
2588,0,2,98
2589,0,2,98
2590,0,2,98
2591,0,2,98
2592,0,2,98
2593,0,2,98
2594,0,2,98
2595,0,2,98
2596,0,2,98
2597,0,2,98
2598,0,2,98
2599,0,2,98
2600,0,2,98
2601,0,2,98
2602,0,2,98
2603,0,2,98
2604,0,2,98
2605,0,2,98
2606,0,2,98
2607,0,2,98
2608,0,2,98
2609,0,2,98
2610,0,2,98
2611,0,2,98
2612,0,2,98
2613,0,2,98
2614,0,2,98
2615,0,2,98
2616,0,2,98
2617,0,2,98
2618,0,2,98
2619,0,2,98
2620,0,2,98
2621,0,2,98
2622,0,2,98
2623,0,2,98
2624,0,2,98
2625,0,2,98
2626,0,2,98
2627,0,2,98
2628,0,2,98
2629,0,2,98
2630,0,2,98
2631,0,2,98
2632,0,2,98
2633,0,2,98
2634,0,2,98
2635,0,2,98
2636,0,2,98
2637,0,2,98
2638,0,2,98
2639,0,2,98
2640,0,2,98
2641,0,2,98
2642,0,2,98
2643,0,2,98
2644,0,2,98
2645,0,2,98
2646,0,2,98
2647,0,2,98
2648,0,2,98
2649,0,2,98
2650,0,2,98
2651,0,2,98
2652,0,2,98
2653,0,2,98
2654,0,2,98
2655,0,2,98
2656,0,2,98
2657,0,2,98
2658,0,2,98
2659,0,2,98
2660,0,2,98
2661,0,2,98
2662,0,2,98
2663,0,2,98
2664,0,2,98
2665,0,2,98
2666,0,2,98
2667,0,2,98
2668,0,2,98
2669,0,2,98
2670,0,2,98
2671,0,2,98
2672,0,2,98
2673,0,2,98
2674,0,2,98
2675,0,2,98
2676,0,2,98
2677,0,2,98
2678,0,2,98
2679,0,2,98
2680,0,2,98
2681,0,2,98
2682,0,2,98
2683,0,2,98
2684,0,2,98
2685,0,2,98
2686,0,2,98
2687,0,2,98
2688,0,2,98
2689,0,2,98
2690,0,2,98
2691,0,2,98
2692,0,2,98
2693,0,2,98
2694,0,2,98
2695,0,2,98
2696,0,2,98
2697,0,2,98
2698,0,2,98
2699,0,2,98
2700,0,2,98
2701,0,2,98
2702,0,2,98
2703,0,2,98
2704,0,2,98
2705,0,2,98
2706,0,2,98
2707,0,2,98
2708,0,2,98
2709,0,2,98
2710,0,2,98
2711,0,2,98
2712,0,2,98
2713,0,2,98
2714,0,1,99
2715,0,1,99
2716,0,1,99
2717,0,1,99
2718,0,1,99
2719,0,1,99
2720,0,1,99
2721,0,1,99
2722,0,1,99
2723,0,1,99
2724,0,1,99
2725,0,1,99
2726,0,1,99
2727,0,1,99
2728,0,1,99
2729,0,1,99
2730,0,1,99
2731,0,1,99
2732,0,1,99
2733,0,1,99
2734,0,1,99
2735,0,1,99
2736,0,1,99
2737,0,1,99
2738,0,1,99
2739,0,1,99
2740,0,1,99
2741,0,1,99
2742,0,1,99
2743,0,1,99
2744,0,1,99
2745,0,1,99
2746,0,1,99
2747,0,1,99
2748,0,1,99
2749,0,1,99
2750,0,1,99
2751,0,1,99
2752,0,1,99
2753,0,1,99
2754,0,1,99
2755,0,1,99
2756,0,1,99
2757,0,1,99
2758,0,1,99
2759,0,1,99
2760,0,1,99
2761,0,1,99
2762,0,1,99
2763,0,1,99
2764,0,1,99
2765,0,1,99
2766,0,1,99
2767,0,1,99
2768,0,1,99
2769,0,1,99
2770,0,1,99
2771,0,1,99
2772,0,1,99
2773,0,1,99
2774,0,1,99
2775,0,1,99
2776,0,1,99
2777,0,1,99
2778,0,1,99
2779,0,1,99
2780,0,1,99
2781,0,1,99
2782,0,1,99
2783,0,1,99
2784,0,1,99
2785,0,1,99
2786,0,1,99
2787,0,1,99
2788,0,1,99
2789,0,1,99
2790,0,1,99
2791,0,1,99
2792,0,1,99
2793,0,1,99
2794,0,1,99
2795,0,1,99
2796,0,1,99
2797,0,1,99
2798,0,1,99
2799,0,1,99
2800,0,1,99
2801,0,1,99
2802,0,1,99
2803,0,1,99
2804,0,1,99
2805,0,1,99
2806,0,1,99
2807,0,1,99
2808,0,1,99
2809,0,1,99
2810,0,1,99
2811,0,1,99
2812,0,1,99
2813,0,1,99
2814,0,1,99
2815,0,1,99
2816,0,1,99
2817,0,1,99
2818,0,1,99
2819,0,1,99
2820,0,1,99
2821,0,1,99
2822,0,1,99
2823,0,1,99
2824,0,1,99
2825,0,1,99
2826,0,1,99
2827,0,1,99
2828,0,1,99
2829,0,1,99
2830,0,1,99
2831,0,1,99
2832,0,1,99
2833,0,1,99
2834,0,1,99
2835,0,1,99
2836,0,1,99
2837,0,1,99
2838,0,1,99
2839,0,1,99
2840,0,1,99
2841,0,1,99
2842,0,1,99
2843,0,1,99
2844,0,1,99
2845,0,1,99
2846,0,1,99
2847,0,1,99
2848,0,1,99
2849,0,1,99
2850,0,1,99
2851,0,1,99
2852,0,1,99
2853,0,1,99
2854,0,1,99
2855,0,1,99
2856,0,1,99
2857,0,1,99
2858,0,1,99
2859,0,1,99
2860,0,1,99
2861,0,1,99
2862,0,1,99
2863,0,1,99
2864,0,1,99
2865,0,1,99
2866,0,1,99
2867,0,1,99
2868,0,1,99
2869,0,1,99
2870,0,1,99
2871,0,1,99
2872,0,1,99
2873,0,1,99
2874,0,1,99
2875,0,1,99
2876,0,0,100
2877,0,0,100
2878,0,0,100
2879,0,0,100
2880,0,0,100
2881,0,0,100
2882,0,0,100
2883,0,0,100
2884,0,0,100
2885,0,0,100
2886,0,0,100
2887,0,0,100
2888,0,0,100
2889,0,0,100
2890,0,0,100
2891,0,0,100
2892,0,0,100
2893,0,0,100
2894,0,0,100
2895,0,0,100
2896,0,0,100
2897,0,0,100
2898,0,0,100
2899,0,0,100
2900,0,0,100
2901,0,0,100
2902,0,0,100
2903,0,0,100
2904,0,0,100
2905,0,0,100
2906,0,0,100
2907,0,0,100
2908,0,0,100
2909,0,0,100
2910,0,0,100
2911,0,0,100
2912,0,0,100
2913,0,0,100
2914,0,0,100
2915,0,0,100
2916,0,0,100
2917,0,0,100
2918,0,0,100
2919,0,0,100
2920,0,0,100
2921,0,0,100
2922,0,0,100
2923,0,0,100
2924,0,0,100
2925,0,0,100
2926,0,0,100
2927,0,0,100
2928,0,0,100
2929,0,0,100
2930,0,0,100
2931,0,0,100
2932,0,0,100
2933,0,0,100
2934,0,0,100
2935,0,0,100
2936,0,0,100
2937,0,0,100
2938,0,0,100
2939,0,0,100
2940,0,0,100
2941,0,0,100
2942,0,0,100
2943,0,0,100
2944,0,0,100
2945,0,0,100
2946,0,0,100
2947,0,0,100
2948,0,0,100
2949,0,0,100
2950,0,0,100
2951,0,0,100
2952,0,0,100
2953,0,0,100
2954,0,0,100
2955,0,0,100
2956,0,0,100
2957,0,0,100
2958,0,0,100
2959,0,0,100
2960,0,0,100
2961,0,0,100
2962,0,0,100
2963,0,0,100
2964,0,0,100
2965,0,0,100
2966,0,0,100
2967,0,0,100
2968,0,0,100
2969,0,0,100
2970,0,0,100
2971,0,0,100
2972,0,0,100
2973,0,0,100
2974,0,0,100
2975,0,0,100
2976,0,0,100
2977,0,0,100
2978,0,0,100
2979,0,0,100
2980,0,0,100
2981,0,0,100
2982,0,0,100
2983,0,0,100
2984,0,0,100
2985,0,0,100
2986,0,0,100
2987,0,0,100
2988,0,0,100
2989,0,0,100
2990,0,0,100
2991,0,0,100
2992,0,0,100
2993,0,0,100
2994,0,0,100
2995,0,0,100
2996,0,0,100
2997,0,0,100
2998,0,0,100
2999,0,0,100
3000,0,0,100
