Time,Healthy,Undetectable,Detectable
0,97,3,0
1,97,3,0
2,97,3,0
3,97,3,0
4,97,3,0
5,97,3,0
6,97,3,0
7,97,3,0
8,97,3,0
9,97,3,0
10,97,3,0
11,97,3,0
12,97,3,0
13,97,3,0
14,97,3,0
15,97,3,0
16,97,3,0
17,97,3,0
18,97,3,0
19,97,3,0
20,97,3,0
21,97,3,0
22,97,3,0
23,97,3,0
24,97,3,0
25,97,3,0
26,97,3,0
27,97,3,0
28,97,3,0
29,97,3,0
30,97,3,0
31,97,3,0
32,97,3,0
33,97,3,0
34,97,3,0
35,97,3,0
36,97,3,0
37,97,3,0
38,97,3,0
39,97,3,0
40,97,3,0
41,97,3,0
42,97,3,0
43,97,3,0
44,97,3,0
45,97,3,0
46,97,3,0
47,97,3,0
48,97,3,0
49,97,3,0
50,97,3,0
51,97,3,0
52,97,3,0
53,97,3,0
54,97,3,0
55,97,3,0
56,97,3,0
57,97,3,0
58,97,3,0
59,97,3,0
60,97,3,0
61,97,3,0
62,97,3,0
63,97,3,0
64,97,3,0
65,97,3,0
66,97,3,0
67,97,3,0
68,97,3,0
69,97,3,0
70,97,3,0
71,97,3,0
72,97,3,0
73,97,3,0
74,97,3,0
75,97,3,0
76,97,3,0
77,97,3,0
78,97,3,0
79,97,3,0
80,97,3,0
81,97,3,0
82,97,3,0
83,97,3,0
84,97,3,0
85,97,3,0
86,97,3,0
87,97,3,0
88,97,3,0
89,97,3,0
90,97,3,0
91,97,3,0
92,97,3,0
93,97,3,0
94,97,3,0
95,97,3,0
96,97,3,0
97,97,3,0
98,97,3,0
99,97,3,0
100,97,3,0
101,97,3,0
102,97,3,0
103,97,3,0
104,97,3,0
105,97,3,0
106,97,3,0
107,97,3,0
108,97,3,0
109,97,3,0
110,97,3,0
111,97,3,0
112,97,3,0
113,97,3,0
114,97,3,0
115,97,3,0
116,97,3,0
117,97,3,0
118,97,3,0
119,97,3,0
120,97,3,0
121,97,3,0
122,97,3,0
123,97,3,0
124,97,3,0
125,97,3,0
126,97,3,0
127,97,3,0
128,97,3,0
129,97,3,0
130,97,3,0
131,97,3,0
132,97,3,0
133,97,3,0
134,97,3,0
135,97,3,0
136,97,3,0
137,97,3,0
138,97,3,0
139,97,3,0
140,97,3,0
141,97,3,0
142,97,3,0
143,97,3,0
144,97,3,0
145,97,3,0
146,97,3,0
147,97,3,0
148,97,3,0
149,97,3,0
150,97,3,0
151,97,3,0
152,97,3,0
153,97,3,0
154,97,3,0
155,97,3,0
156,97,3,0
157,97,3,0
158,97,3,0
159,97,3,0
160,97,3,0
161,97,3,0
162,97,3,0
163,97,3,0
164,97,3,0
165,97,3,0
166,97,3,0
167,97,3,0
168,97,3,0
169,97,3,0
170,97,3,0
171,97,3,0
172,97,3,0
173,97,3,0
174,97,3,0
175,97,3,0
176,97,3,0
177,97,3,0
178,97,3,0
179,97,3,0
180,97,3,0
181,97,3,0
182,97,3,0
183,97,3,0
184,97,3,0
185,97,3,0
186,97,3,0
187,97,3,0
188,97,3,0
189,97,3,0
190,97,3,0
191,97,3,0
192,97,3,0
193,97,3,0
194,97,3,0
195,97,3,0
196,97,3,0
197,97,3,0
198,97,3,0
199,97,3,0
200,97,3,0
201,97,3,0
202,97,3,0
203,97,3,0
204,97,3,0
205,97,3,0
206,97,3,0
207,97,3,0
208,97,3,0
209,97,3,0
210,97,3,0
211,97,3,0
212,97,3,0
213,97,3,0
214,97,3,0
215,97,3,0
216,97,3,0
217,97,3,0
218,97,3,0
219,97,3,0
220,97,3,0
221,97,3,0
222,97,3,0
223,97,3,0
224,97,3,0
225,97,3,0
226,97,3,0
227,97,3,0
228,97,3,0
229,97,3,0
230,97,3,0
231,97,3,0
232,97,3,0
233,97,3,0
234,97,3,0
235,97,3,0
236,97,3,0
237,97,3,0
238,97,3,0
239,97,3,0
240,97,3,0
241,97,3,0
242,97,3,0
243,97,3,0
244,97,3,0
245,97,3,0
246,97,3,0
247,97,3,0
248,97,3,0
249,97,3,0
250,97,3,0
251,97,3,0
252,97,3,0
253,97,3,0
254,97,3,0
255,97,3,0
256,97,3,0
257,97,3,0
258,97,3,0
259,97,3,0
260,97,3,0
261,97,3,0
262,97,3,0
263,97,3,0
264,97,3,0
265,97,3,0
266,97,3,0
267,97,3,0
268,97,3,0
269,97,3,0
270,97,3,0
271,97,3,0
272,97,3,0
273,97,3,0
274,97,3,0
275,97,3,0
276,97,3,0
277,97,3,0
278,97,3,0
279,97,3,0
280,97,3,0
281,97,3,0
282,97,3,0
283,97,3,0
284,97,3,0
285,97,3,0
286,97,3,0
287,97,3,0
288,97,3,0
289,97,3,0
290,97,3,0
291,97,3,0
292,97,3,0
293,97,3,0
294,97,3,0
295,97,3,0
296,97,3,0
297,97,3,0
298,97,3,0
299,97,3,0
300,97,3,0
301,97,3,0
302,97,3,0
303,97,3,0
304,97,3,0
305,97,2,1
306,97,2,1
307,97,2,1
308,97,2,1
309,97,2,1
310,97,2,1
311,97,2,1
312,97,2,1
313,97,2,1
314,97,2,1
315,97,2,1
316,97,2,1
317,97,2,1
318,97,2,1
319,97,2,1
320,97,2,1
321,97,2,1
322,97,2,1
323,97,2,1
324,97,2,1
325,97,2,1
326,97,2,1
327,97,2,1
328,97,2,1
329,97,2,1
330,97,2,1
331,97,2,1
332,97,2,1
333,97,2,1
334,97,2,1
335,97,2,1
336,97,2,1
337,97,2,1
338,97,2,1
339,97,2,1
340,97,2,1
341,97,2,1
342,97,2,1
343,97,2,1
344,97,2,1
345,97,2,1
346,97,2,1
347,97,2,1
348,97,2,1
349,97,2,1
350,97,2,1
351,97,2,1
352,97,2,1
353,97,2,1
354,96,3,1
355,96,3,1
356,96,3,1
357,96,3,1
358,96,3,1
359,96,3,1
360,96,3,1
361,96,3,1
362,96,3,1
363,96,3,1
364,96,3,1
365,96,3,1
366,96,3,1
367,96,3,1
368,96,3,1
369,96,3,1
370,96,3,1
371,96,3,1
372,96,3,1
373,96,3,1
374,96,3,1
375,96,3,1
376,96,3,1
377,96,3,1
378,96,3,1
379,96,3,1
380,96,3,1
381,96,3,1
382,96,3,1
383,96,3,1
384,96,3,1
385,96,3,1
386,96,3,1
387,96,3,1
388,96,3,1
389,96,3,1
390,96,3,1
391,96,3,1
392,96,3,1
393,96,3,1
394,96,3,1
395,96,3,1
396,96,3,1
397,96,3,1
398,96,3,1
399,96,3,1
400,96,3,1
401,96,3,1
402,96,3,1
403,96,3,1
404,96,3,1
405,96,3,1
406,96,3,1
407,96,3,1
408,96,3,1
409,96,3,1
410,96,3,1
411,96,3,1
412,96,3,1
413,96,3,1
414,96,3,1
415,96,3,1
416,96,3,1
417,96,3,1
418,96,3,1
419,96,3,1
420,96,3,1
421,96,3,1
422,96,3,1
423,96,3,1
424,96,3,1
425,96,3,1
426,96,3,1
427,96,3,1
428,96,3,1
429,96,3,1
430,96,3,1
431,96,3,1
432,96,3,1
433,96,3,1
434,96,3,1
435,96,3,1
436,96,3,1
437,96,3,1
438,96,3,1
439,96,3,1
440,96,3,1
441,96,3,1
442,96,3,1
443,96,3,1
444,96,3,1
445,96,3,1
446,96,3,1
447,96,3,1
448,96,3,1
449,96,3,1
450,96,3,1
451,96,3,1
452,96,3,1
453,96,3,1
454,96,3,1
455,96,3,1
456,96,3,1
457,96,3,1
458,96,3,1
459,96,3,1
460,96,3,1
461,96,3,1
462,96,3,1
463,96,3,1
464,96,3,1
465,96,3,1
466,96,3,1
467,96,3,1
468,96,3,1
469,96,3,1
470,96,3,1
471,96,3,1
472,96,3,1
473,96,3,1
474,96,3,1
475,96,3,1
476,96,3,1
477,96,3,1
478,96,3,1
479,96,3,1
480,96,3,1
481,96,3,1
482,96,3,1
483,96,3,1
484,96,3,1
485,96,3,1
486,96,3,1
487,96,3,1
488,96,3,1
489,96,3,1
490,96,3,1
491,96,3,1
492,96,3,1
493,96,3,1
494,96,3,1
495,96,3,1
496,96,3,1
497,96,3,1
498,96,3,1
499,96,3,1
500,96,3,1
501,96,3,1
502,96,3,1
503,96,3,1
504,96,3,1
505,96,3,1
506,96,3,1
507,96,3,1
508,96,3,1
509,96,3,1
510,96,3,1
511,96,3,1
512,96,3,1
513,96,3,1
514,96,3,1
515,96,3,1
516,96,3,1
517,96,3,1
518,96,3,1
519,96,3,1
520,96,3,1
521,96,3,1
522,96,3,1
523,96,3,1
524,96,3,1
525,96,3,1
526,96,3,1
527,96,3,1
528,96,3,1
529,96,3,1
530,96,3,1
531,96,3,1
532,96,3,1
533,96,3,1
534,96,3,1
535,96,3,1
536,96,3,1
537,96,3,1
538,96,3,1
539,96,3,1
540,96,3,1
541,96,3,1
542,96,3,1
543,96,3,1
544,96,3,1
545,96,3,1
546,96,3,1
547,96,3,1
548,96,3,1
549,96,3,1
550,96,3,1
551,96,3,1
552,96,3,1
553,96,3,1
554,96,3,1
555,96,3,1
556,96,3,1
557,96,3,1
558,96,3,1
559,96,2,2
560,96,2,2
561,96,2,2
562,96,2,2
563,96,2,2
564,96,2,2
565,96,2,2
566,96,2,2
567,96,2,2
568,96,2,2
569,96,2,2
570,96,2,2
571,96,2,2
572,96,2,2
573,96,2,2
574,96,2,2
575,96,2,2
576,96,2,2
577,96,2,2
578,96,2,2
579,96,2,2
580,96,2,2
581,96,2,2
582,96,2,2
583,96,2,2
584,96,2,2
585,96,2,2
586,96,2,2
587,96,2,2
588,96,2,2
589,96,2,2
590,96,2,2
591,96,2,2
592,96,2,2
593,96,2,2
594,96,2,2
595,96,2,2
596,96,2,2
597,96,2,2
598,96,2,2
599,96,2,2
600,96,2,2
601,96,2,2
602,96,2,2
603,96,2,2
604,96,2,2
605,96,2,2
606,96,2,2
607,96,2,2
608,96,2,2
609,96,2,2
610,96,2,2
611,96,2,2
612,96,2,2
613,96,2,2
614,96,2,2
615,96,2,2
616,96,2,2
617,96,2,2
618,95,3,2
619,95,3,2
620,95,3,2
621,95,3,2
622,95,3,2
623,95,3,2
624,95,3,2
625,95,3,2
626,95,3,2
627,95,3,2
628,95,3,2
629,95,3,2
630,95,3,2
631,95,3,2
632,95,3,2
633,95,3,2
634,95,3,2
635,95,3,2
636,95,3,2
637,94,4,2
638,94,4,2
639,94,4,2
640,94,4,2
641,94,4,2
642,94,4,2
643,94,4,2
644,94,4,2
645,94,4,2
646,94,4,2
647,94,4,2
648,94,4,2
649,94,4,2
650,94,4,2
651,94,4,2
652,94,4,2
653,94,4,2
654,94,4,2
655,94,4,2
656,94,4,2
657,94,4,2
658,94,4,2
659,93,5,2
660,93,5,2
661,93,5,2
662,93,5,2
663,93,5,2
664,93,5,2
665,93,5,2
666,93,5,2
667,93,5,2
668,93,5,2
669,93,5,2
670,93,5,2
671,93,5,2
672,93,5,2
673,93,5,2
674,92,5,3
675,92,5,3
676,92,5,3
677,92,5,3
678,92,5,3
679,92,5,3
680,92,5,3
681,92,5,3
682,92,5,3
683,92,5,3
684,91,6,3
685,91,6,3
686,91,6,3
687,91,6,3
688,90,7,3
689,90,7,3
690,90,7,3
691,90,7,3
692,89,8,3
693,89,8,3
694,89,8,3
695,89,8,3
696,89,8,3
697,89,8,3
698,89,8,3
699,89,8,3
700,89,8,3
701,89,8,3
702,89,8,3
703,89,8,3
704,89,8,3
705,89,8,3
706,89,8,3
707,89,8,3
708,89,8,3
709,89,7,4
710,89,7,4
711,89,6,5
712,89,6,5
713,89,6,5
714,89,6,5
715,89,6,5
716,89,6,5
717,89,6,5
718,89,6,5
719,89,6,5
720,89,6,5
721,89,6,5
722,89,6,5
723,89,6,5
724,89,6,5
725,89,6,5
726,89,6,5
727,89,6,5
728,89,6,5
729,89,6,5
730,89,6,5
731,89,6,5
732,89,6,5
733,89,6,5
734,88,7,5
735,88,7,5
736,88,7,5
737,88,7,5
738,88,7,5
739,88,7,5
740,88,7,5
741,88,7,5
742,88,7,5
743,88,7,5
744,87,8,5
745,87,8,5
746,87,8,5
747,87,8,5
748,87,8,5
749,87,8,5
750,87,8,5
751,87,8,5
752,87,8,5
753,87,8,5
754,87,8,5
755,87,8,5
756,87,8,5
757,86,9,5
758,86,9,5
759,86,9,5
760,86,9,5
761,84,11,5
762,84,11,5
763,84,11,5
764,84,11,5
765,84,11,5
766,84,11,5
767,84,11,5
768,84,11,5
769,84,11,5
770,84,11,5
771,84,11,5
772,84,11,5
773,84,11,5
774,84,11,5
775,84,11,5
776,84,11,5
777,84,11,5
778,84,11,5
779,84,11,5
780,84,11,5
781,84,11,5
782,84,11,5
783,84,11,5
784,84,11,5
785,84,11,5
786,84,11,5
787,84,11,5
788,83,12,5
789,83,12,5
790,83,12,5
791,83,12,5
792,83,12,5
793,83,12,5
794,83,12,5
795,83,12,5
796,83,12,5
797,83,12,5
798,83,12,5
799,83,12,5
800,83,12,5
801,83,12,5
802,83,12,5
803,83,12,5
804,83,12,5
805,83,12,5
806,83,12,5
807,83,12,5
808,83,12,5
809,83,12,5
810,83,12,5
811,83,12,5
812,83,12,5
813,83,12,5
814,83,12,5
815,83,12,5
816,83,12,5
817,83,11,6
818,83,11,6
819,83,11,6
820,82,12,6
821,82,12,6
822,82,12,6
823,82,12,6
824,82,12,6
825,82,12,6
826,82,12,6
827,82,12,6
828,82,12,6
829,82,12,6
830,82,12,6
831,82,12,6
832,82,12,6
833,82,12,6
834,82,12,6
835,81,13,6
836,81,13,6
837,81,13,6
838,81,13,6
839,81,13,6
840,81,13,6
841,81,13,6
842,81,13,6
843,81,13,6
844,81,13,6
845,81,13,6
846,81,13,6
847,81,13,6
848,81,13,6
849,81,13,6
850,81,13,6
851,81,13,6
852,81,13,6
853,81,13,6
854,81,13,6
855,81,13,6
856,80,14,6
857,80,14,6
858,80,14,6
859,80,14,6
860,80,14,6
861,80,14,6
862,80,14,6
863,80,14,6
864,79,15,6
865,79,15,6
866,79,15,6
867,79,15,6
868,79,15,6
869,79,15,6
870,79,15,6
871,79,15,6
872,79,15,6
873,79,15,6
874,79,15,6
875,79,15,6
876,79,15,6
877,78,16,6
878,78,16,6
879,78,16,6
880,78,16,6
881,78,15,7
882,78,15,7
883,78,15,7
884,78,15,7
885,78,15,7
886,78,15,7
887,78,15,7
888,78,15,7
889,78,15,7
890,78,15,7
891,78,15,7
892,78,15,7
893,78,15,7
894,78,15,7
895,77,16,7
896,77,16,7
897,77,16,7
898,77,16,7
899,77,16,7
900,77,16,7
901,77,16,7
902,77,16,7
903,77,16,7
904,77,16,7
905,77,16,7
906,77,16,7
907,77,16,7
908,77,16,7
909,77,16,7
910,77,16,7
911,77,16,7
912,77,16,7
913,76,17,7
914,76,17,7
915,76,17,7
916,76,17,7
917,76,17,7
918,76,17,7
919,76,17,7
920,76,17,7
921,76,16,8
922,76,15,9
923,76,15,9
924,76,15,9
925,76,15,9
926,76,15,9
927,76,15,9
928,76,15,9
929,76,15,9
930,76,15,9
931,76,15,9
932,76,15,9
933,76,15,9
934,76,15,9
935,76,15,9
936,76,15,9
937,76,15,9
938,76,15,9
939,76,15,9
940,76,15,9
941,76,15,9
942,76,15,9
943,76,15,9
944,75,16,9
945,75,16,9
946,75,16,9
947,75,16,9
948,75,16,9
949,75,16,9
950,75,16,9
951,75,16,9
952,75,16,9
953,75,16,9
954,75,16,9
955,75,16,9
956,75,16,9
957,75,16,9
958,75,16,9
959,75,16,9
960,75,16,9
961,75,16,9
962,74,17,9
963,74,17,9
964,74,17,9
965,74,17,9
966,74,17,9
967,74,17,9
968,74,17,9
969,74,17,9
970,74,17,9
971,74,17,9
972,74,17,9
973,74,17,9
974,73,18,9
975,73,18,9
976,73,17,10
977,73,17,10
978,73,17,10
979,73,17,10
980,73,17,10
981,73,16,11
982,73,16,11
983,73,16,11
984,73,16,11
985,73,16,11
986,72,17,11
987,72,17,11
988,72,17,11
989,72,17,11
990,72,17,11
991,71,18,11
992,71,18,11
993,71,18,11
994,71,18,11
995,71,16,13
996,71,16,13
997,71,16,13
998,71,16,13
999,71,16,13
1000,71,16,13
1001,71,15,14
1002,71,15,14
1003,71,15,14
1004,71,15,14
1005,71,15,14
1006,71,15,14
1007,71,15,14
1008,71,15,14
1009,71,15,14
1010,71,15,14
1011,71,14,15
1012,70,15,15
1013,70,15,15
1014,70,15,15
1015,69,16,15
1016,69,16,15
1017,69,16,15
1018,69,16,15
1019,69,16,15
1020,69,16,15
1021,69,16,15
1022,69,16,15
1023,69,16,15
1024,69,15,16
1025,69,15,16
1026,69,15,16
1027,69,15,16
1028,69,15,16
1029,68,16,16
1030,68,16,16
1031,68,16,16
1032,68,16,16
1033,68,16,16
1034,68,16,16
1035,68,16,16
1036,68,16,16
1037,68,16,16
1038,68,16,16
1039,68,16,16
1040,66,18,16
1041,66,17,17
1042,66,17,17
1043,66,17,17
1044,66,17,17
1045,66,17,17
1046,66,17,17
1047,66,17,17
1048,66,17,17
1049,66,17,17
1050,66,17,17
1051,64,19,17
1052,64,19,17
1053,64,19,17
1054,64,19,17
1055,64,19,17
1056,64,19,17
1057,64,19,17
1058,64,19,17
1059,64,19,17
1060,64,19,17
1061,64,19,17
1062,64,19,17
1063,64,19,17
1064,64,19,17
1065,64,19,17
1066,63,19,18
1067,63,19,18
1068,63,19,18
1069,63,19,18
1070,63,19,18
1071,63,19,18
1072,62,20,18
1073,62,20,18
1074,62,20,18
1075,62,20,18
1076,62,20,18
1077,62,20,18
1078,61,21,18
1079,61,21,18
1080,61,21,18
1081,61,21,18
1082,60,22,18
1083,60,22,18
1084,60,22,18
1085,60,22,18
1086,60,22,18
1087,60,22,18
1088,60,22,18
1089,60,22,18
1090,60,22,18
1091,60,22,18
1092,58,24,18
1093,58,24,18
1094,58,24,18
1095,57,25,18
1096,57,25,18
1097,57,25,18
1098,57,25,18
1099,57,25,18
1100,57,25,18
1101,57,25,18
1102,57,25,18
1103,57,25,18
1104,57,25,18
1105,57,25,18
1106,57,25,18
1107,57,25,18
1108,57,24,19
1109,57,24,19
1110,57,24,19
1111,57,24,19
1112,57,24,19
1113,57,24,19
1114,57,24,19
1115,57,24,19
1116,57,24,19
1117,57,24,19
1118,56,25,19
1119,56,25,19
1120,56,25,19
1121,56,25,19
1122,56,24,20
1123,56,24,20
1124,55,24,21
1125,55,24,21
1126,54,25,21
1127,54,25,21
1128,54,25,21
1129,54,25,21
1130,54,25,21
1131,54,25,21
1132,54,25,21
1133,53,26,21
1134,53,26,21
1135,53,26,21
1136,53,26,21
1137,53,26,21
1138,53,26,21
1139,53,26,21
1140,52,27,21
1141,51,28,21
1142,50,29,21
1143,50,29,21
1144,50,29,21
1145,50,29,21
1146,50,29,21
1147,50,29,21
1148,50,29,21
1149,50,29,21
1150,50,29,21
1151,50,29,21
1152,50,29,21
1153,50,29,21
1154,50,29,21
1155,50,29,21
1156,50,29,21
1157,50,29,21
1158,50,29,21
1159,50,29,21
1160,50,29,21
1161,50,29,21
1162,50,29,21
1163,49,30,21
1164,49,30,21
1165,49,30,21
1166,49,30,21
1167,49,30,21
1168,49,30,21
1169,49,30,21
1170,48,31,21
1171,48,31,21
1172,48,31,21
1173,48,31,21
1174,48,31,21
1175,48,31,21
1176,48,31,21
1177,48,31,21
1178,48,31,21
1179,48,31,21
1180,48,31,21
1181,48,30,22
1182,48,30,22
1183,48,30,22
1184,47,31,22
1185,47,31,22
1186,47,31,22
1187,47,30,23
1188,47,30,23
1189,47,30,23
1190,47,30,23
1191,47,30,23
1192,47,30,23
1193,47,30,23
1194,47,30,23
1195,47,30,23
1196,47,30,23
1197,47,30,23
1198,47,30,23
1199,47,30,23
1200,46,31,23
1201,46,31,23
1202,46,31,23
1203,46,31,23
1204,46,31,23
1205,45,32,23
1206,45,32,23
1207,44,33,23
1208,44,33,23
1209,44,33,23
1210,44,33,23
1211,44,33,23
1212,44,33,23
1213,43,34,23
1214,43,34,23
1215,43,34,23
1216,43,34,23
1217,43,34,23
1218,43,34,23
1219,43,34,23
1220,43,34,23
1221,43,34,23
1222,43,34,23
1223,43,34,23
1224,43,34,23
1225,43,34,23
1226,43,33,24
1227,43,33,24
1228,43,33,24
1229,43,33,24
1230,43,33,24
1231,43,33,24
1232,41,35,24
1233,41,35,24
1234,41,35,24
1235,41,35,24
1236,41,35,24
1237,40,36,24
1238,40,36,24
1239,40,36,24
1240,40,36,24
1241,40,36,24
1242,40,36,24
1243,40,36,24
1244,40,36,24
1245,39,37,24
1246,39,37,24
1247,39,37,24
1248,39,37,24
1249,39,37,24
1250,39,37,24
1251,39,37,24
1252,39,37,24
1253,38,38,24
1254,37,39,24
1255,37,39,24
1256,37,39,24
1257,37,39,24
1258,35,41,24
1259,35,41,24
1260,34,41,25
1261,34,41,25
1262,34,41,25
1263,34,41,25
1264,34,41,25
1265,34,41,25
1266,34,41,25
1267,33,42,25
1268,33,42,25
1269,33,42,25
1270,32,42,26
1271,32,42,26
1272,32,42,26
1273,32,42,26
1274,32,42,26
1275,32,42,26
1276,32,42,26
1277,32,42,26
1278,31,43,26
1279,31,42,27
1280,31,42,27
1281,31,41,28
1282,31,41,28
1283,31,41,28
1284,30,42,28
1285,30,42,28
1286,30,42,28
1287,30,42,28
1288,30,41,29
1289,30,41,29
1290,29,42,29
1291,29,42,29
1292,29,42,29
1293,29,42,29
1294,29,42,29
1295,29,42,29
1296,29,42,29
1297,29,42,29
1298,29,42,29
1299,29,42,29
1300,28,43,29
1301,28,43,29
1302,28,42,30
1303,28,42,30
1304,27,43,30
1305,27,42,31
1306,27,42,31
1307,27,42,31
1308,27,42,31
1309,27,42,31
1310,26,43,31
1311,26,43,31
1312,25,44,31
1313,25,44,31
1314,25,44,31
1315,25,44,31
1316,25,44,31
1317,25,44,31
1318,25,44,31
1319,25,44,31
1320,25,44,31
1321,25,44,31
1322,25,44,31
1323,25,44,31
1324,25,44,31
1325,25,44,31
1326,25,44,31
1327,25,44,31
1328,25,44,31
1329,25,44,31
1330,25,44,31
1331,25,44,31
1332,25,44,31
1333,25,44,31
1334,25,44,31
1335,25,44,31
1336,25,43,32
1337,25,43,32
1338,24,44,32
1339,24,44,32
1340,24,44,32
1341,23,45,32
1342,22,46,32
1343,22,46,32
1344,22,45,33
1345,22,45,33
1346,22,45,33
1347,22,45,33
1348,22,45,33
1349,22,45,33
1350,22,44,34
1351,22,44,34
1352,22,44,34
1353,21,44,35
1354,21,44,35
1355,21,44,35
1356,21,44,35
1357,21,44,35
1358,21,44,35
1359,21,44,35
1360,21,44,35
1361,21,44,35
1362,21,44,35
1363,21,44,35
1364,21,44,35
1365,21,44,35
1366,21,44,35
1367,21,44,35
1368,21,44,35
1369,21,44,35
1370,21,44,35
1371,21,44,35
1372,21,44,35
1373,21,44,35
1374,21,44,35
1375,21,44,35
1376,21,44,35
1377,21,44,35
1378,21,44,35
1379,21,44,35
1380,21,44,35
1381,21,44,35
1382,21,44,35
1383,21,44,35
1384,21,44,35
1385,21,44,35
1386,21,44,35
1387,21,43,36
1388,21,43,36
1389,21,42,37
1390,21,42,37
1391,21,41,38
1392,21,41,38
1393,21,41,38
1394,21,41,38
1395,21,41,38
1396,21,41,38
1397,21,41,38
1398,20,42,38
1399,20,42,38
1400,20,42,38
1401,19,43,38
1402,19,43,38
1403,19,43,38
1404,18,43,39
1405,18,42,40
1406,18,42,40
1407,18,42,40
1408,18,42,40
1409,18,42,40
1410,18,42,40
1411,18,42,40
1412,18,42,40
1413,18,42,40
1414,18,42,40
1415,17,43,40
1416,17,43,40
1417,17,43,40
1418,17,43,40
1419,17,43,40
1420,17,43,40
1421,17,41,42
1422,17,41,42
1423,17,41,42
1424,17,41,42
1425,17,40,43
1426,17,40,43
1427,17,39,44
1428,17,39,44
1429,16,40,44
1430,16,40,44
1431,16,40,44
1432,16,40,44
1433,16,39,45
1434,16,38,46
1435,16,38,46
1436,16,38,46
1437,16,38,46
1438,16,38,46
1439,16,38,46
1440,16,37,47
1441,16,37,47
1442,16,37,47
1443,16,37,47
1444,16,37,47
1445,15,38,47
1446,14,39,47
1447,14,39,47
1448,14,39,47
1449,14,39,47
1450,14,39,47
1451,14,39,47
1452,14,39,47
1453,14,39,47
1454,13,40,47
1455,13,40,47
1456,13,40,47
1457,13,40,47
1458,13,40,47
1459,13,40,47
1460,13,40,47
1461,13,40,47
1462,12,40,48
1463,12,40,48
1464,12,40,48
1465,11,41,48
1466,11,41,48
1467,11,41,48
1468,11,41,48
1469,11,41,48
1470,11,41,48
1471,11,41,48
1472,11,41,48
1473,10,42,48
1474,10,42,48
1475,10,42,48
1476,10,42,48
1477,10,41,49
1478,10,41,49
1479,10,41,49
1480,10,41,49
1481,10,41,49
1482,9,42,49
1483,9,42,49
1484,9,42,49
1485,9,42,49
1486,9,42,49
1487,9,42,49
1488,9,42,49
1489,9,41,50
1490,9,41,50
1491,9,41,50
1492,9,41,50
1493,8,42,50
1494,8,42,50
1495,8,42,50
1496,8,42,50
1497,8,42,50
1498,8,42,50
1499,8,42,50
1500,8,42,50
1501,8,42,50
1502,8,42,50
1503,8,42,50
1504,8,41,51
1505,7,42,51
1506,7,41,52
1507,7,41,52
1508,7,41,52
1509,7,41,52
1510,7,41,52
1511,7,41,52
1512,7,41,52
1513,6,42,52
1514,6,42,52
1515,6,42,52
1516,6,42,52
1517,6,42,52
1518,6,42,52
1519,5,43,52
1520,5,43,52
1521,5,43,52
1522,5,43,52
1523,5,43,52
1524,5,42,53
1525,5,42,53
1526,5,42,53
1527,5,42,53
1528,5,42,53
1529,5,42,53
1530,5,42,53
1531,5,42,53
1532,5,42,53
1533,5,42,53
1534,5,42,53
1535,5,42,53
1536,5,42,53
1537,5,42,53
1538,5,42,53
1539,5,42,53
1540,5,42,53
1541,5,41,54
1542,5,41,54
1543,5,41,54
1544,5,41,54
1545,5,41,54
1546,4,42,54
1547,4,42,54
1548,4,42,54
1549,4,42,54
1550,4,42,54
1551,4,41,55
1552,4,40,56
1553,4,40,56
1554,4,40,56
1555,4,40,56
1556,4,40,56
1557,4,40,56
1558,4,40,56
1559,4,39,57
1560,4,39,57
1561,4,39,57
1562,4,39,57
1563,4,39,57
1564,4,39,57
1565,4,38,58
1566,4,38,58
1567,4,38,58
1568,4,38,58
1569,4,38,58
1570,4,38,58
1571,4,38,58
1572,4,38,58
1573,3,39,58
1574,3,39,58
1575,3,39,58
1576,3,39,58
1577,3,39,58
1578,3,39,58
1579,3,39,58
1580,3,39,58
1581,3,39,58
1582,3,39,58
1583,3,39,58
1584,3,39,58
1585,3,39,58
1586,3,38,59
1587,3,38,59
1588,3,38,59
1589,3,38,59
1590,3,38,59
1591,3,38,59
1592,3,38,59
1593,3,38,59
1594,3,37,60
1595,3,37,60
1596,3,37,60
1597,3,36,61
1598,3,36,61
1599,3,36,61
1600,3,36,61
1601,3,36,61
1602,3,36,61
1603,3,35,62
1604,3,35,62
1605,3,35,62
1606,3,35,62
1607,3,35,62
1608,3,35,62
1609,3,35,62
1610,3,35,62
1611,3,35,62
1612,3,35,62
1613,3,35,62
1614,3,35,62
1615,3,35,62
1616,3,35,62
1617,3,35,62
1618,3,35,62
1619,3,35,62
1620,3,35,62
1621,3,35,62
1622,3,35,62
1623,3,35,62
1624,3,35,62
1625,3,35,62
1626,3,35,62
1627,3,35,62
1628,3,35,62
1629,3,35,62
1630,3,35,62
1631,3,35,62
1632,3,35,62
1633,3,35,62
1634,3,35,62
1635,3,35,62
1636,3,35,62
1637,3,35,62
1638,3,35,62
1639,3,35,62
1640,3,35,62
1641,3,35,62
1642,3,34,63
1643,3,34,63
1644,3,34,63
1645,3,34,63
1646,3,34,63
1647,3,34,63
1648,3,34,63
1649,3,34,63
1650,3,34,63
1651,3,34,63
1652,3,34,63
1653,3,34,63
1654,3,34,63
1655,3,34,63
1656,3,34,63
1657,3,34,63
1658,3,33,64
1659,3,33,64
1660,3,33,64
1661,3,33,64
1662,3,33,64
1663,3,33,64
1664,3,33,64
1665,3,33,64
1666,3,33,64
1667,3,33,64
1668,3,33,64
1669,3,33,64
1670,3,33,64
1671,3,33,64
1672,3,33,64
1673,3,33,64
1674,3,33,64
1675,3,33,64
1676,3,33,64
1677,3,32,65
1678,3,32,65
1679,3,32,65
1680,3,32,65
1681,3,32,65
1682,3,32,65
1683,3,32,65
1684,3,32,65
1685,3,32,65
1686,3,32,65
1687,3,32,65
1688,3,31,66
1689,3,31,66
1690,2,32,66
1691,2,32,66
1692,2,32,66
1693,2,32,66
1694,2,32,66
1695,2,32,66
1696,2,32,66
1697,2,32,66
1698,2,32,66
1699,2,32,66
1700,1,33,66
1701,1,33,66
1702,1,33,66
1703,1,33,66
1704,1,33,66
1705,1,33,66
1706,1,33,66
1707,1,32,67
1708,1,32,67
1709,1,31,68
1710,1,31,68
1711,1,31,68
1712,1,31,68
1713,1,31,68
1714,1,31,68
1715,1,31,68
1716,1,31,68
1717,1,31,68
1718,1,31,68
1719,1,31,68
1720,1,31,68
1721,1,31,68
1722,1,31,68
1723,1,31,68
1724,1,31,68
1725,1,30,69
1726,1,30,69
1727,1,30,69
1728,1,30,69
1729,1,30,69
1730,1,30,69
1731,1,30,69
1732,1,30,69
1733,1,30,69
1734,1,30,69
1735,1,30,69
1736,1,30,69
1737,1,30,69
1738,1,30,69
1739,1,30,69
1740,1,30,69
1741,1,30,69
1742,1,30,69
1743,1,30,69
1744,1,30,69
1745,1,30,69
1746,1,30,69
1747,1,30,69
1748,1,30,69
1749,1,30,69
1750,1,30,69
1751,1,30,69
1752,1,30,69
1753,1,30,69
1754,1,30,69
1755,1,30,69
1756,1,30,69
1757,1,30,69
1758,1,30,69
1759,1,30,69
1760,1,30,69
1761,1,30,69
1762,1,30,69
1763,1,30,69
1764,1,30,69
1765,1,30,69
1766,1,30,69
1767,1,29,70
1768,1,29,70
1769,1,29,70
1770,1,29,70
1771,1,29,70
1772,1,29,70
1773,1,29,70
1774,1,29,70
1775,1,28,71
1776,1,28,71
1777,1,27,72
1778,1,27,72
1779,1,27,72
1780,1,27,72
1781,1,27,72
1782,1,27,72
1783,1,27,72
1784,1,27,72
1785,1,27,72
1786,1,27,72
1787,1,27,72
1788,1,27,72
1789,1,27,72
1790,1,27,72
1791,1,27,72
1792,1,27,72
1793,1,27,72
1794,1,27,72
1795,1,27,72
1796,1,27,72
1797,1,27,72
1798,1,26,73
1799,1,26,73
1800,1,26,73
1801,1,26,73
1802,1,26,73
1803,1,26,73
1804,1,26,73
1805,1,26,73
1806,0,26,74
1807,0,26,74
1808,0,26,74
1809,0,26,74
1810,0,26,74
1811,0,26,74
1812,0,26,74
1813,0,26,74
1814,0,26,74
1815,0,26,74
1816,0,26,74
1817,0,26,74
1818,0,26,74
1819,0,26,74
1820,0,26,74
1821,0,26,74
1822,0,26,74
1823,0,26,74
1824,0,26,74
1825,0,26,74
1826,0,26,74
1827,0,26,74
1828,0,26,74
1829,0,26,74
1830,0,26,74
1831,0,26,74
1832,0,26,74
1833,0,26,74
1834,0,26,74
1835,0,26,74
1836,0,26,74
1837,0,26,74
1838,0,26,74
1839,0,26,74
1840,0,26,74
1841,0,26,74
1842,0,26,74
1843,0,26,74
1844,0,26,74
1845,0,26,74
1846,0,26,74
1847,0,26,74
1848,0,26,74
1849,0,26,74
1850,0,26,74
1851,0,26,74
1852,0,26,74
1853,0,26,74
1854,0,26,74
1855,0,26,74
1856,0,26,74
1857,0,26,74
1858,0,26,74
1859,0,26,74
1860,0,26,74
1861,0,26,74
1862,0,26,74
1863,0,26,74
1864,0,26,74
1865,0,26,74
1866,0,26,74
1867,0,26,74
1868,0,26,74
1869,0,26,74
1870,0,26,74
1871,0,26,74
1872,0,26,74
1873,0,26,74
1874,0,26,74
1875,0,26,74
1876,0,26,74
1877,0,26,74
1878,0,26,74
1879,0,26,74
1880,0,26,74
1881,0,26,74
1882,0,26,74
1883,0,26,74
1884,0,26,74
1885,0,26,74
1886,0,26,74
1887,0,26,74
1888,0,26,74
1889,0,26,74
1890,0,26,74
1891,0,26,74
1892,0,26,74
1893,0,26,74
1894,0,26,74
1895,0,26,74
1896,0,26,74
1897,0,26,74
1898,0,25,75
1899,0,25,75
1900,0,24,76
1901,0,23,77
1902,0,21,79
1903,0,21,79
1904,0,21,79
1905,0,21,79
1906,0,21,79
1907,0,21,79
1908,0,21,79
1909,0,21,79
1910,0,21,79
1911,0,21,79
1912,0,21,79
1913,0,21,79
1914,0,21,79
1915,0,21,79
1916,0,20,80
1917,0,20,80
1918,0,20,80
1919,0,20,80
1920,0,20,80
1921,0,20,80
1922,0,20,80
1923,0,20,80
1924,0,20,80
1925,0,20,80
1926,0,20,80
1927,0,20,80
1928,0,20,80
1929,0,20,80
1930,0,20,80
1931,0,20,80
1932,0,20,80
1933,0,20,80
1934,0,20,80
1935,0,20,80
1936,0,20,80
1937,0,20,80
1938,0,20,80
1939,0,20,80
1940,0,20,80
1941,0,20,80
1942,0,20,80
1943,0,20,80
1944,0,20,80
1945,0,20,80
1946,0,20,80
1947,0,20,80
1948,0,20,80
1949,0,20,80
1950,0,20,80
1951,0,20,80
1952,0,20,80
1953,0,20,80
1954,0,20,80
1955,0,20,80
1956,0,20,80
1957,0,20,80
1958,0,20,80
1959,0,20,80
1960,0,20,80
1961,0,19,81
1962,0,19,81
1963,0,19,81
1964,0,19,81
1965,0,19,81
1966,0,19,81
1967,0,19,81
1968,0,19,81
1969,0,19,81
1970,0,19,81
1971,0,19,81
1972,0,19,81
1973,0,19,81
1974,0,19,81
1975,0,18,82
1976,0,18,82
1977,0,18,82
1978,0,18,82
1979,0,18,82
1980,0,18,82
1981,0,18,82
1982,0,18,82
1983,0,18,82
1984,0,18,82
1985,0,18,82
1986,0,18,82
1987,0,18,82
1988,0,18,82
1989,0,18,82
1990,0,18,82
1991,0,18,82
1992,0,18,82
1993,0,18,82
1994,0,18,82
1995,0,18,82
1996,0,18,82
1997,0,18,82
1998,0,18,82
1999,0,17,83
2000,0,17,83
2001,0,17,83
2002,0,17,83
2003,0,17,83
2004,0,17,83
2005,0,17,83
2006,0,17,83
2007,0,17,83
2008,0,17,83
2009,0,17,83
2010,0,17,83
2011,0,17,83
2012,0,17,83
2013,0,17,83
2014,0,17,83
2015,0,17,83
2016,0,17,83
2017,0,17,83
2018,0,17,83
2019,0,17,83
2020,0,17,83
2021,0,17,83
2022,0,17,83
2023,0,17,83
2024,0,17,83
2025,0,17,83
2026,0,17,83
2027,0,17,83
2028,0,17,83
2029,0,17,83
2030,0,16,84
2031,0,16,84
2032,0,16,84
2033,0,16,84
2034,0,16,84
2035,0,16,84
2036,0,16,84
2037,0,16,84
2038,0,16,84
2039,0,16,84
2040,0,16,84
2041,0,16,84
2042,0,16,84
2043,0,16,84
2044,0,16,84
2045,0,16,84
2046,0,16,84
2047,0,16,84
2048,0,16,84
2049,0,16,84
2050,0,16,84
2051,0,16,84
2052,0,16,84
2053,0,16,84
2054,0,16,84
2055,0,16,84
2056,0,16,84
2057,0,16,84
2058,0,16,84
2059,0,16,84
2060,0,16,84
2061,0,16,84
2062,0,16,84
2063,0,16,84
2064,0,16,84
2065,0,16,84
2066,0,16,84
2067,0,16,84
2068,0,15,85
2069,0,15,85
2070,0,15,85
2071,0,15,85
2072,0,15,85
2073,0,15,85
2074,0,15,85
2075,0,15,85
2076,0,15,85
2077,0,15,85
2078,0,15,85
2079,0,15,85
2080,0,15,85
2081,0,15,85
2082,0,15,85
2083,0,15,85
2084,0,15,85
2085,0,15,85
2086,0,15,85
2087,0,15,85
2088,0,15,85
2089,0,15,85
2090,0,15,85
2091,0,15,85
2092,0,15,85
2093,0,15,85
2094,0,15,85
2095,0,15,85
2096,0,15,85
2097,0,15,85
2098,0,15,85
2099,0,15,85
2100,0,15,85
2101,0,15,85
2102,0,15,85
2103,0,15,85
2104,0,15,85
2105,0,15,85
2106,0,15,85
2107,0,15,85
2108,0,14,86
2109,0,14,86
2110,0,14,86
2111,0,14,86
2112,0,14,86
2113,0,14,86
2114,0,14,86
2115,0,14,86
2116,0,14,86
2117,0,14,86
2118,0,14,86
2119,0,14,86
2120,0,14,86
2121,0,14,86
2122,0,14,86
2123,0,14,86
2124,0,14,86
2125,0,14,86
2126,0,14,86
2127,0,14,86
2128,0,14,86
2129,0,14,86
2130,0,14,86
2131,0,14,86
2132,0,14,86
2133,0,14,86
2134,0,14,86
2135,0,14,86
2136,0,14,86
2137,0,14,86
2138,0,14,86
2139,0,14,86
2140,0,14,86
2141,0,14,86
2142,0,14,86
2143,0,14,86
2144,0,14,86
2145,0,14,86
2146,0,14,86
2147,0,14,86
2148,0,14,86
2149,0,14,86
2150,0,14,86
2151,0,14,86
2152,0,14,86
2153,0,14,86
2154,0,14,86
2155,0,14,86
2156,0,14,86
2157,0,14,86
2158,0,14,86
2159,0,14,86
2160,0,14,86
2161,0,14,86
2162,0,14,86
2163,0,14,86
2164,0,14,86
2165,0,14,86
2166,0,14,86
2167,0,14,86
2168,0,14,86
2169,0,14,86
2170,0,14,86
2171,0,14,86
2172,0,14,86
2173,0,13,87
2174,0,13,87
2175,0,13,87
2176,0,13,87
2177,0,13,87
2178,0,13,87
2179,0,13,87
2180,0,13,87
2181,0,12,88
2182,0,12,88
2183,0,12,88
2184,0,12,88
2185,0,12,88
2186,0,12,88
2187,0,12,88
2188,0,12,88
2189,0,12,88
2190,0,12,88
2191,0,12,88
2192,0,12,88
2193,0,12,88
2194,0,12,88
2195,0,12,88
2196,0,12,88
2197,0,12,88
2198,0,12,88
2199,0,12,88
2200,0,12,88
2201,0,12,88
2202,0,12,88
2203,0,12,88
2204,0,12,88
2205,0,12,88
2206,0,12,88
2207,0,12,88
2208,0,12,88
2209,0,12,88
2210,0,12,88
2211,0,12,88
2212,0,12,88
2213,0,12,88
2214,0,12,88
2215,0,12,88
2216,0,12,88
2217,0,12,88
2218,0,12,88
2219,0,12,88
2220,0,12,88
2221,0,12,88
2222,0,12,88
2223,0,12,88
2224,0,12,88
2225,0,12,88
2226,0,12,88
2227,0,12,88
2228,0,12,88
2229,0,12,88
2230,0,12,88
2231,0,11,89
2232,0,11,89
2233,0,11,89
2234,0,11,89
2235,0,11,89
2236,0,11,89
2237,0,10,90
2238,0,10,90
2239,0,10,90
2240,0,10,90
2241,0,10,90
2242,0,10,90
2243,0,10,90
2244,0,10,90
2245,0,10,90
2246,0,10,90
2247,0,10,90
2248,0,10,90
2249,0,10,90
2250,0,10,90
2251,0,10,90
2252,0,10,90
2253,0,10,90
2254,0,10,90
2255,0,10,90
2256,0,10,90
2257,0,10,90
2258,0,10,90
2259,0,10,90
2260,0,10,90
2261,0,10,90
2262,0,10,90
2263,0,10,90
2264,0,10,90
2265,0,10,90
2266,0,10,90
2267,0,10,90
2268,0,10,90
2269,0,10,90
2270,0,10,90
2271,0,10,90
2272,0,10,90
2273,0,10,90
2274,0,10,90
2275,0,10,90
2276,0,10,90
2277,0,10,90
2278,0,10,90
2279,0,10,90
2280,0,10,90
2281,0,10,90
2282,0,10,90
2283,0,10,90
2284,0,10,90
2285,0,10,90
2286,0,10,90
2287,0,10,90
2288,0,10,90
2289,0,10,90
2290,0,10,90
2291,0,10,90
2292,0,10,90
2293,0,10,90
2294,0,10,90
2295,0,10,90
2296,0,10,90
2297,0,10,90
2298,0,10,90
2299,0,10,90
2300,0,10,90
2301,0,10,90
2302,0,10,90
2303,0,10,90
2304,0,10,90
2305,0,10,90
2306,0,10,90
2307,0,10,90
2308,0,10,90
2309,0,10,90
2310,0,9,91
2311,0,9,91
2312,0,9,91
2313,0,9,91
2314,0,9,91
2315,0,9,91
2316,0,9,91
2317,0,9,91
2318,0,9,91
2319,0,9,91
2320,0,9,91
2321,0,9,91
2322,0,9,91
2323,0,9,91
2324,0,9,91
2325,0,9,91
2326,0,8,92
2327,0,8,92
2328,0,8,92
2329,0,8,92
2330,0,8,92
2331,0,8,92
2332,0,8,92
2333,0,8,92
2334,0,8,92
2335,0,8,92
2336,0,8,92
2337,0,8,92
2338,0,8,92
2339,0,8,92
2340,0,8,92
2341,0,8,92
2342,0,8,92
2343,0,8,92
2344,0,8,92
2345,0,8,92
2346,0,8,92
2347,0,8,92
2348,0,8,92
2349,0,8,92
2350,0,8,92
2351,0,8,92
2352,0,8,92
2353,0,8,92
2354,0,8,92
2355,0,8,92
2356,0,8,92
2357,0,8,92
2358,0,8,92
2359,0,8,92
2360,0,8,92
2361,0,8,92
2362,0,8,92
2363,0,8,92
2364,0,8,92
2365,0,8,92
2366,0,8,92
2367,0,8,92
2368,0,8,92
2369,0,8,92
2370,0,8,92
2371,0,8,92
2372,0,8,92
2373,0,8,92
2374,0,8,92
2375,0,8,92
2376,0,8,92
2377,0,8,92
2378,0,8,92
2379,0,8,92
2380,0,8,92
2381,0,8,92
2382,0,8,92
2383,0,8,92
2384,0,8,92
2385,0,8,92
2386,0,8,92
2387,0,8,92
2388,0,8,92
2389,0,8,92
2390,0,8,92
2391,0,8,92
2392,0,8,92
2393,0,8,92
2394,0,8,92
2395,0,8,92
2396,0,8,92
2397,0,8,92
2398,0,8,92
2399,0,8,92
2400,0,8,92
2401,0,8,92
2402,0,8,92
2403,0,8,92
2404,0,8,92
2405,0,8,92
2406,0,8,92
2407,0,8,92
2408,0,8,92
2409,0,8,92
2410,0,8,92
2411,0,8,92
2412,0,8,92
2413,0,8,92
2414,0,8,92
2415,0,8,92
2416,0,8,92
2417,0,8,92
2418,0,8,92
2419,0,8,92
2420,0,8,92
2421,0,8,92
2422,0,8,92
2423,0,8,92
2424,0,8,92
2425,0,8,92
2426,0,8,92
2427,0,8,92
2428,0,8,92
2429,0,8,92
2430,0,8,92
2431,0,8,92
2432,0,8,92
2433,0,8,92
2434,0,8,92
2435,0,7,93
2436,0,7,93
2437,0,7,93
2438,0,7,93
2439,0,7,93
2440,0,7,93
2441,0,7,93
2442,0,7,93
2443,0,7,93
2444,0,7,93
2445,0,7,93
2446,0,7,93
2447,0,7,93
2448,0,7,93
2449,0,7,93
2450,0,7,93
2451,0,7,93
2452,0,7,93
2453,0,7,93
2454,0,7,93
2455,0,7,93
2456,0,7,93
2457,0,7,93
2458,0,7,93
2459,0,7,93
2460,0,7,93
2461,0,7,93
2462,0,7,93
2463,0,7,93
2464,0,7,93
2465,0,7,93
2466,0,7,93
2467,0,7,93
2468,0,7,93
2469,0,7,93
2470,0,7,93
2471,0,7,93
2472,0,7,93
2473,0,7,93
2474,0,7,93
2475,0,7,93
2476,0,7,93
2477,0,7,93
2478,0,7,93
2479,0,7,93
2480,0,7,93
2481,0,7,93
2482,0,7,93
2483,0,7,93
2484,0,7,93
2485,0,7,93
2486,0,7,93
2487,0,7,93
2488,0,7,93
2489,0,7,93
2490,0,7,93
2491,0,7,93
2492,0,7,93
2493,0,7,93
2494,0,7,93
2495,0,6,94
2496,0,6,94
2497,0,6,94
2498,0,6,94
2499,0,6,94
2500,0,6,94
2501,0,6,94
2502,0,6,94
2503,0,6,94
2504,0,6,94
2505,0,6,94
2506,0,6,94
2507,0,6,94
2508,0,6,94
2509,0,6,94
2510,0,6,94
2511,0,6,94
2512,0,6,94
2513,0,6,94
2514,0,6,94
2515,0,6,94
2516,0,6,94
2517,0,6,94
2518,0,6,94
2519,0,6,94
2520,0,6,94
2521,0,6,94
2522,0,6,94
2523,0,6,94
2524,0,5,95
2525,0,5,95
2526,0,5,95
2527,0,5,95
2528,0,5,95
2529,0,5,95
2530,0,5,95
2531,0,5,95
2532,0,5,95
2533,0,5,95
2534,0,5,95
2535,0,5,95
2536,0,5,95
2537,0,5,95
2538,0,5,95
2539,0,5,95
2540,0,5,95
2541,0,5,95
2542,0,5,95
2543,0,5,95
2544,0,5,95
2545,0,5,95
2546,0,5,95
2547,0,5,95
2548,0,5,95
2549,0,5,95
2550,0,5,95
2551,0,5,95
2552,0,5,95
2553,0,5,95
2554,0,5,95
2555,0,5,95
2556,0,5,95
2557,0,5,95
2558,0,5,95
2559,0,5,95
2560,0,5,95
2561,0,5,95
2562,0,5,95
2563,0,5,95
2564,0,5,95
2565,0,5,95
2566,0,5,95
2567,0,5,95
2568,0,5,95
2569,0,5,95
2570,0,5,95
2571,0,5,95
2572,0,5,95
2573,0,5,95
2574,0,5,95
2575,0,5,95
2576,0,5,95
2577,0,5,95
2578,0,5,95
2579,0,5,95
2580,0,5,95
2581,0,5,95
2582,0,5,95
2583,0,5,95
2584,0,5,95
2585,0,5,95
2586,0,5,95
2587,0,5,95
2588,0,5,95
2589,0,5,95
2590,0,5,95
2591,0,5,95
2592,0,5,95
2593,0,5,95
2594,0,5,95
2595,0,5,95
2596,0,5,95
2597,0,5,95
2598,0,5,95
2599,0,5,95
2600,0,5,95
2601,0,5,95
2602,0,5,95
2603,0,5,95
2604,0,5,95
2605,0,5,95
2606,0,5,95
2607,0,5,95
2608,0,5,95
2609,0,5,95
2610,0,5,95
2611,0,5,95
2612,0,5,95
2613,0,5,95
2614,0,5,95
2615,0,5,95
2616,0,5,95
2617,0,5,95
2618,0,5,95
2619,0,5,95
2620,0,5,95
2621,0,5,95
2622,0,5,95
2623,0,5,95
2624,0,5,95
2625,0,5,95
2626,0,5,95
2627,0,5,95
2628,0,5,95
2629,0,5,95
2630,0,5,95
2631,0,5,95
2632,0,4,96
2633,0,4,96
2634,0,4,96
2635,0,4,96
2636,0,4,96
2637,0,3,97
2638,0,3,97
2639,0,3,97
2640,0,3,97
2641,0,3,97
2642,0,3,97
2643,0,3,97
2644,0,3,97
2645,0,3,97
2646,0,3,97
2647,0,3,97
2648,0,3,97
2649,0,3,97
2650,0,3,97
2651,0,3,97
2652,0,3,97
2653,0,3,97
2654,0,3,97
2655,0,3,97
2656,0,3,97
2657,0,3,97
2658,0,3,97
2659,0,3,97
2660,0,3,97
2661,0,3,97
2662,0,3,97
2663,0,3,97
2664,0,3,97
2665,0,3,97
2666,0,3,97
2667,0,3,97
2668,0,3,97
2669,0,3,97
2670,0,3,97
2671,0,3,97
2672,0,3,97
2673,0,3,97
2674,0,3,97
2675,0,3,97
2676,0,3,97
2677,0,3,97
2678,0,3,97
2679,0,3,97
2680,0,3,97
2681,0,3,97
2682,0,3,97
2683,0,3,97
2684,0,3,97
2685,0,3,97
2686,0,3,97
2687,0,3,97
2688,0,3,97
2689,0,3,97
2690,0,3,97
2691,0,3,97
2692,0,3,97
2693,0,3,97
2694,0,3,97
2695,0,3,97
2696,0,3,97
2697,0,3,97
2698,0,3,97
2699,0,3,97
2700,0,3,97
2701,0,3,97
2702,0,3,97
2703,0,3,97
2704,0,3,97
2705,0,3,97
2706,0,3,97
2707,0,3,97
2708,0,3,97
2709,0,3,97
2710,0,3,97
2711,0,3,97
2712,0,3,97
2713,0,3,97
2714,0,3,97
2715,0,3,97
2716,0,3,97
2717,0,3,97
2718,0,3,97
2719,0,3,97
2720,0,3,97
2721,0,2,98
2722,0,2,98
2723,0,2,98
2724,0,2,98
2725,0,2,98
2726,0,2,98
2727,0,2,98
2728,0,2,98
2729,0,2,98
2730,0,2,98
2731,0,2,98
2732,0,2,98
2733,0,2,98
2734,0,2,98
2735,0,2,98
2736,0,2,98
2737,0,2,98
2738,0,2,98
2739,0,2,98
2740,0,2,98
2741,0,2,98
2742,0,2,98
2743,0,2,98
2744,0,2,98
2745,0,2,98
2746,0,2,98
2747,0,2,98
2748,0,2,98
2749,0,2,98
2750,0,2,98
2751,0,2,98
2752,0,2,98
2753,0,2,98
2754,0,2,98
2755,0,2,98
2756,0,2,98
2757,0,2,98
2758,0,2,98
2759,0,2,98
2760,0,2,98
2761,0,2,98
2762,0,2,98
2763,0,2,98
2764,0,2,98
2765,0,2,98
2766,0,2,98
2767,0,2,98
2768,0,2,98
2769,0,2,98
2770,0,2,98
2771,0,2,98
2772,0,2,98
2773,0,2,98
2774,0,2,98
2775,0,2,98
2776,0,2,98
2777,0,2,98
2778,0,2,98
2779,0,2,98
2780,0,2,98
2781,0,2,98
2782,0,2,98
2783,0,2,98
2784,0,2,98
2785,0,2,98
2786,0,2,98
2787,0,2,98
2788,0,2,98
2789,0,2,98
2790,0,2,98
2791,0,2,98
2792,0,2,98
2793,0,2,98
2794,0,2,98
2795,0,2,98
2796,0,2,98
2797,0,2,98
2798,0,2,98
2799,0,2,98
2800,0,2,98
2801,0,2,98
2802,0,2,98
2803,0,2,98
2804,0,2,98
2805,0,2,98
2806,0,2,98
2807,0,2,98
2808,0,1,99
2809,0,1,99
2810,0,1,99
2811,0,1,99
2812,0,1,99
2813,0,1,99
2814,0,1,99
2815,0,1,99
2816,0,1,99
2817,0,1,99
2818,0,1,99
2819,0,1,99
2820,0,1,99
2821,0,1,99
2822,0,1,99
2823,0,1,99
2824,0,1,99
2825,0,1,99
2826,0,1,99
2827,0,1,99
2828,0,1,99
2829,0,1,99
2830,0,1,99
2831,0,1,99
2832,0,1,99
2833,0,1,99
2834,0,1,99
2835,0,1,99
2836,0,1,99
2837,0,1,99
2838,0,1,99
2839,0,1,99
2840,0,1,99
2841,0,1,99
2842,0,1,99
2843,0,1,99
2844,0,1,99
2845,0,1,99
2846,0,1,99
2847,0,1,99
2848,0,1,99
2849,0,1,99
2850,0,1,99
2851,0,1,99
2852,0,1,99
2853,0,1,99
2854,0,1,99
2855,0,1,99
2856,0,1,99
2857,0,1,99
2858,0,1,99
2859,0,1,99
2860,0,1,99
2861,0,1,99
2862,0,1,99
2863,0,1,99
2864,0,1,99
2865,0,1,99
2866,0,1,99
2867,0,1,99
2868,0,1,99
2869,0,1,99
2870,0,1,99
2871,0,1,99
2872,0,1,99
2873,0,1,99
2874,0,1,99
2875,0,1,99
2876,0,1,99
2877,0,1,99
2878,0,1,99
2879,0,1,99
2880,0,1,99
2881,0,0,100
2882,0,0,100
2883,0,0,100
2884,0,0,100
2885,0,0,100
2886,0,0,100
2887,0,0,100
2888,0,0,100
2889,0,0,100
2890,0,0,100
2891,0,0,100
2892,0,0,100
2893,0,0,100
2894,0,0,100
2895,0,0,100
2896,0,0,100
2897,0,0,100
2898,0,0,100
2899,0,0,100
2900,0,0,100
2901,0,0,100
2902,0,0,100
2903,0,0,100
2904,0,0,100
2905,0,0,100
2906,0,0,100
2907,0,0,100
2908,0,0,100
2909,0,0,100
2910,0,0,100
2911,0,0,100
2912,0,0,100
2913,0,0,100
2914,0,0,100
2915,0,0,100
2916,0,0,100
2917,0,0,100
2918,0,0,100
2919,0,0,100
2920,0,0,100
2921,0,0,100
2922,0,0,100
2923,0,0,100
2924,0,0,100
2925,0,0,100
2926,0,0,100
2927,0,0,100
2928,0,0,100
2929,0,0,100
2930,0,0,100
2931,0,0,100
2932,0,0,100
2933,0,0,100
2934,0,0,100
2935,0,0,100
2936,0,0,100
2937,0,0,100
2938,0,0,100
2939,0,0,100
2940,0,0,100
2941,0,0,100
2942,0,0,100
2943,0,0,100
2944,0,0,100
2945,0,0,100
2946,0,0,100
2947,0,0,100
2948,0,0,100
2949,0,0,100
2950,0,0,100
2951,0,0,100
2952,0,0,100
2953,0,0,100
2954,0,0,100
2955,0,0,100
2956,0,0,100
2957,0,0,100
2958,0,0,100
2959,0,0,100
2960,0,0,100
2961,0,0,100
2962,0,0,100
2963,0,0,100
2964,0,0,100
2965,0,0,100
2966,0,0,100
2967,0,0,100
2968,0,0,100
2969,0,0,100
2970,0,0,100
2971,0,0,100
2972,0,0,100
2973,0,0,100
2974,0,0,100
2975,0,0,100
2976,0,0,100
2977,0,0,100
2978,0,0,100
2979,0,0,100
2980,0,0,100
2981,0,0,100
2982,0,0,100
2983,0,0,100
2984,0,0,100
2985,0,0,100
2986,0,0,100
2987,0,0,100
2988,0,0,100
2989,0,0,100
2990,0,0,100
2991,0,0,100
2992,0,0,100
2993,0,0,100
2994,0,0,100
2995,0,0,100
2996,0,0,100
2997,0,0,100
2998,0,0,100
2999,0,0,100
3000,0,0,100
