Time,Healthy,Undetectable,Detectable
0,97,3,0
1,97,3,0
2,97,3,0
3,97,3,0
4,97,3,0
5,97,3,0
6,97,3,0
7,97,3,0
8,97,3,0
9,97,3,0
10,97,3,0
11,97,3,0
12,97,3,0
13,97,3,0
14,97,3,0
15,97,3,0
16,97,3,0
17,97,3,0
18,97,3,0
19,97,3,0
20,97,3,0
21,97,3,0
22,97,3,0
23,97,3,0
24,97,3,0
25,97,3,0
26,97,3,0
27,97,3,0
28,97,3,0
29,97,3,0
30,97,3,0
31,97,3,0
32,97,3,0
33,97,3,0
34,97,3,0
35,97,3,0
36,97,3,0
37,97,3,0
38,97,3,0
39,97,3,0
40,97,3,0
41,97,3,0
42,97,3,0
43,97,3,0
44,97,3,0
45,97,3,0
46,97,3,0
47,97,3,0
48,97,3,0
49,97,3,0
50,97,3,0
51,97,3,0
52,97,3,0
53,97,3,0
54,97,3,0
55,97,3,0
56,97,3,0
57,97,3,0
58,97,3,0
59,97,3,0
60,97,3,0
61,97,3,0
62,97,3,0
63,97,3,0
64,97,3,0
65,97,3,0
66,97,3,0
67,97,3,0
68,97,3,0
69,97,3,0
70,97,3,0
71,97,3,0
72,97,3,0
73,97,3,0
74,97,3,0
75,97,3,0
76,97,3,0
77,97,3,0
78,97,3,0
79,97,3,0
80,97,3,0
81,97,3,0
82,97,3,0
83,97,3,0
84,97,3,0
85,97,3,0
86,97,3,0
87,97,3,0
88,97,3,0
89,97,3,0
90,97,3,0
91,97,3,0
92,97,3,0
93,97,3,0
94,97,3,0
95,97,3,0
96,97,3,0
97,97,3,0
98,97,3,0
99,97,3,0
100,97,3,0
101,97,3,0
102,97,3,0
103,97,3,0
104,97,3,0
105,97,3,0
106,97,3,0
107,97,3,0
108,97,3,0
109,97,3,0
110,97,3,0
111,97,3,0
112,97,3,0
113,97,3,0
114,97,3,0
115,97,3,0
116,97,3,0
117,97,3,0
118,97,3,0
119,97,3,0
120,97,3,0
121,97,3,0
122,97,3,0
123,97,3,0
124,97,3,0
125,97,3,0
126,97,3,0
127,97,3,0
128,97,3,0
129,97,3,0
130,97,3,0
131,97,3,0
132,97,3,0
133,97,3,0
134,97,3,0
135,97,3,0
136,97,3,0
137,97,3,0
138,97,3,0
139,97,3,0
140,97,3,0
141,97,3,0
142,97,3,0
143,97,3,0
144,97,3,0
145,97,3,0
146,97,3,0
147,97,3,0
148,97,3,0
149,97,3,0
150,97,3,0
151,97,3,0
152,97,3,0
153,97,3,0
154,97,3,0
155,97,3,0
156,97,3,0
157,97,3,0
158,97,3,0
159,97,3,0
160,97,3,0
161,97,3,0
162,97,3,0
163,97,3,0
164,97,3,0
165,97,3,0
166,97,3,0
167,97,3,0
168,97,3,0
169,97,3,0
170,97,3,0
171,97,3,0
172,97,3,0
173,97,3,0
174,97,3,0
175,97,3,0
176,97,3,0
177,97,3,0
178,97,3,0
179,97,3,0
180,97,3,0
181,97,3,0
182,97,3,0
183,97,3,0
184,97,3,0
185,97,3,0
186,97,3,0
187,97,3,0
188,97,3,0
189,97,3,0
190,97,3,0
191,97,3,0
192,97,3,0
193,97,3,0
194,97,3,0
195,97,3,0
196,97,3,0
197,97,3,0
198,97,3,0
199,97,3,0
200,97,3,0
201,97,3,0
202,97,3,0
203,97,3,0
204,97,3,0
205,97,3,0
206,97,3,0
207,97,3,0
208,97,3,0
209,97,3,0
210,97,3,0
211,97,3,0
212,97,3,0
213,97,3,0
214,97,3,0
215,97,3,0
216,97,3,0
217,97,3,0
218,97,3,0
219,97,3,0
220,97,3,0
221,97,3,0
222,97,3,0
223,97,3,0
224,97,3,0
225,97,3,0
226,97,3,0
227,97,3,0
228,97,3,0
229,97,3,0
230,97,3,0
231,97,3,0
232,97,3,0
233,97,3,0
234,97,3,0
235,97,3,0
236,97,3,0
237,97,3,0
238,97,3,0
239,97,3,0
240,97,3,0
241,97,3,0
242,97,3,0
243,97,3,0
244,97,3,0
245,97,3,0
246,97,3,0
247,97,3,0
248,97,3,0
249,97,3,0
250,97,3,0
251,97,3,0
252,97,3,0
253,97,3,0
254,97,3,0
255,97,3,0
256,97,3,0
257,97,3,0
258,97,3,0
259,97,3,0
260,97,3,0
261,97,3,0
262,97,3,0
263,97,3,0
264,97,3,0
265,97,3,0
266,97,3,0
267,97,3,0
268,97,3,0
269,97,3,0
270,97,3,0
271,97,3,0
272,97,3,0
273,97,3,0
274,97,3,0
275,97,3,0
276,97,3,0
277,97,3,0
278,97,3,0
279,97,3,0
280,97,3,0
281,97,3,0
282,97,3,0
283,97,3,0
284,97,3,0
285,97,3,0
286,97,3,0
287,97,3,0
288,97,3,0
289,97,3,0
290,97,3,0
291,97,3,0
292,97,3,0
293,97,3,0
294,97,3,0
295,97,3,0
296,97,3,0
297,97,3,0
298,97,3,0
299,97,3,0
300,97,3,0
301,97,3,0
302,97,3,0
303,97,3,0
304,97,3,0
305,97,3,0
306,97,3,0
307,97,3,0
308,97,3,0
309,97,3,0
310,97,3,0
311,97,3,0
312,97,3,0
313,97,3,0
314,97,3,0
315,97,3,0
316,97,3,0
317,97,3,0
318,97,3,0
319,97,3,0
320,97,3,0
321,97,3,0
322,97,3,0
323,97,3,0
324,97,3,0
325,97,3,0
326,97,3,0
327,97,3,0
328,97,3,0
329,97,3,0
330,97,3,0
331,97,3,0
332,97,3,0
333,97,3,0
334,97,3,0
335,97,3,0
336,97,3,0
337,97,3,0
338,97,3,0
339,97,3,0
340,97,3,0
341,97,3,0
342,97,3,0
343,97,3,0
344,97,3,0
345,97,3,0
346,97,3,0
347,97,3,0
348,97,3,0
349,97,3,0
350,97,3,0
351,97,3,0
352,97,3,0
353,97,3,0
354,97,3,0
355,97,3,0
356,97,3,0
357,97,3,0
358,97,3,0
359,97,3,0
360,97,3,0
361,97,3,0
362,97,3,0
363,97,3,0
364,97,3,0
365,97,3,0
366,97,3,0
367,97,3,0
368,97,3,0
369,97,3,0
370,97,3,0
371,97,3,0
372,97,3,0
373,97,3,0
374,97,3,0
375,97,3,0
376,97,3,0
377,97,3,0
378,97,3,0
379,97,3,0
380,97,3,0
381,97,3,0
382,97,3,0
383,97,3,0
384,97,3,0
385,97,3,0
386,97,3,0
387,97,3,0
388,97,3,0
389,97,3,0
390,97,3,0
391,97,3,0
392,97,3,0
393,97,3,0
394,97,3,0
395,97,3,0
396,97,3,0
397,97,3,0
398,97,3,0
399,97,3,0
400,97,3,0
401,97,3,0
402,97,3,0
403,97,3,0
404,97,3,0
405,97,3,0
406,97,3,0
407,97,3,0
408,97,3,0
409,97,3,0
410,97,3,0
411,97,3,0
412,97,3,0
413,97,3,0
414,97,3,0
415,97,3,0
416,97,3,0
417,97,3,0
418,97,3,0
419,97,3,0
420,97,3,0
421,97,3,0
422,97,3,0
423,97,3,0
424,97,3,0
425,97,3,0
426,97,3,0
427,97,3,0
428,97,3,0
429,97,3,0
430,97,3,0
431,97,3,0
432,97,3,0
433,97,3,0
434,97,3,0
435,97,3,0
436,97,3,0
437,97,3,0
438,97,3,0
439,97,3,0
440,97,3,0
441,97,3,0
442,97,3,0
443,97,3,0
444,97,3,0
445,97,3,0
446,97,3,0
447,97,3,0
448,97,3,0
449,97,3,0
450,97,3,0
451,97,3,0
452,97,3,0
453,97,3,0
454,97,3,0
455,97,3,0
456,97,3,0
457,97,3,0
458,97,3,0
459,97,3,0
460,97,3,0
461,97,3,0
462,97,3,0
463,97,3,0
464,97,3,0
465,97,3,0
466,97,3,0
467,97,3,0
468,97,3,0
469,97,3,0
470,97,3,0
471,97,3,0
472,97,3,0
473,97,3,0
474,97,3,0
475,97,3,0
476,97,3,0
477,97,3,0
478,97,3,0
479,97,3,0
480,97,3,0
481,97,3,0
482,97,3,0
483,97,3,0
484,97,3,0
485,97,3,0
486,97,3,0
487,97,3,0
488,97,3,0
489,97,3,0
490,97,3,0
491,97,3,0
492,97,3,0
493,97,3,0
494,97,3,0
495,97,3,0
496,97,3,0
497,97,3,0
498,97,3,0
499,97,3,0
500,97,3,0
501,97,3,0
502,97,3,0
503,97,3,0
504,97,3,0
505,97,3,0
506,97,3,0
507,97,3,0
508,97,3,0
509,97,3,0
510,97,3,0
511,97,3,0
512,97,3,0
513,97,3,0
514,97,3,0
515,97,3,0
516,97,3,0
517,97,3,0
518,97,3,0
519,97,3,0
520,97,3,0
521,97,3,0
522,97,3,0
523,97,3,0
524,97,3,0
525,97,3,0
526,97,3,0
527,97,3,0
528,97,3,0
529,97,2,1
530,97,2,1
531,97,2,1
532,97,2,1
533,97,2,1
534,97,2,1
535,97,2,1
536,97,2,1
537,97,2,1
538,97,2,1
539,97,2,1
540,97,2,1
541,97,2,1
542,97,2,1
543,97,2,1
544,97,2,1
545,97,2,1
546,97,2,1
547,97,2,1
548,97,2,1
549,97,2,1
550,97,2,1
551,97,2,1
552,97,2,1
553,97,2,1
554,97,2,1
555,97,2,1
556,97,2,1
557,97,2,1
558,97,2,1
559,97,2,1
560,97,2,1
561,97,2,1
562,97,2,1
563,97,2,1
564,97,2,1
565,97,2,1
566,97,2,1
567,97,2,1
568,97,2,1
569,97,2,1
570,97,2,1
571,97,2,1
572,97,2,1
573,97,2,1
574,97,2,1
575,97,2,1
576,97,2,1
577,97,2,1
578,97,2,1
579,97,2,1
580,97,2,1
581,97,2,1
582,97,2,1
583,97,2,1
584,97,2,1
585,97,2,1
586,97,2,1
587,97,2,1
588,97,2,1
589,97,2,1
590,97,2,1
591,97,2,1
592,97,2,1
593,97,2,1
594,97,2,1
595,97,2,1
596,97,2,1
597,97,2,1
598,97,2,1
599,97,2,1
600,97,2,1
601,97,2,1
602,97,2,1
603,97,2,1
604,97,2,1
605,97,2,1
606,97,2,1
607,97,2,1
608,97,2,1
609,97,2,1
610,97,2,1
611,97,2,1
612,97,2,1
613,97,2,1
614,97,2,1
615,97,2,1
616,97,2,1
617,97,2,1
618,97,2,1
619,97,2,1
620,97,2,1
621,97,2,1
622,97,2,1
623,97,2,1
624,97,2,1
625,97,2,1
626,97,2,1
627,97,2,1
628,97,2,1
629,97,2,1
630,97,2,1
631,97,2,1
632,97,2,1
633,97,2,1
634,97,2,1
635,97,2,1
636,97,2,1
637,97,2,1
638,97,2,1
639,97,2,1
640,97,2,1
641,97,2,1
642,97,2,1
643,97,2,1
644,97,2,1
645,97,2,1
646,97,2,1
647,97,2,1
648,97,2,1
649,97,2,1
650,97,2,1
651,97,2,1
652,97,2,1
653,97,2,1
654,97,2,1
655,97,2,1
656,97,2,1
657,97,2,1
658,97,2,1
659,97,2,1
660,97,2,1
661,97,2,1
662,97,2,1
663,97,2,1
664,97,2,1
665,97,2,1
666,97,2,1
667,97,2,1
668,97,2,1
669,97,2,1
670,97,2,1
671,97,2,1
672,97,2,1
673,97,2,1
674,97,2,1
675,97,2,1
676,97,2,1
677,97,2,1
678,97,2,1
679,97,2,1
680,97,2,1
681,97,2,1
682,97,2,1
683,97,2,1
684,97,2,1
685,97,2,1
686,97,2,1
687,97,2,1
688,97,2,1
689,97,2,1
690,97,2,1
691,97,2,1
692,97,2,1
693,97,2,1
694,97,2,1
695,97,2,1
696,97,2,1
697,97,2,1
698,97,2,1
699,97,2,1
700,97,2,1
701,97,2,1
702,97,2,1
703,97,2,1
704,97,2,1
705,97,2,1
706,97,2,1
707,97,2,1
708,97,2,1
709,97,2,1
710,97,2,1
711,97,2,1
712,97,2,1
713,97,2,1
714,97,2,1
715,97,2,1
716,97,2,1
717,97,2,1
718,97,2,1
719,97,2,1
720,97,2,1
721,97,1,2
722,97,1,2
723,97,1,2
724,97,1,2
725,97,1,2
726,97,1,2
727,97,1,2
728,97,1,2
729,97,1,2
730,97,1,2
731,97,1,2
732,97,1,2
733,97,1,2
734,97,1,2
735,97,1,2
736,97,1,2
737,97,1,2
738,97,1,2
739,97,1,2
740,97,1,2
741,97,1,2
742,97,1,2
743,97,1,2
744,97,1,2
745,97,1,2
746,97,1,2
747,97,1,2
748,97,1,2
749,97,1,2
750,97,1,2
751,97,1,2
752,97,1,2
753,97,1,2
754,97,1,2
755,97,1,2
756,97,1,2
757,97,1,2
758,97,1,2
759,97,1,2
760,97,1,2
761,97,1,2
762,97,1,2
763,97,1,2
764,97,1,2
765,97,1,2
766,97,1,2
767,97,1,2
768,97,1,2
769,97,1,2
770,97,1,2
771,97,1,2
772,97,1,2
773,97,1,2
774,97,1,2
775,97,1,2
776,97,1,2
777,97,1,2
778,97,1,2
779,97,1,2
780,97,1,2
781,97,1,2
782,97,1,2
783,97,1,2
784,97,1,2
785,97,1,2
786,97,1,2
787,97,1,2
788,97,1,2
789,97,1,2
790,97,1,2
791,97,1,2
792,97,1,2
793,97,1,2
794,97,1,2
795,97,1,2
796,97,1,2
797,97,1,2
798,97,1,2
799,97,1,2
800,97,1,2
801,97,1,2
802,97,1,2
803,97,1,2
804,97,1,2
805,97,1,2
806,97,1,2
807,97,1,2
808,97,1,2
809,97,1,2
810,97,1,2
811,97,1,2
812,97,1,2
813,97,1,2
814,97,1,2
815,97,1,2
816,97,1,2
817,97,1,2
818,97,1,2
819,97,1,2
820,97,1,2
821,97,1,2
822,97,1,2
823,97,1,2
824,97,1,2
825,97,1,2
826,96,2,2
827,96,2,2
828,96,2,2
829,96,2,2
830,96,2,2
831,96,2,2
832,96,2,2
833,96,2,2
834,96,2,2
835,96,2,2
836,96,2,2
837,96,2,2
838,96,1,3
839,96,1,3
840,96,1,3
841,96,1,3
842,96,1,3
843,96,1,3
844,96,1,3
845,96,1,3
846,96,1,3
847,96,1,3
848,96,1,3
849,96,1,3
850,95,2,3
851,94,3,3
852,94,3,3
853,94,3,3
854,94,3,3
855,94,3,3
856,94,3,3
857,94,3,3
858,94,3,3
859,94,3,3
860,94,3,3
861,94,3,3
862,94,3,3
863,94,3,3
864,94,3,3
865,94,3,3
866,94,3,3
867,94,3,3
868,94,3,3
869,94,3,3
870,94,3,3
871,94,3,3
872,94,3,3
873,94,3,3
874,94,3,3
875,94,3,3
876,94,3,3
877,94,3,3
878,94,3,3
879,94,3,3
880,94,3,3
881,94,3,3
882,94,3,3
883,94,3,3
884,94,3,3
885,94,3,3
886,94,3,3
887,94,3,3
888,94,3,3
889,94,3,3
890,94,3,3
891,94,3,3
892,94,3,3
893,94,3,3
894,94,3,3
895,94,3,3
896,94,3,3
897,94,3,3
898,94,3,3
899,94,3,3
900,94,3,3
901,94,3,3
902,94,3,3
903,94,3,3
904,94,3,3
905,94,3,3
906,94,3,3
907,94,3,3
908,94,3,3
909,94,3,3
910,94,3,3
911,94,3,3
912,94,3,3
913,94,3,3
914,94,3,3
915,94,3,3
916,94,3,3
917,94,3,3
918,94,3,3
919,94,3,3
920,94,3,3
921,94,3,3
922,94,3,3
923,94,3,3
924,94,3,3
925,94,3,3
926,94,3,3
927,94,3,3
928,94,3,3
929,94,3,3
930,94,3,3
931,94,3,3
932,94,3,3
933,94,3,3
934,94,3,3
935,94,3,3
936,94,3,3
937,94,3,3
938,94,3,3
939,94,3,3
940,94,3,3
941,94,3,3
942,94,3,3
943,94,3,3
944,94,3,3
945,94,3,3
946,94,3,3
947,94,3,3
948,94,3,3
949,94,3,3
950,94,3,3
951,94,3,3
952,94,3,3
953,94,3,3
954,94,3,3
955,94,3,3
956,94,3,3
957,94,3,3
958,94,3,3
959,94,3,3
960,94,3,3
961,94,3,3
962,94,3,3
963,94,3,3
964,94,3,3
965,94,3,3
966,94,3,3
967,94,3,3
968,94,3,3
969,94,3,3
970,94,3,3
971,94,3,3
972,94,3,3
973,94,3,3
974,94,3,3
975,94,3,3
976,94,3,3
977,94,3,3
978,94,3,3
979,94,3,3
980,94,3,3
981,94,3,3
982,94,3,3
983,94,3,3
984,94,3,3
985,94,3,3
986,94,3,3
987,94,3,3
988,94,3,3
989,94,3,3
990,94,3,3
991,94,3,3
992,94,3,3
993,94,3,3
994,94,3,3
995,94,3,3
996,94,3,3
997,94,3,3
998,94,3,3
999,94,3,3
1000,94,3,3
1001,93,3,4
1002,93,3,4
1003,93,2,5
1004,93,2,5
1005,93,2,5
1006,93,2,5
1007,93,2,5
1008,93,2,5
1009,93,2,5
1010,93,2,5
1011,93,2,5
1012,93,2,5
1013,93,2,5
1014,93,2,5
1015,93,2,5
1016,93,2,5
1017,93,2,5
1018,93,2,5
1019,93,2,5
1020,93,2,5
1021,93,2,5
1022,93,2,5
1023,93,2,5
1024,93,2,5
1025,93,2,5
1026,93,2,5
1027,93,2,5
1028,93,2,5
1029,93,2,5
1030,93,2,5
1031,93,2,5
1032,93,2,5
1033,93,2,5
1034,93,2,5
1035,93,2,5
1036,93,2,5
1037,93,2,5
1038,93,2,5
1039,93,2,5
1040,93,2,5
1041,93,2,5
1042,93,2,5
1043,93,2,5
1044,93,2,5
1045,93,2,5
1046,93,2,5
1047,93,2,5
1048,92,3,5
1049,92,3,5
1050,92,3,5
1051,92,3,5
1052,92,3,5
1053,92,3,5
1054,92,3,5
1055,92,3,5
1056,91,4,5
1057,91,4,5
1058,91,3,6
1059,91,3,6
1060,91,3,6
1061,91,3,6
1062,91,3,6
1063,91,3,6
1064,91,3,6
1065,91,3,6
1066,91,3,6
1067,91,3,6
1068,91,2,7
1069,91,2,7
1070,91,2,7
1071,91,2,7
1072,91,2,7
1073,90,3,7
1074,90,3,7
1075,90,3,7
1076,90,3,7
1077,90,3,7
1078,90,3,7
1079,90,3,7
1080,89,4,7
1081,89,4,7
1082,89,4,7
1083,89,4,7
1084,89,4,7
1085,89,4,7
1086,89,4,7
1087,89,4,7
1088,89,4,7
1089,89,4,7
1090,89,4,7
1091,89,4,7
1092,89,4,7
1093,89,4,7
1094,89,4,7
1095,89,4,7
1096,89,4,7
1097,89,4,7
1098,89,4,7
1099,89,4,7
1100,89,4,7
1101,89,4,7
1102,89,4,7
1103,88,5,7
1104,88,5,7
1105,88,4,8
1106,88,4,8
1107,88,4,8
1108,88,4,8
1109,88,4,8
1110,87,5,8
1111,87,5,8
1112,87,5,8
1113,87,5,8
1114,87,5,8
1115,87,5,8
1116,87,5,8
1117,87,5,8
1118,87,5,8
1119,87,5,8
1120,87,5,8
1121,87,5,8
1122,87,5,8
1123,87,5,8
1124,87,5,8
1125,87,5,8
1126,87,5,8
1127,87,5,8
1128,87,5,8
1129,87,5,8
1130,87,5,8
1131,87,5,8
1132,87,5,8
1133,87,5,8
1134,87,5,8
1135,86,6,8
1136,86,6,8
1137,85,7,8
1138,85,7,8
1139,85,7,8
1140,85,7,8
1141,85,7,8
1142,85,7,8
1143,85,7,8
1144,85,7,8
1145,85,7,8
1146,85,7,8
1147,84,8,8
1148,84,8,8
1149,84,8,8
1150,84,8,8
1151,84,8,8
1152,84,8,8
1153,84,8,8
1154,83,9,8
1155,83,9,8
1156,83,9,8
1157,83,9,8
1158,83,9,8
1159,82,10,8
1160,81,11,8
1161,81,11,8
1162,80,12,8
1163,80,12,8
1164,80,12,8
1165,80,12,8
1166,80,12,8
1167,80,11,9
1168,80,11,9
1169,80,11,9
1170,80,11,9
1171,80,11,9
1172,79,12,9
1173,79,12,9
1174,79,12,9
1175,79,12,9
1176,79,12,9
1177,79,12,9
1178,79,12,9
1179,79,12,9
1180,79,12,9
1181,79,12,9
1182,79,12,9
1183,79,12,9
1184,79,12,9
1185,79,12,9
1186,79,12,9
1187,78,13,9
1188,78,13,9
1189,77,14,9
1190,77,14,9
1191,77,14,9
1192,77,14,9
1193,77,14,9
1194,77,14,9
1195,77,14,9
1196,77,14,9
1197,77,14,9
1198,77,14,9
1199,77,14,9
1200,77,14,9
1201,77,14,9
1202,77,14,9
1203,77,14,9
1204,77,13,10
1205,77,13,10
1206,77,13,10
1207,77,13,10
1208,77,13,10
1209,77,13,10
1210,76,14,10
1211,75,15,10
1212,75,15,10
1213,74,16,10
1214,74,16,10
1215,74,16,10
1216,74,16,10
1217,74,16,10
1218,74,16,10
1219,74,16,10
1220,74,16,10
1221,74,16,10
1222,74,16,10
1223,74,16,10
1224,74,16,10
1225,74,16,10
1226,74,16,10
1227,74,16,10
1228,74,16,10
1229,74,16,10
1230,74,16,10
1231,74,16,10
1232,74,16,10
1233,74,16,10
1234,74,16,10
1235,74,16,10
1236,74,16,10
1237,74,16,10
1238,74,16,10
1239,74,16,10
1240,74,16,10
1241,74,16,10
1242,74,16,10
1243,74,16,10
1244,74,16,10
1245,74,16,10
1246,74,16,10
1247,74,16,10
1248,74,16,10
1249,74,16,10
1250,74,15,11
1251,74,14,12
1252,74,14,12
1253,74,14,12
1254,74,14,12
1255,74,14,12
1256,73,15,12
1257,73,15,12
1258,73,15,12
1259,73,15,12
1260,73,15,12
1261,73,15,12
1262,73,15,12
1263,73,15,12
1264,73,15,12
1265,72,16,12
1266,72,16,12
1267,72,16,12
1268,72,16,12
1269,72,16,12
1270,72,16,12
1271,71,17,12
1272,71,17,12
1273,70,18,12
1274,70,18,12
1275,70,18,12
1276,70,18,12
1277,70,18,12
1278,70,18,12
1279,69,19,12
1280,69,19,12
1281,69,18,13
1282,69,18,13
1283,69,18,13
1284,68,19,13
1285,68,19,13
1286,67,20,13
1287,67,20,13
1288,67,20,13
1289,67,20,13
1290,66,21,13
1291,65,22,13
1292,65,22,13
1293,65,22,13
1294,65,22,13
1295,64,23,13
1296,63,24,13
1297,63,24,13
1298,63,24,13
1299,63,24,13
1300,63,24,13
1301,63,24,13
1302,63,24,13
1303,63,24,13
1304,63,24,13
1305,63,24,13
1306,63,24,13
1307,62,25,13
1308,62,25,13
1309,62,25,13
1310,62,25,13
1311,62,25,13
1312,62,25,13
1313,62,24,14
1314,62,24,14
1315,62,24,14
1316,62,24,14
1317,62,24,14
1318,62,24,14
1319,61,25,14
1320,61,25,14
1321,61,25,14
1322,61,25,14
1323,61,25,14
1324,61,25,14
1325,60,26,14
1326,60,26,14
1327,60,26,14
1328,60,26,14
1329,60,26,14
1330,59,27,14
1331,58,28,14
1332,58,28,14
1333,58,28,14
1334,57,29,14
1335,57,29,14
1336,57,29,14
1337,56,30,14
1338,55,31,14
1339,55,31,14
1340,55,31,14
1341,54,31,15
1342,54,31,15
1343,54,31,15
1344,54,31,15
1345,54,31,15
1346,54,31,15
1347,54,31,15
1348,53,32,15
1349,53,32,15
1350,53,32,15
1351,53,32,15
1352,52,33,15
1353,52,32,16
1354,52,31,17
1355,52,31,17
1356,51,31,18
1357,51,31,18
1358,51,31,18
1359,51,30,19
1360,51,30,19
1361,51,30,19
1362,51,30,19
1363,51,30,19
1364,51,30,19
1365,50,31,19
1366,50,31,19
1367,50,31,19
1368,50,31,19
1369,50,31,19
1370,50,30,20
1371,50,30,20
1372,50,30,20
1373,50,30,20
1374,50,30,20
1375,50,30,20
1376,50,30,20
1377,50,30,20
1378,50,29,21
1379,50,29,21
1380,49,30,21
1381,48,31,21
1382,48,30,22
1383,47,31,22
1384,47,31,22
1385,47,31,22
1386,47,31,22
1387,47,31,22
1388,46,31,23
1389,46,31,23
1390,46,31,23
1391,46,31,23
1392,46,31,23
1393,46,31,23
1394,46,31,23
1395,46,31,23
1396,46,31,23
1397,46,31,23
1398,46,31,23
1399,46,31,23
1400,46,31,23
1401,46,31,23
1402,46,31,23
1403,46,31,23
1404,46,31,23
1405,45,32,23
1406,44,33,23
1407,44,33,23
1408,44,33,23
1409,44,33,23
1410,44,33,23
1411,44,33,23
1412,43,34,23
1413,43,34,23
1414,43,34,23
1415,41,36,23
1416,41,36,23
1417,41,36,23
1418,41,36,23
1419,41,36,23
1420,41,36,23
1421,41,36,23
1422,41,36,23
1423,41,36,23
1424,41,36,23
1425,41,36,23
1426,41,36,23
1427,41,36,23
1428,41,35,24
1429,41,35,24
1430,41,35,24
1431,41,35,24
1432,41,35,24
1433,41,35,24
1434,41,35,24
1435,40,36,24
1436,40,36,24
1437,40,36,24
1438,40,36,24
1439,40,36,24
1440,40,36,24
1441,40,36,24
1442,40,36,24
1443,39,37,24
1444,39,37,24
1445,39,37,24
1446,39,37,24
1447,39,37,24
1448,38,38,24
1449,38,38,24
1450,38,38,24
1451,38,38,24
1452,38,38,24
1453,38,38,24
1454,37,39,24
1455,37,39,24
1456,37,39,24
1457,37,39,24
1458,37,39,24
1459,37,39,24
1460,37,39,24
1461,37,39,24
1462,35,41,24
1463,35,41,24
1464,35,40,25
1465,35,40,25
1466,35,40,25
1467,35,40,25
1468,35,40,25
1469,35,40,25
1470,35,39,26
1471,35,39,26
1472,35,39,26
1473,35,38,27
1474,35,38,27
1475,35,38,27
1476,35,38,27
1477,34,39,27
1478,33,40,27
1479,33,40,27
1480,33,40,27
1481,33,40,27
1482,33,40,27
1483,33,39,28
1484,33,39,28
1485,33,39,28
1486,33,39,28
1487,33,39,28
1488,33,39,28
1489,33,39,28
1490,33,39,28
1491,32,39,29
1492,32,39,29
1493,32,39,29
1494,32,39,29
1495,31,40,29
1496,31,40,29
1497,31,40,29
1498,31,40,29
1499,30,41,29
1500,30,41,29
1501,30,41,29
1502,30,41,29
1503,30,41,29
1504,30,41,29
1505,30,41,29
1506,30,40,30
1507,30,40,30
1508,30,40,30
1509,30,40,30
1510,30,40,30
1511,30,40,30
1512,30,40,30
1513,30,40,30
1514,29,41,30
1515,29,41,30
1516,29,41,30
1517,29,41,30
1518,29,41,30
1519,29,41,30
1520,29,41,30
1521,29,41,30
1522,28,42,30
1523,28,42,30
1524,28,41,31
1525,28,41,31
1526,27,42,31
1527,27,42,31
1528,27,42,31
1529,27,42,31
1530,27,42,31
1531,27,42,31
1532,26,42,32
1533,26,42,32
1534,26,42,32
1535,26,42,32
1536,26,42,32
1537,26,42,32
1538,26,42,32
1539,26,42,32
1540,26,42,32
1541,25,43,32
1542,25,43,32
1543,25,43,32
1544,25,43,32
1545,25,43,32
1546,25,43,32
1547,24,43,33
1548,24,43,33
1549,24,43,33
1550,24,43,33
1551,24,43,33
1552,23,44,33
1553,23,44,33
1554,22,44,34
1555,22,44,34
1556,22,44,34
1557,21,45,34
1558,21,45,34
1559,21,45,34
1560,20,46,34
1561,20,46,34
1562,20,46,34
1563,20,46,34
1564,18,48,34
1565,18,48,34
1566,18,48,34
1567,18,48,34
1568,18,48,34
1569,18,48,34
1570,17,47,36
1571,17,47,36
1572,17,47,36
1573,17,46,37
1574,17,46,37
1575,17,46,37
1576,17,46,37
1577,17,46,37
1578,17,46,37
1579,17,46,37
1580,17,46,37
1581,17,45,38
1582,17,45,38
1583,17,45,38
1584,17,45,38
1585,17,44,39
1586,16,45,39
1587,16,45,39
1588,16,45,39
1589,16,45,39
1590,16,45,39
1591,16,45,39
1592,16,45,39
1593,15,46,39
1594,15,46,39
1595,15,46,39
1596,15,46,39
1597,15,45,40
1598,15,45,40
1599,15,45,40
1600,15,45,40
1601,15,45,40
1602,15,45,40
1603,15,45,40
1604,15,45,40
1605,15,43,42
1606,15,42,43
1607,15,42,43
1608,15,42,43
1609,15,42,43
1610,15,42,43
1611,15,42,43
1612,15,42,43
1613,14,43,43
1614,13,44,43
1615,13,44,43
1616,13,44,43
1617,13,44,43
1618,13,43,44
1619,13,43,44
1620,13,43,44
1621,11,45,44
1622,11,45,44
1623,11,45,44
1624,11,45,44
1625,10,46,44
1626,10,46,44
1627,10,46,44
1628,9,47,44
1629,9,47,44
1630,9,47,44
1631,9,47,44
1632,9,47,44
1633,9,47,44
1634,9,47,44
1635,9,47,44
1636,9,47,44
1637,9,47,44
1638,9,47,44
1639,8,48,44
1640,8,48,44
1641,8,48,44
1642,8,48,44
1643,8,48,44
1644,8,48,44
1645,8,48,44
1646,8,48,44
1647,8,48,44
1648,8,47,45
1649,8,47,45
1650,8,47,45
1651,8,47,45
1652,8,47,45
1653,8,47,45
1654,8,47,45
1655,8,47,45
1656,8,47,45
1657,8,47,45
1658,8,47,45
1659,8,46,46
1660,8,46,46
1661,8,46,46
1662,8,46,46
1663,8,46,46
1664,8,46,46
1665,8,46,46
1666,8,46,46
1667,8,46,46
1668,8,46,46
1669,8,46,46
1670,8,46,46
1671,8,46,46
1672,8,46,46
1673,7,47,46
1674,7,47,46
1675,7,47,46
1676,7,47,46
1677,7,46,47
1678,7,46,47
1679,7,46,47
1680,7,46,47
1681,7,46,47
1682,7,46,47
1683,6,47,47
1684,6,47,47
1685,6,46,48
1686,6,46,48
1687,5,47,48
1688,5,47,48
1689,5,47,48
1690,5,47,48
1691,5,47,48
1692,5,47,48
1693,5,47,48
1694,5,47,48
1695,5,46,49
1696,5,46,49
1697,5,46,49
1698,5,45,50
1699,4,46,50
1700,4,46,50
1701,4,46,50
1702,4,46,50
1703,4,46,50
1704,4,46,50
1705,4,46,50
1706,4,46,50
1707,4,45,51
1708,4,45,51
1709,4,45,51
1710,4,45,51
1711,4,45,51
1712,4,45,51
1713,4,44,52
1714,4,44,52
1715,4,42,54
1716,4,42,54
1717,3,43,54
1718,3,43,54
1719,3,43,54
1720,3,43,54
1721,3,43,54
1722,2,44,54
1723,2,43,55
1724,2,43,55
1725,2,43,55
1726,2,43,55
1727,2,42,56
1728,2,42,56
1729,2,42,56
1730,2,42,56
1731,2,42,56
1732,2,42,56
1733,2,42,56
1734,2,41,57
1735,2,41,57
1736,2,41,57
1737,2,41,57
1738,2,41,57
1739,2,41,57
1740,2,41,57
1741,2,41,57
1742,2,40,58
1743,2,40,58
1744,2,40,58
1745,2,40,58
1746,2,40,58
1747,2,40,58
1748,2,40,58
1749,2,40,58
1750,2,40,58
1751,2,39,59
1752,2,39,59
1753,2,39,59
1754,2,39,59
1755,2,39,59
1756,2,39,59
1757,2,38,60
1758,2,37,61
1759,2,37,61
1760,2,37,61
1761,2,37,61
1762,2,37,61
1763,2,36,62
1764,2,36,62
1765,2,36,62
1766,2,36,62
1767,2,36,62
1768,2,36,62
1769,2,36,62
1770,2,35,63
1771,2,35,63
1772,2,35,63
1773,2,35,63
1774,2,35,63
1775,2,35,63
1776,2,35,63
1777,2,35,63
1778,2,35,63
1779,2,35,63
1780,2,35,63
1781,2,35,63
1782,2,35,63
1783,2,35,63
1784,2,35,63
1785,2,35,63
1786,2,34,64
1787,2,34,64
1788,2,34,64
1789,2,34,64
1790,2,34,64
1791,2,34,64
1792,2,34,64
1793,2,34,64
1794,2,34,64
1795,2,34,64
1796,2,34,64
1797,2,33,65
1798,2,33,65
1799,2,33,65
1800,2,33,65
1801,2,33,65
1802,2,33,65
1803,2,33,65
1804,2,33,65
1805,2,33,65
1806,2,33,65
1807,2,33,65
1808,2,33,65
1809,2,32,66
1810,2,32,66
1811,2,32,66
1812,1,33,66
1813,1,33,66
1814,1,33,66
1815,1,33,66
1816,1,33,66
1817,1,32,67
1818,1,32,67
1819,1,32,67
1820,1,32,67
1821,1,32,67
1822,1,32,67
1823,1,32,67
1824,1,32,67
1825,1,32,67
1826,1,32,67
1827,1,32,67
1828,1,32,67
1829,1,31,68
1830,1,30,69
1831,1,30,69
1832,1,30,69
1833,1,30,69
1834,1,30,69
1835,1,30,69
1836,1,30,69
1837,1,29,70
1838,1,29,70
1839,1,29,70
1840,1,29,70
1841,1,29,70
1842,1,29,70
1843,1,29,70
1844,1,29,70
1845,1,29,70
1846,1,29,70
1847,1,29,70
1848,1,29,70
1849,1,29,70
1850,1,29,70
1851,1,29,70
1852,0,30,70
1853,0,30,70
1854,0,30,70
1855,0,30,70
1856,0,30,70
1857,0,30,70
1858,0,29,71
1859,0,28,72
1860,0,28,72
1861,0,28,72
1862,0,28,72
1863,0,28,72
1864,0,27,73
1865,0,27,73
1866,0,27,73
1867,0,27,73
1868,0,27,73
1869,0,27,73
1870,0,27,73
1871,0,27,73
1872,0,27,73
1873,0,27,73
1874,0,27,73
1875,0,27,73
1876,0,27,73
1877,0,27,73
1878,0,27,73
1879,0,27,73
1880,0,27,73
1881,0,27,73
1882,0,27,73
1883,0,27,73
1884,0,27,73
1885,0,27,73
1886,0,27,73
1887,0,27,73
1888,0,27,73
1889,0,27,73
1890,0,27,73
1891,0,27,73
1892,0,26,74
1893,0,26,74
1894,0,26,74
1895,0,26,74
1896,0,26,74
1897,0,26,74
1898,0,26,74
1899,0,26,74
1900,0,26,74
1901,0,25,75
1902,0,25,75
1903,0,25,75
1904,0,25,75
1905,0,25,75
1906,0,25,75
1907,0,25,75
1908,0,25,75
1909,0,25,75
1910,0,25,75
1911,0,25,75
1912,0,25,75
1913,0,25,75
1914,0,25,75
1915,0,25,75
1916,0,25,75
1917,0,25,75
1918,0,25,75
1919,0,25,75
1920,0,25,75
1921,0,25,75
1922,0,25,75
1923,0,25,75
1924,0,25,75
1925,0,25,75
1926,0,25,75
1927,0,25,75
1928,0,25,75
1929,0,25,75
1930,0,25,75
1931,0,25,75
1932,0,25,75
1933,0,25,75
1934,0,25,75
1935,0,25,75
1936,0,25,75
1937,0,25,75
1938,0,25,75
1939,0,25,75
1940,0,25,75
1941,0,25,75
1942,0,25,75
1943,0,25,75
1944,0,25,75
1945,0,25,75
1946,0,25,75
1947,0,25,75
1948,0,25,75
1949,0,25,75
1950,0,25,75
1951,0,25,75
1952,0,25,75
1953,0,25,75
1954,0,25,75
1955,0,25,75
1956,0,25,75
1957,0,25,75
1958,0,25,75
1959,0,25,75
1960,0,25,75
1961,0,25,75
1962,0,25,75
1963,0,25,75
1964,0,25,75
1965,0,25,75
1966,0,25,75
1967,0,25,75
1968,0,25,75
1969,0,24,76
1970,0,24,76
1971,0,23,77
1972,0,23,77
1973,0,23,77
1974,0,22,78
1975,0,22,78
1976,0,22,78
1977,0,22,78
1978,0,22,78
1979,0,22,78
1980,0,22,78
1981,0,22,78
1982,0,22,78
1983,0,22,78
1984,0,22,78
1985,0,22,78
1986,0,22,78
1987,0,22,78
1988,0,22,78
1989,0,22,78
1990,0,22,78
1991,0,22,78
1992,0,22,78
1993,0,22,78
1994,0,22,78
1995,0,22,78
1996,0,22,78
1997,0,22,78
1998,0,22,78
1999,0,22,78
2000,0,22,78
2001,0,22,78
2002,0,22,78
2003,0,22,78
2004,0,22,78
2005,0,22,78
2006,0,22,78
2007,0,22,78
2008,0,22,78
2009,0,22,78
2010,0,22,78
2011,0,22,78
2012,0,22,78
2013,0,22,78
2014,0,22,78
2015,0,22,78
2016,0,22,78
2017,0,22,78
2018,0,22,78
2019,0,22,78
2020,0,22,78
2021,0,22,78
2022,0,22,78
2023,0,22,78
2024,0,22,78
2025,0,22,78
2026,0,22,78
2027,0,22,78
2028,0,22,78
2029,0,22,78
2030,0,22,78
2031,0,22,78
2032,0,22,78
2033,0,22,78
2034,0,22,78
2035,0,22,78
2036,0,22,78
2037,0,22,78
2038,0,22,78
2039,0,22,78
2040,0,22,78
2041,0,21,79
2042,0,21,79
2043,0,20,80
2044,0,20,80
2045,0,20,80
2046,0,20,80
2047,0,20,80
2048,0,20,80
2049,0,20,80
2050,0,20,80
2051,0,20,80
2052,0,20,80
2053,0,20,80
2054,0,20,80
2055,0,20,80
2056,0,20,80
2057,0,20,80
2058,0,19,81
2059,0,19,81
2060,0,19,81
2061,0,19,81
2062,0,19,81
2063,0,19,81
2064,0,19,81
2065,0,19,81
2066,0,19,81
2067,0,19,81
2068,0,19,81
2069,0,19,81
2070,0,19,81
2071,0,19,81
2072,0,19,81
2073,0,19,81
2074,0,19,81
2075,0,19,81
2076,0,19,81
2077,0,19,81
2078,0,19,81
2079,0,19,81
2080,0,19,81
2081,0,19,81
2082,0,19,81
2083,0,19,81
2084,0,19,81
2085,0,19,81
2086,0,19,81
2087,0,19,81
2088,0,19,81
2089,0,19,81
2090,0,19,81
2091,0,19,81
2092,0,19,81
2093,0,18,82
2094,0,18,82
2095,0,18,82
2096,0,18,82
2097,0,18,82
2098,0,18,82
2099,0,18,82
2100,0,18,82
2101,0,18,82
2102,0,18,82
2103,0,18,82
2104,0,18,82
2105,0,18,82
2106,0,18,82
2107,0,18,82
2108,0,18,82
2109,0,18,82
2110,0,18,82
2111,0,18,82
2112,0,18,82
2113,0,17,83
2114,0,17,83
2115,0,17,83
2116,0,17,83
2117,0,17,83
2118,0,17,83
2119,0,17,83
2120,0,17,83
2121,0,17,83
2122,0,17,83
2123,0,17,83
2124,0,17,83
2125,0,17,83
2126,0,17,83
2127,0,17,83
2128,0,17,83
2129,0,17,83
2130,0,17,83
2131,0,17,83
2132,0,17,83
2133,0,17,83
2134,0,17,83
2135,0,16,84
2136,0,16,84
2137,0,16,84
2138,0,16,84
2139,0,16,84
2140,0,16,84
2141,0,16,84
2142,0,16,84
2143,0,16,84
2144,0,16,84
2145,0,15,85
2146,0,15,85
2147,0,15,85
2148,0,15,85
2149,0,15,85
2150,0,15,85
2151,0,15,85
2152,0,15,85
2153,0,15,85
2154,0,15,85
2155,0,15,85
2156,0,15,85
2157,0,15,85
2158,0,15,85
2159,0,15,85
2160,0,15,85
2161,0,15,85
2162,0,15,85
2163,0,15,85
2164,0,15,85
2165,0,15,85
2166,0,15,85
2167,0,15,85
2168,0,15,85
2169,0,15,85
2170,0,15,85
2171,0,15,85
2172,0,15,85
2173,0,15,85
2174,0,14,86
2175,0,14,86
2176,0,14,86
2177,0,14,86
2178,0,14,86
2179,0,14,86
2180,0,14,86
2181,0,14,86
2182,0,14,86
2183,0,14,86
2184,0,14,86
2185,0,14,86
2186,0,14,86
2187,0,14,86
2188,0,14,86
2189,0,14,86
2190,0,14,86
2191,0,14,86
2192,0,14,86
2193,0,14,86
2194,0,14,86
2195,0,14,86
2196,0,14,86
2197,0,14,86
2198,0,14,86
2199,0,14,86
2200,0,14,86
2201,0,14,86
2202,0,14,86
2203,0,14,86
2204,0,14,86
2205,0,14,86
2206,0,14,86
2207,0,14,86
2208,0,14,86
2209,0,14,86
2210,0,14,86
2211,0,14,86
2212,0,14,86
2213,0,14,86
2214,0,14,86
2215,0,14,86
2216,0,14,86
2217,0,14,86
2218,0,14,86
2219,0,14,86
2220,0,14,86
2221,0,14,86
2222,0,14,86
2223,0,14,86
2224,0,14,86
2225,0,14,86
2226,0,14,86
2227,0,14,86
2228,0,14,86
2229,0,13,87
2230,0,13,87
2231,0,13,87
2232,0,13,87
2233,0,13,87
2234,0,13,87
2235,0,13,87
2236,0,13,87
2237,0,13,87
2238,0,13,87
2239,0,13,87
2240,0,13,87
2241,0,13,87
2242,0,13,87
2243,0,13,87
2244,0,13,87
2245,0,13,87
2246,0,13,87
2247,0,13,87
2248,0,13,87
2249,0,13,87
2250,0,13,87
2251,0,13,87
2252,0,13,87
2253,0,13,87
2254,0,13,87
2255,0,13,87
2256,0,13,87
2257,0,13,87
2258,0,13,87
2259,0,13,87
2260,0,13,87
2261,0,13,87
2262,0,13,87
2263,0,13,87
2264,0,13,87
2265,0,13,87
2266,0,13,87
2267,0,13,87
2268,0,13,87
2269,0,13,87
2270,0,13,87
2271,0,13,87
2272,0,13,87
2273,0,13,87
2274,0,13,87
2275,0,13,87
2276,0,13,87
2277,0,13,87
2278,0,13,87
2279,0,13,87
2280,0,13,87
2281,0,13,87
2282,0,13,87
2283,0,13,87
2284,0,13,87
2285,0,13,87
2286,0,13,87
2287,0,13,87
2288,0,13,87
2289,0,13,87
2290,0,13,87
2291,0,13,87
2292,0,13,87
2293,0,13,87
2294,0,13,87
2295,0,13,87
2296,0,13,87
2297,0,13,87
2298,0,13,87
2299,0,13,87
2300,0,13,87
2301,0,13,87
2302,0,13,87
2303,0,13,87
2304,0,13,87
2305,0,13,87
2306,0,13,87
2307,0,13,87
2308,0,13,87
2309,0,13,87
2310,0,13,87
2311,0,13,87
2312,0,13,87
2313,0,13,87
2314,0,13,87
2315,0,13,87
2316,0,13,87
2317,0,13,87
2318,0,13,87
2319,0,13,87
2320,0,13,87
2321,0,13,87
2322,0,13,87
2323,0,13,87
2324,0,13,87
2325,0,13,87
2326,0,13,87
2327,0,13,87
2328,0,13,87
2329,0,13,87
2330,0,13,87
2331,0,13,87
2332,0,13,87
2333,0,13,87
2334,0,13,87
2335,0,13,87
2336,0,13,87
2337,0,13,87
2338,0,13,87
2339,0,13,87
2340,0,13,87
2341,0,13,87
2342,0,13,87
2343,0,13,87
2344,0,13,87
2345,0,13,87
2346,0,13,87
2347,0,13,87
2348,0,13,87
2349,0,13,87
2350,0,13,87
2351,0,13,87
2352,0,13,87
2353,0,13,87
2354,0,12,88
2355,0,12,88
2356,0,12,88
2357,0,12,88
2358,0,12,88
2359,0,12,88
2360,0,12,88
2361,0,12,88
2362,0,12,88
2363,0,12,88
2364,0,12,88
2365,0,12,88
2366,0,12,88
2367,0,12,88
2368,0,12,88
2369,0,12,88
2370,0,12,88
2371,0,12,88
2372,0,11,89
2373,0,11,89
2374,0,11,89
2375,0,11,89
2376,0,11,89
2377,0,11,89
2378,0,11,89
2379,0,11,89
2380,0,11,89
2381,0,11,89
2382,0,11,89
2383,0,11,89
2384,0,11,89
2385,0,11,89
2386,0,11,89
2387,0,11,89
2388,0,11,89
2389,0,11,89
2390,0,11,89
2391,0,11,89
2392,0,11,89
2393,0,11,89
2394,0,11,89
2395,0,11,89
2396,0,11,89
2397,0,11,89
2398,0,11,89
2399,0,11,89
2400,0,11,89
2401,0,11,89
2402,0,11,89
2403,0,11,89
2404,0,11,89
2405,0,11,89
2406,0,11,89
2407,0,11,89
2408,0,11,89
2409,0,11,89
2410,0,11,89
2411,0,11,89
2412,0,11,89
2413,0,11,89
2414,0,10,90
2415,0,10,90
2416,0,10,90
2417,0,10,90
2418,0,10,90
2419,0,10,90
2420,0,10,90
2421,0,10,90
2422,0,10,90
2423,0,10,90
2424,0,10,90
2425,0,10,90
2426,0,10,90
2427,0,10,90
2428,0,10,90
2429,0,10,90
2430,0,10,90
2431,0,9,91
2432,0,9,91
2433,0,9,91
2434,0,9,91
2435,0,9,91
2436,0,9,91
2437,0,9,91
2438,0,9,91
2439,0,9,91
2440,0,9,91
2441,0,9,91
2442,0,9,91
2443,0,9,91
2444,0,9,91
2445,0,9,91
2446,0,9,91
2447,0,9,91
2448,0,9,91
2449,0,9,91
2450,0,9,91
2451,0,9,91
2452,0,9,91
2453,0,9,91
2454,0,9,91
2455,0,9,91
2456,0,9,91
2457,0,9,91
2458,0,9,91
2459,0,9,91
2460,0,9,91
2461,0,9,91
2462,0,9,91
2463,0,9,91
2464,0,9,91
2465,0,9,91
2466,0,9,91
2467,0,9,91
2468,0,9,91
2469,0,9,91
2470,0,9,91
2471,0,9,91
2472,0,9,91
2473,0,9,91
2474,0,9,91
2475,0,9,91
2476,0,9,91
2477,0,9,91
2478,0,9,91
2479,0,9,91
2480,0,9,91
2481,0,9,91
2482,0,9,91
2483,0,9,91
2484,0,9,91
2485,0,9,91
2486,0,9,91
2487,0,9,91
2488,0,9,91
2489,0,9,91
2490,0,9,91
2491,0,9,91
2492,0,9,91
2493,0,9,91
2494,0,9,91
2495,0,9,91
2496,0,9,91
2497,0,9,91
2498,0,9,91
2499,0,9,91
2500,0,9,91
2501,0,9,91
2502,0,9,91
2503,0,9,91
2504,0,9,91
2505,0,9,91
2506,0,9,91
2507,0,9,91
2508,0,9,91
2509,0,9,91
2510,0,9,91
2511,0,9,91
2512,0,9,91
2513,0,9,91
2514,0,9,91
2515,0,9,91
2516,0,9,91
2517,0,9,91
2518,0,9,91
2519,0,9,91
2520,0,9,91
2521,0,9,91
2522,0,9,91
2523,0,9,91
2524,0,9,91
2525,0,9,91
2526,0,9,91
2527,0,9,91
2528,0,9,91
2529,0,9,91
2530,0,9,91
2531,0,9,91
2532,0,9,91
2533,0,9,91
2534,0,9,91
2535,0,9,91
2536,0,9,91
2537,0,9,91
2538,0,9,91
2539,0,9,91
2540,0,9,91
2541,0,9,91
2542,0,9,91
2543,0,9,91
2544,0,9,91
2545,0,9,91
2546,0,9,91
2547,0,9,91
2548,0,9,91
2549,0,9,91
2550,0,9,91
2551,0,9,91
2552,0,9,91
2553,0,9,91
2554,0,9,91
2555,0,9,91
2556,0,9,91
2557,0,9,91
2558,0,9,91
2559,0,8,92
2560,0,8,92
2561,0,8,92
2562,0,7,93
2563,0,7,93
2564,0,7,93
2565,0,7,93
2566,0,7,93
2567,0,7,93
2568,0,7,93
2569,0,7,93
2570,0,7,93
2571,0,7,93
2572,0,7,93
2573,0,7,93
2574,0,7,93
2575,0,7,93
2576,0,7,93
2577,0,7,93
2578,0,7,93
2579,0,7,93
2580,0,7,93
2581,0,7,93
2582,0,7,93
2583,0,7,93
2584,0,7,93
2585,0,7,93
2586,0,7,93
2587,0,7,93
2588,0,7,93
2589,0,7,93
2590,0,7,93
2591,0,7,93
2592,0,7,93
2593,0,7,93
2594,0,7,93
2595,0,7,93
2596,0,7,93
2597,0,7,93
2598,0,7,93
2599,0,7,93
2600,0,7,93
2601,0,7,93
2602,0,7,93
2603,0,7,93
2604,0,6,94
2605,0,6,94
2606,0,6,94
2607,0,6,94
2608,0,6,94
2609,0,6,94
2610,0,6,94
2611,0,6,94
2612,0,6,94
2613,0,6,94
2614,0,6,94
2615,0,6,94
2616,0,6,94
2617,0,5,95
2618,0,5,95
2619,0,5,95
2620,0,5,95
2621,0,5,95
2622,0,5,95
2623,0,5,95
2624,0,5,95
2625,0,5,95
2626,0,5,95
2627,0,5,95
2628,0,5,95
2629,0,5,95
2630,0,5,95
2631,0,5,95
2632,0,5,95
2633,0,5,95
2634,0,5,95
2635,0,5,95
2636,0,5,95
2637,0,5,95
2638,0,5,95
2639,0,5,95
2640,0,5,95
2641,0,5,95
2642,0,5,95
2643,0,5,95
2644,0,5,95
2645,0,5,95
2646,0,5,95
2647,0,5,95
2648,0,5,95
2649,0,5,95
2650,0,5,95
2651,0,5,95
2652,0,5,95
2653,0,5,95
2654,0,5,95
2655,0,5,95
2656,0,5,95
2657,0,5,95
2658,0,5,95
2659,0,5,95
2660,0,5,95
2661,0,5,95
2662,0,5,95
2663,0,5,95
2664,0,5,95
2665,0,5,95
2666,0,5,95
2667,0,5,95
2668,0,5,95
2669,0,5,95
2670,0,5,95
2671,0,5,95
2672,0,5,95
2673,0,5,95
2674,0,5,95
2675,0,5,95
2676,0,5,95
2677,0,5,95
2678,0,5,95
2679,0,5,95
2680,0,5,95
2681,0,5,95
2682,0,5,95
2683,0,5,95
2684,0,5,95
2685,0,5,95
2686,0,5,95
2687,0,5,95
2688,0,5,95
2689,0,5,95
2690,0,5,95
2691,0,5,95
2692,0,5,95
2693,0,5,95
2694,0,5,95
2695,0,5,95
2696,0,5,95
2697,0,5,95
2698,0,5,95
2699,0,5,95
2700,0,5,95
2701,0,5,95
2702,0,5,95
2703,0,5,95
2704,0,5,95
2705,0,5,95
2706,0,5,95
2707,0,5,95
2708,0,5,95
2709,0,5,95
2710,0,5,95
2711,0,5,95
2712,0,5,95
2713,0,5,95
2714,0,5,95
2715,0,5,95
2716,0,5,95
2717,0,5,95
2718,0,5,95
2719,0,5,95
2720,0,5,95
2721,0,5,95
2722,0,5,95
2723,0,5,95
2724,0,5,95
2725,0,4,96
2726,0,4,96
2727,0,4,96
2728,0,4,96
2729,0,4,96
2730,0,4,96
2731,0,4,96
2732,0,4,96
2733,0,4,96
2734,0,4,96
2735,0,4,96
2736,0,4,96
2737,0,4,96
2738,0,4,96
2739,0,4,96
2740,0,4,96
2741,0,4,96
2742,0,4,96
2743,0,4,96
2744,0,4,96
2745,0,4,96
2746,0,4,96
2747,0,4,96
2748,0,4,96
2749,0,4,96
2750,0,4,96
2751,0,4,96
2752,0,4,96
2753,0,4,96
2754,0,4,96
2755,0,4,96
2756,0,4,96
2757,0,4,96
2758,0,4,96
2759,0,4,96
2760,0,4,96
2761,0,4,96
2762,0,4,96
2763,0,4,96
2764,0,4,96
2765,0,4,96
2766,0,4,96
2767,0,4,96
2768,0,4,96
2769,0,4,96
2770,0,4,96
2771,0,4,96
2772,0,4,96
2773,0,4,96
2774,0,4,96
2775,0,4,96
2776,0,4,96
2777,0,4,96
2778,0,4,96
2779,0,4,96
2780,0,4,96
2781,0,4,96
2782,0,4,96
2783,0,4,96
2784,0,4,96
2785,0,4,96
2786,0,4,96
2787,0,4,96
2788,0,4,96
2789,0,4,96
2790,0,4,96
2791,0,4,96
2792,0,4,96
2793,0,4,96
2794,0,4,96
2795,0,4,96
2796,0,4,96
2797,0,4,96
2798,0,4,96
2799,0,4,96
2800,0,4,96
2801,0,4,96
2802,0,4,96
2803,0,4,96
2804,0,4,96
2805,0,4,96
2806,0,4,96
2807,0,4,96
2808,0,4,96
2809,0,4,96
2810,0,4,96
2811,0,4,96
2812,0,4,96
2813,0,4,96
2814,0,4,96
2815,0,4,96
2816,0,4,96
2817,0,4,96
2818,0,4,96
2819,0,4,96
2820,0,4,96
2821,0,4,96
2822,0,4,96
2823,0,4,96
2824,0,4,96
2825,0,4,96
2826,0,4,96
2827,0,4,96
2828,0,4,96
2829,0,4,96
2830,0,4,96
2831,0,4,96
2832,0,4,96
2833,0,4,96
2834,0,4,96
2835,0,4,96
2836,0,4,96
2837,0,4,96
2838,0,4,96
2839,0,4,96
2840,0,4,96
2841,0,4,96
2842,0,4,96
2843,0,4,96
2844,0,4,96
2845,0,4,96
2846,0,4,96
2847,0,4,96
2848,0,4,96
2849,0,4,96
2850,0,4,96
2851,0,4,96
2852,0,4,96
2853,0,4,96
2854,0,4,96
2855,0,4,96
2856,0,4,96
2857,0,4,96
2858,0,4,96
2859,0,4,96
2860,0,4,96
2861,0,4,96
2862,0,4,96
2863,0,4,96
2864,0,4,96
2865,0,4,96
2866,0,4,96
2867,0,4,96
2868,0,4,96
2869,0,4,96
2870,0,4,96
2871,0,4,96
2872,0,4,96
2873,0,4,96
2874,0,4,96
2875,0,4,96
2876,0,4,96
2877,0,4,96
2878,0,4,96
2879,0,4,96
2880,0,4,96
2881,0,4,96
2882,0,4,96
2883,0,4,96
2884,0,4,96
2885,0,4,96
2886,0,4,96
2887,0,4,96
2888,0,4,96
2889,0,4,96
2890,0,4,96
2891,0,4,96
2892,0,4,96
2893,0,4,96
2894,0,4,96
2895,0,4,96
2896,0,4,96
2897,0,4,96
2898,0,4,96
2899,0,4,96
2900,0,4,96
2901,0,4,96
2902,0,4,96
2903,0,4,96
2904,0,4,96
2905,0,4,96
2906,0,4,96
2907,0,4,96
2908,0,4,96
2909,0,4,96
2910,0,4,96
2911,0,4,96
2912,0,4,96
2913,0,4,96
2914,0,4,96
2915,0,4,96
2916,0,4,96
2917,0,4,96
2918,0,4,96
2919,0,4,96
2920,0,4,96
2921,0,4,96
2922,0,4,96
2923,0,4,96
2924,0,4,96
2925,0,4,96
2926,0,4,96
2927,0,4,96
2928,0,4,96
2929,0,4,96
2930,0,4,96
2931,0,4,96
2932,0,4,96
2933,0,4,96
2934,0,4,96
2935,0,4,96
2936,0,4,96
2937,0,4,96
2938,0,4,96
2939,0,4,96
2940,0,4,96
2941,0,4,96
2942,0,4,96
2943,0,4,96
2944,0,4,96
2945,0,4,96
2946,0,4,96
2947,0,4,96
2948,0,4,96
2949,0,4,96
2950,0,4,96
2951,0,4,96
2952,0,4,96
2953,0,4,96
2954,0,4,96
2955,0,4,96
2956,0,4,96
2957,0,4,96
2958,0,4,96
2959,0,4,96
2960,0,4,96
2961,0,4,96
2962,0,4,96
2963,0,4,96
2964,0,4,96
2965,0,4,96
2966,0,4,96
2967,0,4,96
2968,0,4,96
2969,0,4,96
2970,0,4,96
2971,0,4,96
2972,0,4,96
2973,0,4,96
2974,0,4,96
2975,0,4,96
2976,0,4,96
2977,0,4,96
2978,0,4,96
2979,0,4,96
2980,0,4,96
2981,0,4,96
2982,0,4,96
2983,0,4,96
2984,0,4,96
2985,0,4,96
2986,0,4,96
2987,0,4,96
2988,0,4,96
2989,0,4,96
2990,0,4,96
2991,0,4,96
2992,0,4,96
2993,0,4,96
2994,0,4,96
2995,0,4,96
2996,0,4,96
2997,0,4,96
2998,0,4,96
2999,0,4,96
3000,0,4,96
