Time,Healthy,Undetectable,Detectable
0,97,3,0
1,97,3,0
2,97,3,0
3,97,3,0
4,97,3,0
5,97,3,0
6,97,3,0
7,97,3,0
8,97,3,0
9,97,3,0
10,97,3,0
11,97,3,0
12,97,3,0
13,97,3,0
14,97,3,0
15,97,3,0
16,97,3,0
17,97,3,0
18,97,3,0
19,97,3,0
20,97,3,0
21,97,3,0
22,97,3,0
23,97,3,0
24,97,3,0
25,97,3,0
26,97,3,0
27,97,3,0
28,97,3,0
29,97,3,0
30,97,3,0
31,97,3,0
32,97,3,0
33,97,3,0
34,97,3,0
35,97,3,0
36,97,3,0
37,97,3,0
38,97,3,0
39,97,3,0
40,97,3,0
41,97,3,0
42,97,3,0
43,97,3,0
44,97,3,0
45,97,3,0
46,97,3,0
47,97,3,0
48,97,3,0
49,97,3,0
50,97,3,0
51,97,3,0
52,97,3,0
53,97,2,1
54,97,2,1
55,97,2,1
56,97,2,1
57,97,2,1
58,97,2,1
59,97,2,1
60,97,2,1
61,97,2,1
62,97,2,1
63,97,2,1
64,97,2,1
65,97,2,1
66,97,2,1
67,97,2,1
68,97,2,1
69,97,2,1
70,97,2,1
71,97,2,1
72,97,2,1
73,97,2,1
74,97,2,1
75,97,1,2
76,97,1,2
77,97,1,2
78,97,1,2
79,97,1,2
80,97,1,2
81,97,1,2
82,97,1,2
83,97,1,2
84,97,1,2
85,97,1,2
86,97,1,2
87,97,1,2
88,97,1,2
89,97,1,2
90,97,1,2
91,97,1,2
92,97,1,2
93,97,1,2
94,97,1,2
95,97,1,2
96,97,1,2
97,97,1,2
98,97,1,2
99,97,1,2
100,97,1,2
101,97,1,2
102,97,1,2
103,97,1,2
104,97,1,2
105,97,1,2
106,97,1,2
107,97,1,2
108,97,1,2
109,97,1,2
110,97,1,2
111,97,1,2
112,97,1,2
113,97,1,2
114,97,1,2
115,97,1,2
116,97,1,2
117,97,1,2
118,97,1,2
119,97,1,2
120,97,1,2
121,97,1,2
122,97,1,2
123,97,1,2
124,97,1,2
125,97,1,2
126,97,1,2
127,97,1,2
128,97,1,2
129,97,1,2
130,97,1,2
131,97,1,2
132,97,1,2
133,97,1,2
134,96,2,2
135,96,2,2
136,96,2,2
137,96,2,2
138,96,2,2
139,96,2,2
140,96,2,2
141,96,2,2
142,96,2,2
143,96,2,2
144,96,2,2
145,96,2,2
146,96,2,2
147,96,2,2
148,96,2,2
149,96,2,2
150,96,2,2
151,96,2,2
152,96,2,2
153,96,2,2
154,96,2,2
155,96,2,2
156,96,2,2
157,96,2,2
158,96,1,3
159,96,1,3
160,96,1,3
161,96,1,3
162,96,1,3
163,96,1,3
164,96,1,3
165,96,1,3
166,96,1,3
167,96,1,3
168,96,1,3
169,96,1,3
170,96,1,3
171,96,1,3
172,96,1,3
173,96,1,3
174,95,2,3
175,95,2,3
176,95,2,3
177,95,2,3
178,95,2,3
179,95,2,3
180,95,2,3
181,95,2,3
182,95,2,3
183,95,2,3
184,94,3,3
185,94,3,3
186,94,3,3
187,94,3,3
188,94,3,3
189,94,3,3
190,94,3,3
191,94,3,3
192,94,3,3
193,94,3,3
194,94,3,3
195,94,3,3
196,94,3,3
197,94,3,3
198,94,2,4
199,94,2,4
200,94,2,4
201,94,2,4
202,94,2,4
203,94,2,4
204,94,2,4
205,94,2,4
206,94,2,4
207,94,2,4
208,94,2,4
209,94,2,4
210,94,2,4
211,94,2,4
212,94,2,4
213,94,2,4
214,94,2,4
215,94,2,4
216,94,2,4
217,94,2,4
218,94,2,4
219,94,2,4
220,94,2,4
221,94,2,4
222,94,2,4
223,94,2,4
224,94,2,4
225,94,2,4
226,94,2,4
227,94,2,4
228,94,2,4
229,94,2,4
230,94,2,4
231,94,2,4
232,94,2,4
233,94,2,4
234,94,2,4
235,94,2,4
236,94,2,4
237,94,2,4
238,94,2,4
239,94,2,4
240,94,2,4
241,94,2,4
242,94,2,4
243,94,2,4
244,94,2,4
245,94,2,4
246,94,2,4
247,94,2,4
248,94,2,4
249,94,2,4
250,94,2,4
251,94,2,4
252,94,2,4
253,94,2,4
254,94,2,4
255,94,2,4
256,94,2,4
257,94,2,4
258,94,2,4
259,94,2,4
260,94,2,4
261,94,2,4
262,94,2,4
263,93,3,4
264,93,3,4
265,93,3,4
266,93,3,4
267,93,3,4
268,93,3,4
269,93,3,4
270,93,3,4
271,93,3,4
272,93,3,4
273,93,3,4
274,93,3,4
275,93,3,4
276,93,3,4
277,92,4,4
278,92,4,4
279,92,4,4
280,92,4,4
281,92,4,4
282,92,4,4
283,92,4,4
284,92,4,4
285,92,4,4
286,92,4,4
287,92,4,4
288,92,4,4
289,92,4,4
290,92,4,4
291,92,4,4
292,92,4,4
293,92,4,4
294,92,4,4
295,92,4,4
296,92,4,4
297,92,4,4
298,91,5,4
299,91,5,4
300,91,5,4
301,91,5,4
302,91,5,4
303,91,5,4
304,90,6,4
305,90,6,4
306,90,6,4
307,90,6,4
308,90,6,4
309,90,6,4
310,90,6,4
311,90,6,4
312,90,6,4
313,90,6,4
314,90,6,4
315,90,6,4
316,90,6,4
317,90,6,4
318,90,6,4
319,90,6,4
320,90,6,4
321,90,6,4
322,90,6,4
323,90,6,4
324,90,6,4
325,90,6,4
326,90,6,4
327,90,6,4
328,90,6,4
329,90,6,4
330,90,6,4
331,90,6,4
332,90,6,4
333,89,7,4
334,89,7,4
335,89,7,4
336,89,7,4
337,89,7,4
338,89,7,4
339,89,7,4
340,89,7,4
341,89,7,4
342,89,7,4
343,89,7,4
344,89,7,4
345,89,7,4
346,89,7,4
347,89,7,4
348,89,7,4
349,89,7,4
350,89,7,4
351,89,7,4
352,89,7,4
353,88,8,4
354,88,8,4
355,88,8,4
356,88,8,4
357,88,8,4
358,88,8,4
359,88,8,4
360,88,8,4
361,88,8,4
362,88,8,4
363,88,8,4
364,88,8,4
365,88,8,4
366,88,8,4
367,88,8,4
368,88,8,4
369,88,8,4
370,88,8,4
371,88,8,4
372,88,8,4
373,88,8,4
374,88,8,4
375,88,8,4
376,88,8,4
377,88,8,4
378,88,8,4
379,88,8,4
380,88,8,4
381,88,8,4
382,88,8,4
383,88,8,4
384,88,8,4
385,88,8,4
386,88,8,4
387,88,8,4
388,88,8,4
389,88,8,4
390,88,8,4
391,88,8,4
392,88,8,4
393,88,8,4
394,88,8,4
395,88,8,4
396,88,8,4
397,88,8,4
398,88,8,4
399,88,8,4
400,88,8,4
401,88,8,4
402,88,8,4
403,88,8,4
404,88,8,4
405,88,8,4
406,88,8,4
407,88,8,4
408,87,9,4
409,87,9,4
410,87,9,4
411,87,9,4
412,87,9,4
413,87,9,4
414,87,9,4
415,87,9,4
416,87,9,4
417,87,9,4
418,87,9,4
419,87,9,4
420,87,9,4
421,87,9,4
422,87,9,4
423,87,9,4
424,87,9,4
425,87,9,4
426,87,9,4
427,87,9,4
428,86,10,4
429,86,10,4
430,85,11,4
431,85,11,4
432,85,11,4
433,85,11,4
434,85,11,4
435,85,11,4
436,85,10,5
437,85,10,5
438,85,10,5
439,84,11,5
440,84,11,5
441,84,11,5
442,84,11,5
443,84,11,5
444,84,11,5
445,84,11,5
446,84,11,5
447,83,12,5
448,83,12,5
449,83,12,5
450,83,12,5
451,83,12,5
452,83,12,5
453,83,12,5
454,83,12,5
455,82,13,5
456,82,13,5
457,82,13,5
458,81,14,5
459,81,14,5
460,81,14,5
461,81,14,5
462,81,14,5
463,81,14,5
464,81,14,5
465,81,14,5
466,81,14,5
467,81,14,5
468,81,14,5
469,81,14,5
470,81,14,5
471,81,14,5
472,81,14,5
473,81,14,5
474,81,14,5
475,81,14,5
476,80,15,5
477,80,15,5
478,80,15,5
479,80,15,5
480,80,15,5
481,80,15,5
482,80,15,5
483,80,15,5
484,80,15,5
485,80,15,5
486,80,15,5
487,80,15,5
488,80,15,5
489,80,15,5
490,80,15,5
491,80,15,5
492,80,15,5
493,79,16,5
494,78,17,5
495,78,17,5
496,78,17,5
497,78,17,5
498,78,17,5
499,78,17,5
500,78,17,5
501,78,17,5
502,78,17,5
503,78,17,5
504,78,17,5
505,78,17,5
506,78,17,5
507,78,17,5
508,78,17,5
509,78,17,5
510,77,18,5
511,77,18,5
512,77,18,5
513,76,19,5
514,76,19,5
515,76,19,5
516,76,19,5
517,76,19,5
518,76,19,5
519,75,19,6
520,74,20,6
521,74,20,6
522,74,20,6
523,74,20,6
524,74,20,6
525,74,20,6
526,74,20,6
527,74,20,6
528,74,20,6
529,74,20,6
530,74,20,6
531,74,20,6
532,74,20,6
533,74,20,6
534,74,20,6
535,74,20,6
536,74,20,6
537,74,20,6
538,74,20,6
539,74,20,6
540,74,20,6
541,74,20,6
542,74,20,6
543,74,20,6
544,74,20,6
545,74,20,6
546,74,20,6
547,74,20,6
548,74,20,6
549,74,20,6
550,74,20,6
551,74,20,6
552,74,20,6
553,73,21,6
554,73,21,6
555,73,21,6
556,73,21,6
557,73,21,6
558,73,21,6
559,72,21,7
560,72,21,7
561,72,21,7
562,72,21,7
563,72,21,7
564,72,21,7
565,72,21,7
566,72,21,7
567,72,21,7
568,72,21,7
569,72,21,7
570,72,21,7
571,72,21,7
572,72,21,7
573,72,21,7
574,72,21,7
575,72,21,7
576,72,21,7
577,72,21,7
578,72,21,7
579,72,21,7
580,72,21,7
581,72,21,7
582,72,21,7
583,72,21,7
584,72,21,7
585,72,21,7
586,72,21,7
587,72,21,7
588,72,21,7
589,72,21,7
590,70,23,7
591,70,23,7
592,69,24,7
593,69,24,7
594,69,24,7
595,69,24,7
596,69,24,7
597,69,24,7
598,69,24,7
599,69,24,7
600,69,24,7
601,69,23,8
602,69,23,8
603,69,23,8
604,69,23,8
605,68,24,8
606,68,24,8
607,68,24,8
608,68,24,8
609,68,24,8
610,68,24,8
611,68,24,8
612,68,24,8
613,68,24,8
614,68,24,8
615,68,24,8
616,68,24,8
617,68,24,8
618,68,24,8
619,68,24,8
620,67,25,8
621,66,26,8
622,66,26,8
623,66,26,8
624,66,26,8
625,66,26,8
626,66,26,8
627,66,25,9
628,66,25,9
629,66,25,9
630,66,25,9
631,66,25,9
632,66,25,9
633,66,25,9
634,66,25,9
635,66,25,9
636,66,25,9
637,66,25,9
638,66,25,9
639,66,25,9
640,66,25,9
641,66,25,9
642,66,25,9
643,66,25,9
644,66,25,9
645,66,25,9
646,65,26,9
647,65,26,9
648,65,26,9
649,65,26,9
650,64,27,9
651,64,27,9
652,64,27,9
653,63,28,9
654,63,28,9
655,63,28,9
656,63,28,9
657,63,28,9
658,63,28,9
659,63,28,9
660,61,30,9
661,61,30,9
662,61,30,9
663,61,30,9
664,61,30,9
665,61,30,9
666,61,30,9
667,61,30,9
668,61,29,10
669,61,29,10
670,61,29,10
671,61,29,10
672,61,29,10
673,61,29,10
674,61,29,10
675,61,29,10
676,60,30,10
677,60,30,10
678,60,30,10
679,60,30,10
680,60,29,11
681,60,29,11
682,60,29,11
683,60,29,11
684,60,29,11
685,60,29,11
686,60,29,11
687,60,29,11
688,60,29,11
689,60,29,11
690,60,29,11
691,60,29,11
692,60,29,11
693,60,29,11
694,60,29,11
695,60,29,11
696,60,29,11
697,60,29,11
698,60,29,11
699,60,28,12
700,58,30,12
701,57,31,12
702,57,31,12
703,57,31,12
704,57,31,12
705,57,31,12
706,56,32,12
707,56,32,12
708,56,32,12
709,56,32,12
710,56,32,12
711,56,32,12
712,56,32,12
713,55,33,12
714,55,33,12
715,55,32,13
716,55,32,13
717,55,32,13
718,55,32,13
719,55,32,13
720,55,32,13
721,55,32,13
722,55,32,13
723,55,32,13
724,55,31,14
725,55,31,14
726,55,31,14
727,55,30,15
728,55,30,15
729,55,30,15
730,54,31,15
731,54,30,16
732,54,30,16
733,54,30,16
734,54,30,16
735,54,30,16
736,54,30,16
737,54,30,16
738,54,30,16
739,54,29,17
740,54,29,17
741,54,29,17
742,54,28,18
743,54,28,18
744,54,28,18
745,54,28,18
746,54,28,18
747,54,28,18
748,54,28,18
749,54,28,18
750,54,28,18
751,54,28,18
752,54,28,18
753,54,28,18
754,54,28,18
755,54,28,18
756,54,28,18
757,54,28,18
758,54,28,18
759,53,29,18
760,53,29,18
761,53,29,18
762,53,29,18
763,53,29,18
764,53,29,18
765,53,29,18
766,53,29,18
767,53,29,18
768,53,29,18
769,53,29,18
770,51,31,18
771,51,31,18
772,51,30,19
773,51,30,19
774,51,30,19
775,51,30,19
776,51,30,19
777,51,30,19
778,51,30,19
779,51,30,19
780,51,30,19
781,51,30,19
782,51,30,19
783,51,30,19
784,51,30,19
785,51,30,19
786,50,31,19
787,50,31,19
788,50,29,21
789,50,29,21
790,50,29,21
791,50,29,21
792,50,29,21
793,50,29,21
794,50,29,21
795,50,29,21
796,50,29,21
797,50,29,21
798,50,28,22
799,50,28,22
800,50,28,22
801,50,28,22
802,50,28,22
803,50,28,22
804,50,27,23
805,50,27,23
806,49,28,23
807,49,27,24
808,48,28,24
809,48,28,24
810,48,28,24
811,47,29,24
812,47,29,24
813,47,29,24
814,47,29,24
815,47,29,24
816,47,29,24
817,47,29,24
818,47,29,24
819,47,29,24
820,47,29,24
821,47,29,24
822,47,29,24
823,47,29,24
824,47,29,24
825,47,29,24
826,47,29,24
827,47,29,24
828,47,29,24
829,47,29,24
830,47,29,24
831,47,29,24
832,46,30,24
833,45,31,24
834,45,31,24
835,44,32,24
836,44,32,24
837,43,31,26
838,43,31,26
839,43,30,27
840,42,31,27
841,41,32,27
842,40,33,27
843,40,32,28
844,40,32,28
845,39,33,28
846,38,34,28
847,38,33,29
848,38,33,29
849,38,33,29
850,38,33,29
851,36,35,29
852,36,35,29
853,36,35,29
854,36,35,29
855,36,35,29
856,36,35,29
857,36,35,29
858,35,36,29
859,35,36,29
860,35,36,29
861,35,36,29
862,35,36,29
863,35,36,29
864,34,37,29
865,34,37,29
866,34,37,29
867,34,37,29
868,34,37,29
869,34,37,29
870,34,37,29
871,34,37,29
872,34,37,29
873,34,36,30
874,34,35,31
875,34,35,31
876,34,35,31
877,34,35,31
878,34,35,31
879,34,35,31
880,34,35,31
881,34,35,31
882,34,35,31
883,34,35,31
884,34,35,31
885,34,35,31
886,34,35,31
887,34,35,31
888,34,35,31
889,34,35,31
890,34,35,31
891,34,35,31
892,34,35,31
893,34,35,31
894,34,35,31
895,34,35,31
896,34,35,31
897,34,35,31
898,33,36,31
899,33,36,31
900,33,36,31
901,33,36,31
902,33,36,31
903,33,36,31
904,33,36,31
905,33,36,31
906,33,36,31
907,32,37,31
908,31,38,31
909,31,38,31
910,31,38,31
911,31,38,31
912,31,38,31
913,31,38,31
914,31,38,31
915,31,38,31
916,31,38,31
917,30,39,31
918,30,39,31
919,30,39,31
920,30,38,32
921,30,37,33
922,30,37,33
923,29,38,33
924,29,38,33
925,29,38,33
926,29,37,34
927,29,37,34
928,28,38,34
929,28,38,34
930,28,38,34
931,28,38,34
932,28,38,34
933,28,38,34
934,28,38,34
935,28,38,34
936,28,38,34
937,28,38,34
938,28,38,34
939,28,38,34
940,28,38,34
941,28,38,34
942,28,38,34
943,28,38,34
944,28,38,34
945,28,38,34
946,28,38,34
947,28,38,34
948,28,38,34
949,28,38,34
950,28,38,34
951,28,38,34
952,28,38,34
953,27,39,34
954,27,39,34
955,27,39,34
956,27,39,34
957,27,39,34
958,27,39,34
959,27,39,34
960,27,39,34
961,27,39,34
962,27,39,34
963,26,40,34
964,26,40,34
965,26,40,34
966,26,40,34
967,26,40,34
968,25,41,34
969,25,41,34
970,24,42,34
971,24,41,35
972,24,41,35
973,24,41,35
974,24,41,35
975,24,41,35
976,24,41,35
977,24,41,35
978,24,41,35
979,24,40,36
980,23,41,36
981,23,41,36
982,23,41,36
983,23,40,37
984,23,39,38
985,23,39,38
986,23,39,38
987,23,39,38
988,23,39,38
989,23,37,40
990,23,37,40
991,23,37,40
992,23,37,40
993,23,36,41
994,23,36,41
995,23,36,41
996,23,36,41
997,23,36,41
998,23,36,41
999,23,36,41
1000,23,36,41
1001,22,37,41
1002,22,36,42
1003,22,36,42
1004,22,36,42
1005,22,36,42
1006,21,37,42
1007,21,37,42
1008,21,37,42
1009,21,37,42
1010,21,37,42
1011,21,37,42
1012,21,35,44
1013,21,35,44
1014,21,35,44
1015,21,35,44
1016,21,35,44
1017,21,35,44
1018,21,35,44
1019,21,35,44
1020,21,35,44
1021,21,35,44
1022,21,35,44
1023,21,35,44
1024,21,35,44
1025,21,35,44
1026,21,35,44
1027,21,35,44
1028,21,35,44
1029,20,36,44
1030,20,36,44
1031,20,36,44
1032,20,36,44
1033,20,36,44
1034,20,36,44
1035,20,35,45
1036,20,35,45
1037,20,35,45
1038,19,36,45
1039,19,36,45
1040,19,36,45
1041,19,35,46
1042,19,35,46
1043,19,35,46
1044,19,35,46
1045,19,35,46
1046,19,35,46
1047,19,35,46
1048,19,35,46
1049,19,35,46
1050,18,36,46
1051,17,37,46
1052,17,37,46
1053,17,36,47
1054,17,36,47
1055,16,37,47
1056,16,37,47
1057,16,37,47
1058,16,37,47
1059,16,37,47
1060,16,37,47
1061,16,37,47
1062,16,37,47
1063,16,37,47
1064,16,37,47
1065,15,38,47
1066,15,38,47
1067,15,37,48
1068,15,37,48
1069,15,37,48
1070,15,37,48
1071,15,37,48
1072,15,37,48
1073,15,37,48
1074,15,37,48
1075,15,37,48
1076,15,37,48
1077,15,37,48
1078,15,37,48
1079,15,37,48
1080,15,37,48
1081,15,37,48
1082,15,37,48
1083,15,37,48
1084,15,37,48
1085,14,38,48
1086,14,38,48
1087,14,38,48
1088,14,38,48
1089,14,38,48
1090,14,38,48
1091,14,38,48
1092,14,38,48
1093,14,38,48
1094,14,38,48
1095,14,38,48
1096,14,38,48
1097,14,38,48
1098,14,37,49
1099,14,37,49
1100,14,37,49
1101,13,38,49
1102,13,38,49
1103,13,38,49
1104,13,38,49
1105,12,39,49
1106,12,39,49
1107,12,39,49
1108,12,39,49
1109,12,39,49
1110,12,39,49
1111,12,39,49
1112,12,39,49
1113,12,39,49
1114,12,39,49
1115,12,39,49
1116,12,39,49
1117,12,39,49
1118,12,39,49
1119,12,39,49
1120,12,39,49
1121,12,38,50
1122,12,38,50
1123,12,38,50
1124,12,38,50
1125,12,37,51
1126,12,37,51
1127,11,38,51
1128,11,38,51
1129,11,37,52
1130,11,37,52
1131,11,37,52
1132,11,37,52
1133,11,37,52
1134,11,37,52
1135,11,37,52
1136,11,37,52
1137,11,37,52
1138,11,37,52
1139,11,37,52
1140,11,37,52
1141,11,37,52
1142,11,37,52
1143,11,37,52
1144,11,37,52
1145,11,37,52
1146,10,38,52
1147,10,38,52
1148,10,38,52
1149,10,38,52
1150,10,38,52
1151,10,38,52
1152,10,37,53
1153,10,37,53
1154,10,37,53
1155,10,37,53
1156,10,35,55
1157,9,36,55
1158,9,36,55
1159,9,36,55
1160,9,36,55
1161,9,35,56
1162,9,35,56
1163,9,35,56
1164,9,35,56
1165,8,36,56
1166,8,36,56
1167,8,35,57
1168,8,35,57
1169,8,35,57
1170,8,35,57
1171,8,35,57
1172,8,35,57
1173,8,35,57
1174,8,35,57
1175,8,35,57
1176,8,35,57
1177,8,34,58
1178,8,34,58
1179,8,34,58
1180,8,34,58
1181,8,34,58
1182,8,33,59
1183,8,33,59
1184,8,33,59
1185,8,32,60
1186,8,31,61
1187,8,31,61
1188,8,31,61
1189,8,31,61
1190,8,31,61
1191,8,31,61
1192,8,31,61
1193,8,31,61
1194,8,31,61
1195,8,31,61
1196,8,31,61
1197,8,31,61
1198,8,31,61
1199,7,32,61
1200,6,33,61
1201,6,33,61
1202,6,33,61
1203,6,33,61
1204,6,33,61
1205,6,33,61
1206,6,33,61
1207,6,33,61
1208,6,33,61
1209,6,33,61
1210,6,33,61
1211,6,33,61
1212,6,33,61
1213,6,33,61
1214,6,33,61
1215,6,33,61
1216,6,33,61
1217,6,33,61
1218,6,33,61
1219,6,32,62
1220,6,32,62
1221,6,32,62
1222,6,32,62
1223,6,32,62
1224,6,32,62
1225,6,32,62
1226,6,32,62
1227,6,32,62
1228,6,32,62
1229,6,32,62
1230,6,32,62
1231,6,32,62
1232,6,32,62
1233,6,32,62
1234,6,32,62
1235,6,32,62
1236,6,32,62
1237,6,32,62
1238,6,32,62
1239,6,32,62
1240,6,32,62
1241,5,33,62
1242,4,34,62
1243,4,34,62
1244,4,34,62
1245,4,34,62
1246,4,34,62
1247,4,34,62
1248,4,34,62
1249,4,34,62
1250,4,34,62
1251,4,34,62
1252,4,34,62
1253,4,34,62
1254,4,34,62
1255,4,33,63
1256,4,33,63
1257,4,33,63
1258,3,34,63
1259,3,34,63
1260,3,33,64
1261,3,33,64
1262,3,33,64
1263,3,33,64
1264,3,33,64
1265,3,33,64
1266,3,33,64
1267,3,33,64
1268,3,33,64
1269,3,33,64
1270,3,33,64
1271,3,33,64
1272,3,33,64
1273,3,33,64
1274,3,33,64
1275,3,33,64
1276,3,33,64
1277,3,33,64
1278,3,33,64
1279,3,33,64
1280,3,33,64
1281,3,33,64
1282,3,33,64
1283,3,33,64
1284,3,33,64
1285,3,33,64
1286,3,33,64
1287,3,33,64
1288,3,33,64
1289,3,33,64
1290,3,33,64
1291,3,33,64
1292,3,33,64
1293,3,33,64
1294,3,33,64
1295,3,33,64
1296,3,33,64
1297,3,33,64
1298,3,33,64
1299,3,33,64
1300,3,33,64
1301,3,33,64
1302,3,33,64
1303,3,33,64
1304,3,33,64
1305,3,33,64
1306,3,32,65
1307,3,31,66
1308,3,30,67
1309,3,30,67
1310,3,30,67
1311,3,30,67
1312,3,30,67
1313,3,30,67
1314,3,30,67
1315,3,30,67
1316,3,30,67
1317,3,30,67
1318,3,30,67
1319,3,30,67
1320,3,30,67
1321,3,30,67
1322,3,30,67
1323,3,30,67
1324,3,30,67
1325,3,30,67
1326,3,30,67
1327,3,30,67
1328,3,30,67
1329,3,30,67
1330,3,30,67
1331,3,30,67
1332,3,30,67
1333,3,30,67
1334,3,30,67
1335,3,30,67
1336,3,30,67
1337,3,30,67
1338,3,30,67
1339,3,30,67
1340,3,30,67
1341,3,30,67
1342,3,30,67
1343,3,30,67
1344,3,30,67
1345,3,30,67
1346,3,30,67
1347,3,30,67
1348,3,30,67
1349,3,30,67
1350,3,29,68
1351,3,29,68
1352,3,29,68
1353,3,29,68
1354,3,29,68
1355,3,29,68
1356,3,29,68
1357,3,29,68
1358,3,29,68
1359,3,29,68
1360,3,29,68
1361,3,29,68
1362,3,29,68
1363,3,29,68
1364,3,29,68
1365,3,29,68
1366,3,29,68
1367,2,30,68
1368,2,30,68
1369,2,30,68
1370,2,29,69
1371,2,29,69
1372,2,29,69
1373,2,29,69
1374,2,29,69
1375,2,29,69
1376,2,29,69
1377,2,29,69
1378,1,30,69
1379,1,30,69
1380,1,30,69
1381,1,30,69
1382,1,30,69
1383,1,30,69
1384,1,30,69
1385,1,30,69
1386,1,30,69
1387,1,30,69
1388,1,30,69
1389,1,30,69
1390,1,30,69
1391,1,30,69
1392,1,30,69
1393,1,30,69
1394,1,30,69
1395,1,30,69
1396,1,30,69
1397,1,30,69
1398,1,30,69
1399,1,30,69
1400,1,30,69
1401,1,30,69
1402,1,30,69
1403,1,30,69
1404,1,30,69
1405,1,30,69
1406,1,30,69
1407,1,30,69
1408,1,30,69
1409,1,30,69
1410,1,30,69
1411,0,31,69
1412,0,31,69
1413,0,31,69
1414,0,31,69
1415,0,31,69
1416,0,31,69
1417,0,31,69
1418,0,31,69
1419,0,31,69
1420,0,31,69
1421,0,31,69
1422,0,31,69
1423,0,30,70
1424,0,30,70
1425,0,30,70
1426,0,30,70
1427,0,30,70
1428,0,30,70
1429,0,30,70
1430,0,30,70
1431,0,30,70
1432,0,30,70
1433,0,30,70
1434,0,28,72
1435,0,26,74
1436,0,25,75
1437,0,25,75
1438,0,25,75
1439,0,25,75
1440,0,25,75
1441,0,25,75
1442,0,25,75
1443,0,24,76
1444,0,24,76
1445,0,24,76
1446,0,24,76
1447,0,24,76
1448,0,24,76
1449,0,24,76
1450,0,24,76
1451,0,24,76
1452,0,24,76
1453,0,24,76
1454,0,24,76
1455,0,24,76
1456,0,24,76
1457,0,24,76
1458,0,24,76
1459,0,24,76
1460,0,24,76
1461,0,24,76
1462,0,24,76
1463,0,24,76
1464,0,24,76
1465,0,24,76
1466,0,24,76
1467,0,24,76
1468,0,24,76
1469,0,24,76
1470,0,24,76
1471,0,24,76
1472,0,24,76
1473,0,24,76
1474,0,23,77
1475,0,23,77
1476,0,23,77
1477,0,22,78
1478,0,22,78
1479,0,22,78
1480,0,22,78
1481,0,22,78
1482,0,22,78
1483,0,22,78
1484,0,22,78
1485,0,22,78
1486,0,22,78
1487,0,21,79
1488,0,21,79
1489,0,21,79
1490,0,21,79
1491,0,21,79
1492,0,21,79
1493,0,21,79
1494,0,21,79
1495,0,21,79
1496,0,21,79
1497,0,21,79
1498,0,21,79
1499,0,20,80
1500,0,20,80
1501,0,20,80
1502,0,20,80
1503,0,20,80
1504,0,20,80
1505,0,20,80
1506,0,20,80
1507,0,20,80
1508,0,20,80
1509,0,20,80
1510,0,20,80
1511,0,20,80
1512,0,20,80
1513,0,20,80
1514,0,20,80
1515,0,20,80
1516,0,20,80
1517,0,20,80
1518,0,20,80
1519,0,20,80
1520,0,20,80
1521,0,20,80
1522,0,20,80
1523,0,20,80
1524,0,20,80
1525,0,20,80
1526,0,20,80
1527,0,20,80
1528,0,20,80
1529,0,20,80
1530,0,20,80
1531,0,20,80
1532,0,20,80
1533,0,20,80
1534,0,20,80
1535,0,20,80
1536,0,20,80
1537,0,20,80
1538,0,20,80
1539,0,20,80
1540,0,20,80
1541,0,20,80
1542,0,20,80
1543,0,20,80
1544,0,20,80
1545,0,20,80
1546,0,20,80
1547,0,20,80
1548,0,20,80
1549,0,20,80
1550,0,20,80
1551,0,20,80
1552,0,20,80
1553,0,20,80
1554,0,20,80
1555,0,20,80
1556,0,20,80
1557,0,20,80
1558,0,20,80
1559,0,20,80
1560,0,20,80
1561,0,20,80
1562,0,20,80
1563,0,20,80
1564,0,20,80
1565,0,20,80
1566,0,20,80
1567,0,20,80
1568,0,20,80
1569,0,20,80
1570,0,20,80
1571,0,20,80
1572,0,20,80
1573,0,20,80
1574,0,20,80
1575,0,20,80
1576,0,20,80
1577,0,20,80
1578,0,20,80
1579,0,20,80
1580,0,20,80
1581,0,20,80
1582,0,20,80
1583,0,20,80
1584,0,20,80
1585,0,20,80
1586,0,20,80
1587,0,20,80
1588,0,20,80
1589,0,20,80
1590,0,20,80
1591,0,20,80
1592,0,20,80
1593,0,20,80
1594,0,20,80
1595,0,20,80
1596,0,19,81
1597,0,19,81
1598,0,19,81
1599,0,19,81
1600,0,19,81
1601,0,19,81
1602,0,19,81
1603,0,19,81
1604,0,19,81
1605,0,19,81
1606,0,19,81
1607,0,19,81
1608,0,19,81
1609,0,19,81
1610,0,19,81
1611,0,19,81
1612,0,19,81
1613,0,19,81
1614,0,19,81
1615,0,19,81
1616,0,19,81
1617,0,19,81
1618,0,19,81
1619,0,19,81
1620,0,19,81
1621,0,19,81
1622,0,19,81
1623,0,19,81
1624,0,19,81
1625,0,19,81
1626,0,19,81
1627,0,19,81
1628,0,19,81
1629,0,19,81
1630,0,19,81
1631,0,19,81
1632,0,19,81
1633,0,19,81
1634,0,19,81
1635,0,19,81
1636,0,19,81
1637,0,19,81
1638,0,19,81
1639,0,19,81
1640,0,19,81
1641,0,19,81
1642,0,19,81
1643,0,19,81
1644,0,19,81
1645,0,19,81
1646,0,19,81
1647,0,19,81
1648,0,19,81
1649,0,19,81
1650,0,19,81
1651,0,19,81
1652,0,19,81
1653,0,19,81
1654,0,19,81
1655,0,19,81
1656,0,19,81
1657,0,19,81
1658,0,19,81
1659,0,19,81
1660,0,19,81
1661,0,19,81
1662,0,19,81
1663,0,19,81
1664,0,19,81
1665,0,19,81
1666,0,19,81
1667,0,19,81
1668,0,19,81
1669,0,19,81
1670,0,19,81
1671,0,19,81
1672,0,19,81
1673,0,18,82
1674,0,18,82
1675,0,16,84
1676,0,16,84
1677,0,16,84
1678,0,16,84
1679,0,16,84
1680,0,16,84
1681,0,16,84
1682,0,16,84
1683,0,16,84
1684,0,16,84
1685,0,16,84
1686,0,16,84
1687,0,16,84
1688,0,16,84
1689,0,16,84
1690,0,16,84
1691,0,16,84
1692,0,16,84
1693,0,16,84
1694,0,16,84
1695,0,16,84
1696,0,16,84
1697,0,16,84
1698,0,16,84
1699,0,16,84
1700,0,16,84
1701,0,16,84
1702,0,16,84
1703,0,16,84
1704,0,16,84
1705,0,16,84
1706,0,16,84
1707,0,16,84
1708,0,16,84
1709,0,16,84
1710,0,16,84
1711,0,16,84
1712,0,16,84
1713,0,16,84
1714,0,16,84
1715,0,16,84
1716,0,16,84
1717,0,16,84
1718,0,16,84
1719,0,16,84
1720,0,16,84
1721,0,16,84
1722,0,16,84
1723,0,16,84
1724,0,16,84
1725,0,16,84
1726,0,16,84
1727,0,15,85
1728,0,15,85
1729,0,15,85
1730,0,15,85
1731,0,15,85
1732,0,15,85
1733,0,15,85
1734,0,15,85
1735,0,15,85
1736,0,15,85
1737,0,15,85
1738,0,15,85
1739,0,15,85
1740,0,15,85
1741,0,15,85
1742,0,15,85
1743,0,15,85
1744,0,15,85
1745,0,15,85
1746,0,15,85
1747,0,15,85
1748,0,15,85
1749,0,15,85
1750,0,15,85
1751,0,15,85
1752,0,15,85
1753,0,15,85
1754,0,15,85
1755,0,15,85
1756,0,15,85
1757,0,15,85
1758,0,15,85
1759,0,15,85
1760,0,15,85
1761,0,15,85
1762,0,15,85
1763,0,15,85
1764,0,15,85
1765,0,15,85
1766,0,14,86
1767,0,14,86
1768,0,13,87
1769,0,13,87
1770,0,13,87
1771,0,13,87
1772,0,13,87
1773,0,13,87
1774,0,13,87
1775,0,13,87
1776,0,13,87
1777,0,13,87
1778,0,13,87
1779,0,13,87
1780,0,13,87
1781,0,13,87
1782,0,13,87
1783,0,13,87
1784,0,13,87
1785,0,12,88
1786,0,12,88
1787,0,12,88
1788,0,12,88
1789,0,12,88
1790,0,12,88
1791,0,12,88
1792,0,12,88
1793,0,12,88
1794,0,12,88
1795,0,12,88
1796,0,12,88
1797,0,12,88
1798,0,12,88
1799,0,12,88
1800,0,12,88
1801,0,12,88
1802,0,12,88
1803,0,12,88
1804,0,12,88
1805,0,12,88
1806,0,12,88
1807,0,12,88
1808,0,12,88
1809,0,12,88
1810,0,12,88
1811,0,12,88
1812,0,12,88
1813,0,12,88
1814,0,12,88
1815,0,12,88
1816,0,12,88
1817,0,12,88
1818,0,12,88
1819,0,11,89
1820,0,11,89
1821,0,11,89
1822,0,11,89
1823,0,11,89
1824,0,11,89
1825,0,11,89
1826,0,11,89
1827,0,11,89
1828,0,11,89
1829,0,11,89
1830,0,11,89
1831,0,11,89
1832,0,11,89
1833,0,11,89
1834,0,11,89
1835,0,11,89
1836,0,11,89
1837,0,11,89
1838,0,11,89
1839,0,11,89
1840,0,11,89
1841,0,11,89
1842,0,11,89
1843,0,11,89
1844,0,11,89
1845,0,11,89
1846,0,11,89
1847,0,11,89
1848,0,11,89
1849,0,11,89
1850,0,11,89
1851,0,11,89
1852,0,11,89
1853,0,11,89
1854,0,11,89
1855,0,11,89
1856,0,11,89
1857,0,11,89
1858,0,10,90
1859,0,10,90
1860,0,10,90
1861,0,10,90
1862,0,10,90
1863,0,10,90
1864,0,10,90
1865,0,10,90
1866,0,10,90
1867,0,10,90
1868,0,10,90
1869,0,10,90
1870,0,10,90
1871,0,10,90
1872,0,10,90
1873,0,10,90
1874,0,10,90
1875,0,10,90
1876,0,10,90
1877,0,10,90
1878,0,10,90
1879,0,10,90
1880,0,10,90
1881,0,10,90
1882,0,10,90
1883,0,10,90
1884,0,10,90
1885,0,10,90
1886,0,10,90
1887,0,10,90
1888,0,10,90
1889,0,9,91
1890,0,9,91
1891,0,9,91
1892,0,9,91
1893,0,9,91
1894,0,9,91
1895,0,9,91
1896,0,9,91
1897,0,9,91
1898,0,9,91
1899,0,9,91
1900,0,9,91
1901,0,9,91
1902,0,9,91
1903,0,9,91
1904,0,9,91
1905,0,9,91
1906,0,9,91
1907,0,8,92
1908,0,8,92
1909,0,8,92
1910,0,8,92
1911,0,8,92
1912,0,8,92
1913,0,8,92
1914,0,8,92
1915,0,8,92
1916,0,8,92
1917,0,8,92
1918,0,8,92
1919,0,8,92
1920,0,8,92
1921,0,8,92
1922,0,8,92
1923,0,8,92
1924,0,8,92
1925,0,8,92
1926,0,8,92
1927,0,8,92
1928,0,8,92
1929,0,8,92
1930,0,8,92
1931,0,8,92
1932,0,8,92
1933,0,8,92
1934,0,8,92
1935,0,8,92
1936,0,8,92
1937,0,8,92
1938,0,8,92
1939,0,8,92
1940,0,8,92
1941,0,8,92
1942,0,8,92
1943,0,8,92
1944,0,8,92
1945,0,8,92
1946,0,8,92
1947,0,8,92
1948,0,7,93
1949,0,7,93
1950,0,7,93
1951,0,7,93
1952,0,7,93
1953,0,7,93
1954,0,7,93
1955,0,7,93
1956,0,7,93
1957,0,7,93
1958,0,7,93
1959,0,7,93
1960,0,7,93
1961,0,7,93
1962,0,7,93
1963,0,7,93
1964,0,7,93
1965,0,7,93
1966,0,7,93
1967,0,7,93
1968,0,7,93
1969,0,7,93
1970,0,7,93
1971,0,7,93
1972,0,7,93
1973,0,7,93
1974,0,7,93
1975,0,7,93
1976,0,7,93
1977,0,7,93
1978,0,7,93
1979,0,7,93
1980,0,7,93
1981,0,7,93
1982,0,7,93
1983,0,7,93
1984,0,7,93
1985,0,7,93
1986,0,7,93
1987,0,7,93
1988,0,7,93
1989,0,7,93
1990,0,7,93
1991,0,7,93
1992,0,7,93
1993,0,7,93
1994,0,7,93
1995,0,7,93
1996,0,7,93
1997,0,7,93
1998,0,7,93
1999,0,7,93
2000,0,7,93
2001,0,7,93
2002,0,7,93
2003,0,7,93
2004,0,7,93
2005,0,7,93
2006,0,7,93
2007,0,7,93
2008,0,6,94
2009,0,6,94
2010,0,6,94
2011,0,6,94
2012,0,6,94
2013,0,6,94
2014,0,6,94
2015,0,6,94
2016,0,6,94
2017,0,6,94
2018,0,6,94
2019,0,6,94
2020,0,6,94
2021,0,6,94
2022,0,6,94
2023,0,6,94
2024,0,6,94
2025,0,6,94
2026,0,6,94
2027,0,6,94
2028,0,5,95
2029,0,5,95
2030,0,5,95
2031,0,5,95
2032,0,5,95
2033,0,5,95
2034,0,5,95
2035,0,5,95
2036,0,5,95
2037,0,5,95
2038,0,5,95
2039,0,5,95
2040,0,5,95
2041,0,5,95
2042,0,5,95
2043,0,5,95
2044,0,5,95
2045,0,5,95
2046,0,5,95
2047,0,5,95
2048,0,5,95
2049,0,5,95
2050,0,5,95
2051,0,5,95
2052,0,5,95
2053,0,5,95
2054,0,5,95
2055,0,5,95
2056,0,5,95
2057,0,5,95
2058,0,5,95
2059,0,5,95
2060,0,5,95
2061,0,5,95
2062,0,5,95
2063,0,5,95
2064,0,5,95
2065,0,5,95
2066,0,5,95
2067,0,5,95
2068,0,5,95
2069,0,5,95
2070,0,5,95
2071,0,5,95
2072,0,5,95
2073,0,5,95
2074,0,5,95
2075,0,5,95
2076,0,5,95
2077,0,5,95
2078,0,5,95
2079,0,5,95
2080,0,5,95
2081,0,5,95
2082,0,5,95
2083,0,5,95
2084,0,5,95
2085,0,5,95
2086,0,5,95
2087,0,5,95
2088,0,5,95
2089,0,5,95
2090,0,5,95
2091,0,5,95
2092,0,5,95
2093,0,5,95
2094,0,5,95
2095,0,5,95
2096,0,5,95
2097,0,5,95
2098,0,4,96
2099,0,4,96
2100,0,4,96
2101,0,4,96
2102,0,4,96
2103,0,4,96
2104,0,4,96
2105,0,4,96
2106,0,4,96
2107,0,4,96
2108,0,4,96
2109,0,4,96
2110,0,4,96
2111,0,4,96
2112,0,4,96
2113,0,4,96
2114,0,4,96
2115,0,4,96
2116,0,4,96
2117,0,4,96
2118,0,4,96
2119,0,4,96
2120,0,4,96
2121,0,4,96
2122,0,4,96
2123,0,4,96
2124,0,4,96
2125,0,4,96
2126,0,4,96
2127,0,4,96
2128,0,4,96
2129,0,4,96
2130,0,4,96
2131,0,4,96
2132,0,4,96
2133,0,4,96
2134,0,4,96
2135,0,4,96
2136,0,4,96
2137,0,4,96
2138,0,4,96
2139,0,4,96
2140,0,4,96
2141,0,4,96
2142,0,4,96
2143,0,4,96
2144,0,4,96
2145,0,4,96
2146,0,4,96
2147,0,4,96
2148,0,4,96
2149,0,4,96
2150,0,4,96
2151,0,4,96
2152,0,4,96
2153,0,4,96
2154,0,4,96
2155,0,4,96
2156,0,4,96
2157,0,4,96
2158,0,4,96
2159,0,4,96
2160,0,4,96
2161,0,4,96
2162,0,4,96
2163,0,4,96
2164,0,4,96
2165,0,4,96
2166,0,4,96
2167,0,4,96
2168,0,4,96
2169,0,4,96
2170,0,4,96
2171,0,4,96
2172,0,4,96
2173,0,4,96
2174,0,4,96
2175,0,4,96
2176,0,4,96
2177,0,4,96
2178,0,4,96
2179,0,4,96
2180,0,4,96
2181,0,4,96
2182,0,4,96
2183,0,4,96
2184,0,4,96
2185,0,4,96
2186,0,4,96
2187,0,4,96
2188,0,4,96
2189,0,4,96
2190,0,4,96
2191,0,4,96
2192,0,4,96
2193,0,4,96
2194,0,4,96
2195,0,4,96
2196,0,4,96
2197,0,4,96
2198,0,4,96
2199,0,4,96
2200,0,4,96
2201,0,4,96
2202,0,4,96
2203,0,4,96
2204,0,4,96
2205,0,4,96
2206,0,4,96
2207,0,4,96
2208,0,4,96
2209,0,4,96
2210,0,4,96
2211,0,4,96
2212,0,4,96
2213,0,4,96
2214,0,4,96
2215,0,4,96
2216,0,4,96
2217,0,4,96
2218,0,4,96
2219,0,4,96
2220,0,4,96
2221,0,4,96
2222,0,4,96
2223,0,4,96
2224,0,4,96
2225,0,4,96
2226,0,4,96
2227,0,4,96
2228,0,4,96
2229,0,4,96
2230,0,4,96
2231,0,4,96
2232,0,4,96
2233,0,4,96
2234,0,4,96
2235,0,4,96
2236,0,4,96
2237,0,4,96
2238,0,4,96
2239,0,4,96
2240,0,4,96
2241,0,4,96
2242,0,4,96
2243,0,4,96
2244,0,4,96
2245,0,4,96
2246,0,4,96
2247,0,4,96
2248,0,4,96
2249,0,4,96
2250,0,4,96
2251,0,4,96
2252,0,4,96
2253,0,4,96
2254,0,4,96
2255,0,4,96
2256,0,4,96
2257,0,4,96
2258,0,4,96
2259,0,4,96
2260,0,4,96
2261,0,4,96
2262,0,4,96
2263,0,4,96
2264,0,4,96
2265,0,4,96
2266,0,4,96
2267,0,4,96
2268,0,4,96
2269,0,4,96
2270,0,4,96
2271,0,4,96
2272,0,4,96
2273,0,4,96
2274,0,4,96
2275,0,4,96
2276,0,4,96
2277,0,4,96
2278,0,4,96
2279,0,4,96
2280,0,4,96
2281,0,4,96
2282,0,4,96
2283,0,4,96
2284,0,4,96
2285,0,4,96
2286,0,4,96
2287,0,4,96
2288,0,4,96
2289,0,4,96
2290,0,4,96
2291,0,4,96
2292,0,4,96
2293,0,4,96
2294,0,4,96
2295,0,4,96
2296,0,4,96
2297,0,4,96
2298,0,4,96
2299,0,4,96
2300,0,4,96
2301,0,4,96
2302,0,4,96
2303,0,4,96
2304,0,4,96
2305,0,4,96
2306,0,4,96
2307,0,4,96
2308,0,4,96
2309,0,4,96
2310,0,4,96
2311,0,4,96
2312,0,4,96
2313,0,4,96
2314,0,4,96
2315,0,4,96
2316,0,4,96
2317,0,4,96
2318,0,4,96
2319,0,4,96
2320,0,4,96
2321,0,4,96
2322,0,4,96
2323,0,4,96
2324,0,4,96
2325,0,4,96
2326,0,4,96
2327,0,4,96
2328,0,4,96
2329,0,4,96
2330,0,4,96
2331,0,4,96
2332,0,4,96
2333,0,4,96
2334,0,4,96
2335,0,4,96
2336,0,4,96
2337,0,4,96
2338,0,4,96
2339,0,4,96
2340,0,4,96
2341,0,4,96
2342,0,4,96
2343,0,4,96
2344,0,4,96
2345,0,4,96
2346,0,4,96
2347,0,4,96
2348,0,4,96
2349,0,4,96
2350,0,4,96
2351,0,4,96
2352,0,4,96
2353,0,4,96
2354,0,4,96
2355,0,4,96
2356,0,4,96
2357,0,4,96
2358,0,4,96
2359,0,4,96
2360,0,4,96
2361,0,4,96
2362,0,4,96
2363,0,4,96
2364,0,4,96
2365,0,4,96
2366,0,4,96
2367,0,4,96
2368,0,4,96
2369,0,4,96
2370,0,4,96
2371,0,4,96
2372,0,4,96
2373,0,4,96
2374,0,4,96
2375,0,4,96
2376,0,4,96
2377,0,4,96
2378,0,4,96
2379,0,4,96
2380,0,4,96
2381,0,4,96
2382,0,4,96
2383,0,4,96
2384,0,4,96
2385,0,4,96
2386,0,4,96
2387,0,4,96
2388,0,4,96
2389,0,4,96
2390,0,4,96
2391,0,4,96
2392,0,4,96
2393,0,4,96
2394,0,4,96
2395,0,4,96
2396,0,4,96
2397,0,4,96
2398,0,4,96
2399,0,4,96
2400,0,4,96
2401,0,4,96
2402,0,4,96
2403,0,4,96
2404,0,4,96
2405,0,4,96
2406,0,4,96
2407,0,4,96
2408,0,4,96
2409,0,4,96
2410,0,4,96
2411,0,4,96
2412,0,4,96
2413,0,4,96
2414,0,4,96
2415,0,4,96
2416,0,4,96
2417,0,4,96
2418,0,4,96
2419,0,4,96
2420,0,4,96
2421,0,4,96
2422,0,4,96
2423,0,4,96
2424,0,4,96
2425,0,4,96
2426,0,4,96
2427,0,4,96
2428,0,4,96
2429,0,4,96
2430,0,4,96
2431,0,4,96
2432,0,4,96
2433,0,4,96
2434,0,4,96
2435,0,4,96
2436,0,4,96
2437,0,4,96
2438,0,4,96
2439,0,4,96
2440,0,3,97
2441,0,3,97
2442,0,3,97
2443,0,3,97
2444,0,3,97
2445,0,3,97
2446,0,3,97
2447,0,3,97
2448,0,3,97
2449,0,3,97
2450,0,3,97
2451,0,3,97
2452,0,3,97
2453,0,3,97
2454,0,3,97
2455,0,3,97
2456,0,3,97
2457,0,3,97
2458,0,3,97
2459,0,3,97
2460,0,3,97
2461,0,3,97
2462,0,3,97
2463,0,3,97
2464,0,3,97
2465,0,3,97
2466,0,3,97
2467,0,3,97
2468,0,3,97
2469,0,3,97
2470,0,3,97
2471,0,3,97
2472,0,3,97
2473,0,3,97
2474,0,3,97
2475,0,3,97
2476,0,3,97
2477,0,3,97
2478,0,3,97
2479,0,3,97
2480,0,3,97
2481,0,3,97
2482,0,3,97
2483,0,3,97
2484,0,3,97
2485,0,3,97
2486,0,3,97
2487,0,3,97
2488,0,3,97
2489,0,3,97
2490,0,3,97
2491,0,3,97
2492,0,3,97
2493,0,3,97
2494,0,3,97
2495,0,3,97
2496,0,3,97
2497,0,3,97
2498,0,3,97
2499,0,3,97
2500,0,3,97
2501,0,3,97
2502,0,3,97
2503,0,3,97
2504,0,3,97
2505,0,2,98
2506,0,2,98
2507,0,2,98
2508,0,2,98
2509,0,2,98
2510,0,2,98
2511,0,2,98
2512,0,2,98
2513,0,2,98
2514,0,2,98
2515,0,2,98
2516,0,2,98
2517,0,2,98
2518,0,2,98
2519,0,2,98
2520,0,2,98
2521,0,2,98
2522,0,2,98
2523,0,2,98
2524,0,2,98
2525,0,2,98
2526,0,2,98
2527,0,2,98
2528,0,2,98
2529,0,2,98
2530,0,2,98
2531,0,2,98
2532,0,2,98
2533,0,2,98
2534,0,2,98
2535,0,2,98
2536,0,2,98
2537,0,2,98
2538,0,2,98
2539,0,2,98
2540,0,2,98
2541,0,2,98
2542,0,2,98
2543,0,2,98
2544,0,2,98
2545,0,2,98
2546,0,2,98
2547,0,2,98
2548,0,2,98
2549,0,2,98
2550,0,2,98
2551,0,2,98
2552,0,2,98
2553,0,2,98
2554,0,2,98
2555,0,2,98
2556,0,2,98
2557,0,2,98
2558,0,2,98
2559,0,2,98
2560,0,2,98
2561,0,1,99
2562,0,1,99
2563,0,1,99
2564,0,1,99
2565,0,1,99
2566,0,1,99
2567,0,1,99
2568,0,1,99
2569,0,1,99
2570,0,1,99
2571,0,1,99
2572,0,1,99
2573,0,1,99
2574,0,1,99
2575,0,1,99
2576,0,1,99
2577,0,1,99
2578,0,1,99
2579,0,1,99
2580,0,1,99
2581,0,1,99
2582,0,1,99
2583,0,1,99
2584,0,1,99
2585,0,1,99
2586,0,1,99
2587,0,1,99
2588,0,1,99
2589,0,1,99
2590,0,1,99
2591,0,1,99
2592,0,1,99
2593,0,1,99
2594,0,1,99
2595,0,1,99
2596,0,1,99
2597,0,1,99
2598,0,1,99
2599,0,1,99
2600,0,1,99
2601,0,1,99
2602,0,1,99
2603,0,1,99
2604,0,1,99
2605,0,1,99
2606,0,1,99
2607,0,1,99
2608,0,1,99
2609,0,1,99
2610,0,0,100
2611,0,0,100
2612,0,0,100
2613,0,0,100
2614,0,0,100
2615,0,0,100
2616,0,0,100
2617,0,0,100
2618,0,0,100
2619,0,0,100
2620,0,0,100
2621,0,0,100
2622,0,0,100
2623,0,0,100
2624,0,0,100
2625,0,0,100
2626,0,0,100
2627,0,0,100
2628,0,0,100
2629,0,0,100
2630,0,0,100
2631,0,0,100
2632,0,0,100
2633,0,0,100
2634,0,0,100
2635,0,0,100
2636,0,0,100
2637,0,0,100
2638,0,0,100
2639,0,0,100
2640,0,0,100
2641,0,0,100
2642,0,0,100
2643,0,0,100
2644,0,0,100
2645,0,0,100
2646,0,0,100
2647,0,0,100
2648,0,0,100
2649,0,0,100
2650,0,0,100
2651,0,0,100
2652,0,0,100
2653,0,0,100
2654,0,0,100
2655,0,0,100
2656,0,0,100
2657,0,0,100
2658,0,0,100
2659,0,0,100
2660,0,0,100
2661,0,0,100
2662,0,0,100
2663,0,0,100
2664,0,0,100
2665,0,0,100
2666,0,0,100
2667,0,0,100
2668,0,0,100
2669,0,0,100
2670,0,0,100
2671,0,0,100
2672,0,0,100
2673,0,0,100
2674,0,0,100
2675,0,0,100
2676,0,0,100
2677,0,0,100
2678,0,0,100
2679,0,0,100
2680,0,0,100
2681,0,0,100
2682,0,0,100
2683,0,0,100
2684,0,0,100
2685,0,0,100
2686,0,0,100
2687,0,0,100
2688,0,0,100
2689,0,0,100
2690,0,0,100
2691,0,0,100
2692,0,0,100
2693,0,0,100
2694,0,0,100
2695,0,0,100
2696,0,0,100
2697,0,0,100
2698,0,0,100
2699,0,0,100
2700,0,0,100
2701,0,0,100
2702,0,0,100
2703,0,0,100
2704,0,0,100
2705,0,0,100
2706,0,0,100
2707,0,0,100
2708,0,0,100
2709,0,0,100
2710,0,0,100
2711,0,0,100
2712,0,0,100
2713,0,0,100
2714,0,0,100
2715,0,0,100
2716,0,0,100
2717,0,0,100
2718,0,0,100
2719,0,0,100
2720,0,0,100
2721,0,0,100
2722,0,0,100
2723,0,0,100
2724,0,0,100
2725,0,0,100
2726,0,0,100
2727,0,0,100
2728,0,0,100
2729,0,0,100
2730,0,0,100
2731,0,0,100
2732,0,0,100
2733,0,0,100
2734,0,0,100
2735,0,0,100
2736,0,0,100
2737,0,0,100
2738,0,0,100
2739,0,0,100
2740,0,0,100
2741,0,0,100
2742,0,0,100
2743,0,0,100
2744,0,0,100
2745,0,0,100
2746,0,0,100
2747,0,0,100
2748,0,0,100
2749,0,0,100
2750,0,0,100
2751,0,0,100
2752,0,0,100
2753,0,0,100
2754,0,0,100
2755,0,0,100
2756,0,0,100
2757,0,0,100
2758,0,0,100
2759,0,0,100
2760,0,0,100
2761,0,0,100
2762,0,0,100
2763,0,0,100
2764,0,0,100
2765,0,0,100
2766,0,0,100
2767,0,0,100
2768,0,0,100
2769,0,0,100
2770,0,0,100
2771,0,0,100
2772,0,0,100
2773,0,0,100
2774,0,0,100
2775,0,0,100
2776,0,0,100
2777,0,0,100
2778,0,0,100
2779,0,0,100
2780,0,0,100
2781,0,0,100
2782,0,0,100
2783,0,0,100
2784,0,0,100
2785,0,0,100
2786,0,0,100
2787,0,0,100
2788,0,0,100
2789,0,0,100
2790,0,0,100
2791,0,0,100
2792,0,0,100
2793,0,0,100
2794,0,0,100
2795,0,0,100
2796,0,0,100
2797,0,0,100
2798,0,0,100
2799,0,0,100
2800,0,0,100
2801,0,0,100
2802,0,0,100
2803,0,0,100
2804,0,0,100
2805,0,0,100
2806,0,0,100
2807,0,0,100
2808,0,0,100
2809,0,0,100
2810,0,0,100
2811,0,0,100
2812,0,0,100
2813,0,0,100
2814,0,0,100
2815,0,0,100
2816,0,0,100
2817,0,0,100
2818,0,0,100
2819,0,0,100
2820,0,0,100
2821,0,0,100
2822,0,0,100
2823,0,0,100
2824,0,0,100
2825,0,0,100
2826,0,0,100
2827,0,0,100
2828,0,0,100
2829,0,0,100
2830,0,0,100
2831,0,0,100
2832,0,0,100
2833,0,0,100
2834,0,0,100
2835,0,0,100
2836,0,0,100
2837,0,0,100
2838,0,0,100
2839,0,0,100
2840,0,0,100
2841,0,0,100
2842,0,0,100
2843,0,0,100
2844,0,0,100
2845,0,0,100
2846,0,0,100
2847,0,0,100
2848,0,0,100
2849,0,0,100
2850,0,0,100
2851,0,0,100
2852,0,0,100
2853,0,0,100
2854,0,0,100
2855,0,0,100
2856,0,0,100
2857,0,0,100
2858,0,0,100
2859,0,0,100
2860,0,0,100
2861,0,0,100
2862,0,0,100
2863,0,0,100
2864,0,0,100
2865,0,0,100
2866,0,0,100
2867,0,0,100
2868,0,0,100
2869,0,0,100
2870,0,0,100
2871,0,0,100
2872,0,0,100
2873,0,0,100
2874,0,0,100
2875,0,0,100
2876,0,0,100
2877,0,0,100
2878,0,0,100
2879,0,0,100
2880,0,0,100
2881,0,0,100
2882,0,0,100
2883,0,0,100
2884,0,0,100
2885,0,0,100
2886,0,0,100
2887,0,0,100
2888,0,0,100
2889,0,0,100
2890,0,0,100
2891,0,0,100
2892,0,0,100
2893,0,0,100
2894,0,0,100
2895,0,0,100
2896,0,0,100
2897,0,0,100
2898,0,0,100
2899,0,0,100
2900,0,0,100
2901,0,0,100
2902,0,0,100
2903,0,0,100
2904,0,0,100
2905,0,0,100
2906,0,0,100
2907,0,0,100
2908,0,0,100
2909,0,0,100
2910,0,0,100
2911,0,0,100
2912,0,0,100
2913,0,0,100
2914,0,0,100
2915,0,0,100
2916,0,0,100
2917,0,0,100
2918,0,0,100
2919,0,0,100
2920,0,0,100
2921,0,0,100
2922,0,0,100
2923,0,0,100
2924,0,0,100
2925,0,0,100
2926,0,0,100
2927,0,0,100
2928,0,0,100
2929,0,0,100
2930,0,0,100
2931,0,0,100
2932,0,0,100
2933,0,0,100
2934,0,0,100
2935,0,0,100
2936,0,0,100
2937,0,0,100
2938,0,0,100
2939,0,0,100
2940,0,0,100
2941,0,0,100
2942,0,0,100
2943,0,0,100
2944,0,0,100
2945,0,0,100
2946,0,0,100
2947,0,0,100
2948,0,0,100
2949,0,0,100
2950,0,0,100
2951,0,0,100
2952,0,0,100
2953,0,0,100
2954,0,0,100
2955,0,0,100
2956,0,0,100
2957,0,0,100
2958,0,0,100
2959,0,0,100
2960,0,0,100
2961,0,0,100
2962,0,0,100
2963,0,0,100
2964,0,0,100
2965,0,0,100
2966,0,0,100
2967,0,0,100
2968,0,0,100
2969,0,0,100
2970,0,0,100
2971,0,0,100
2972,0,0,100
2973,0,0,100
2974,0,0,100
2975,0,0,100
2976,0,0,100
2977,0,0,100
2978,0,0,100
2979,0,0,100
2980,0,0,100
2981,0,0,100
2982,0,0,100
2983,0,0,100
2984,0,0,100
2985,0,0,100
2986,0,0,100
2987,0,0,100
2988,0,0,100
2989,0,0,100
2990,0,0,100
2991,0,0,100
2992,0,0,100
2993,0,0,100
2994,0,0,100
2995,0,0,100
2996,0,0,100
2997,0,0,100
2998,0,0,100
2999,0,0,100
3000,0,0,100
