Time,Healthy,Undetectable,Detectable
0,97,3,0
1,97,3,0
2,97,3,0
3,97,3,0
4,97,3,0
5,97,3,0
6,97,3,0
7,97,3,0
8,97,3,0
9,97,3,0
10,97,3,0
11,97,3,0
12,97,3,0
13,97,3,0
14,97,3,0
15,97,3,0
16,97,3,0
17,97,3,0
18,97,3,0
19,97,3,0
20,97,3,0
21,97,3,0
22,97,3,0
23,97,3,0
24,97,3,0
25,97,3,0
26,97,3,0
27,97,3,0
28,97,3,0
29,97,3,0
30,97,3,0
31,97,3,0
32,97,3,0
33,97,3,0
34,97,3,0
35,97,3,0
36,97,3,0
37,97,3,0
38,97,3,0
39,97,3,0
40,97,3,0
41,97,3,0
42,97,3,0
43,97,3,0
44,97,3,0
45,97,3,0
46,97,3,0
47,97,3,0
48,97,3,0
49,97,3,0
50,97,3,0
51,97,3,0
52,97,3,0
53,97,3,0
54,97,3,0
55,97,3,0
56,97,3,0
57,97,3,0
58,97,3,0
59,97,3,0
60,97,3,0
61,97,3,0
62,97,3,0
63,97,3,0
64,97,3,0
65,97,3,0
66,97,3,0
67,97,3,0
68,97,3,0
69,97,3,0
70,97,3,0
71,97,3,0
72,97,3,0
73,97,3,0
74,97,3,0
75,97,3,0
76,97,3,0
77,97,3,0
78,97,3,0
79,97,3,0
80,97,3,0
81,97,3,0
82,97,3,0
83,97,3,0
84,97,3,0
85,97,3,0
86,97,3,0
87,97,3,0
88,97,3,0
89,97,3,0
90,97,3,0
91,97,3,0
92,97,3,0
93,97,3,0
94,97,3,0
95,97,3,0
96,97,3,0
97,97,3,0
98,97,3,0
99,97,3,0
100,97,3,0
101,97,3,0
102,97,3,0
103,97,3,0
104,97,3,0
105,97,3,0
106,97,3,0
107,97,3,0
108,97,3,0
109,97,3,0
110,97,3,0
111,97,3,0
112,97,3,0
113,97,3,0
114,97,3,0
115,97,3,0
116,97,3,0
117,97,3,0
118,97,3,0
119,97,3,0
120,97,3,0
121,97,3,0
122,97,3,0
123,97,3,0
124,97,3,0
125,97,3,0
126,97,3,0
127,97,3,0
128,97,3,0
129,97,3,0
130,97,3,0
131,97,3,0
132,97,3,0
133,97,3,0
134,97,3,0
135,97,3,0
136,97,3,0
137,97,3,0
138,97,3,0
139,97,3,0
140,97,3,0
141,97,3,0
142,97,3,0
143,97,3,0
144,97,3,0
145,97,3,0
146,97,3,0
147,97,3,0
148,97,3,0
149,97,3,0
150,97,3,0
151,97,3,0
152,97,3,0
153,97,3,0
154,97,3,0
155,97,3,0
156,97,3,0
157,97,3,0
158,97,3,0
159,97,3,0
160,97,3,0
161,97,3,0
162,97,3,0
163,97,3,0
164,97,3,0
165,97,3,0
166,97,3,0
167,97,3,0
168,97,3,0
169,97,3,0
170,97,3,0
171,97,3,0
172,97,3,0
173,97,3,0
174,97,3,0
175,97,3,0
176,97,3,0
177,97,3,0
178,97,3,0
179,97,3,0
180,97,3,0
181,97,3,0
182,97,3,0
183,97,3,0
184,97,3,0
185,97,3,0
186,97,3,0
187,97,3,0
188,97,3,0
189,97,3,0
190,97,3,0
191,97,3,0
192,97,3,0
193,97,3,0
194,97,3,0
195,97,3,0
196,97,3,0
197,97,3,0
198,97,3,0
199,97,3,0
200,97,3,0
201,97,3,0
202,97,3,0
203,97,3,0
204,97,3,0
205,97,3,0
206,97,3,0
207,97,3,0
208,97,3,0
209,97,3,0
210,97,3,0
211,97,3,0
212,97,3,0
213,97,3,0
214,97,3,0
215,97,3,0
216,97,3,0
217,97,3,0
218,97,3,0
219,97,3,0
220,97,3,0
221,97,3,0
222,97,3,0
223,97,3,0
224,97,3,0
225,97,3,0
226,97,3,0
227,97,3,0
228,97,3,0
229,97,3,0
230,97,3,0
231,97,3,0
232,97,3,0
233,97,3,0
234,97,3,0
235,97,3,0
236,97,3,0
237,97,3,0
238,97,3,0
239,97,3,0
240,97,3,0
241,97,3,0
242,97,3,0
243,97,3,0
244,97,3,0
245,97,3,0
246,97,3,0
247,97,3,0
248,97,3,0
249,97,3,0
250,97,3,0
251,97,3,0
252,97,2,1
253,97,2,1
254,96,3,1
255,96,3,1
256,96,3,1
257,96,3,1
258,96,3,1
259,96,3,1
260,96,3,1
261,96,3,1
262,96,3,1
263,96,3,1
264,96,3,1
265,96,3,1
266,96,3,1
267,96,3,1
268,96,3,1
269,96,3,1
270,96,3,1
271,96,3,1
272,96,3,1
273,96,3,1
274,96,3,1
275,96,3,1
276,96,3,1
277,96,3,1
278,96,3,1
279,96,3,1
280,96,3,1
281,96,3,1
282,96,3,1
283,96,3,1
284,96,3,1
285,96,3,1
286,96,3,1
287,96,2,2
288,96,2,2
289,96,2,2
290,96,2,2
291,96,2,2
292,96,2,2
293,96,2,2
294,96,2,2
295,96,1,3
296,96,1,3
297,96,1,3
298,96,1,3
299,96,1,3
300,96,1,3
301,96,1,3
302,96,1,3
303,96,1,3
304,96,1,3
305,96,1,3
306,96,1,3
307,96,1,3
308,96,1,3
309,96,1,3
310,96,1,3
311,96,1,3
312,96,1,3
313,96,1,3
314,96,1,3
315,96,1,3
316,96,1,3
317,96,1,3
318,95,2,3
319,95,2,3
320,95,2,3
321,95,2,3
322,95,2,3
323,95,2,3
324,95,2,3
325,95,2,3
326,95,2,3
327,95,2,3
328,95,2,3
329,95,2,3
330,95,2,3
331,95,2,3
332,95,2,3
333,95,2,3
334,95,2,3
335,95,2,3
336,95,2,3
337,95,2,3
338,95,2,3
339,95,2,3
340,95,2,3
341,95,2,3
342,95,2,3
343,95,2,3
344,95,2,3
345,95,2,3
346,95,2,3
347,95,2,3
348,95,2,3
349,95,2,3
350,95,2,3
351,95,2,3
352,95,2,3
353,95,2,3
354,95,2,3
355,95,2,3
356,94,3,3
357,94,3,3
358,94,3,3
359,94,3,3
360,94,3,3
361,94,3,3
362,94,3,3
363,94,3,3
364,94,3,3
365,94,3,3
366,94,3,3
367,94,3,3
368,94,3,3
369,94,3,3
370,94,3,3
371,94,3,3
372,94,3,3
373,94,3,3
374,94,3,3
375,94,3,3
376,94,3,3
377,94,3,3
378,94,3,3
379,94,3,3
380,94,3,3
381,94,3,3
382,94,3,3
383,94,3,3
384,94,3,3
385,94,3,3
386,94,3,3
387,94,3,3
388,94,3,3
389,94,3,3
390,94,3,3
391,94,3,3
392,94,3,3
393,94,3,3
394,94,3,3
395,93,4,3
396,93,4,3
397,93,4,3
398,93,4,3
399,93,4,3
400,93,4,3
401,93,4,3
402,93,4,3
403,93,4,3
404,93,4,3
405,93,4,3
406,93,4,3
407,93,4,3
408,93,4,3
409,93,4,3
410,93,4,3
411,93,4,3
412,92,5,3
413,92,5,3
414,91,5,4
415,91,5,4
416,91,5,4
417,91,5,4
418,91,5,4
419,91,5,4
420,91,5,4
421,91,5,4
422,91,5,4
423,91,5,4
424,91,5,4
425,90,6,4
426,89,7,4
427,89,7,4
428,89,7,4
429,89,7,4
430,89,7,4
431,89,7,4
432,89,7,4
433,89,7,4
434,89,7,4
435,89,7,4
436,89,7,4
437,89,7,4
438,89,7,4
439,89,7,4
440,88,8,4
441,88,8,4
442,88,8,4
443,88,8,4
444,88,8,4
445,88,8,4
446,88,8,4
447,88,8,4
448,88,8,4
449,88,8,4
450,88,8,4
451,88,8,4
452,88,8,4
453,88,8,4
454,88,8,4
455,88,8,4
456,88,8,4
457,88,8,4
458,87,9,4
459,87,9,4
460,87,9,4
461,87,9,4
462,87,9,4
463,87,9,4
464,87,9,4
465,87,9,4
466,87,9,4
467,87,9,4
468,87,9,4
469,87,9,4
470,87,9,4
471,87,9,4
472,87,9,4
473,87,9,4
474,87,9,4
475,87,9,4
476,87,9,4
477,87,9,4
478,87,9,4
479,86,10,4
480,86,10,4
481,86,10,4
482,86,10,4
483,86,10,4
484,86,10,4
485,86,10,4
486,86,10,4
487,86,10,4
488,86,10,4
489,86,10,4
490,86,10,4
491,86,10,4
492,86,10,4
493,86,10,4
494,86,10,4
495,86,10,4
496,86,10,4
497,86,10,4
498,86,10,4
499,86,10,4
500,86,10,4
501,86,10,4
502,86,10,4
503,86,10,4
504,86,10,4
505,86,10,4
506,86,10,4
507,86,10,4
508,86,10,4
509,86,10,4
510,86,10,4
511,86,10,4
512,86,10,4
513,86,10,4
514,86,10,4
515,86,10,4
516,86,10,4
517,86,10,4
518,86,10,4
519,86,10,4
520,86,10,4
521,86,10,4
522,86,10,4
523,86,10,4
524,86,10,4
525,86,10,4
526,86,10,4
527,86,10,4
528,86,10,4
529,86,10,4
530,86,10,4
531,86,10,4
532,86,10,4
533,86,10,4
534,86,10,4
535,86,10,4
536,86,10,4
537,86,9,5
538,86,9,5
539,86,9,5
540,86,9,5
541,86,9,5
542,86,9,5
543,86,9,5
544,86,9,5
545,86,9,5
546,86,9,5
547,86,9,5
548,86,9,5
549,86,9,5
550,86,9,5
551,86,9,5
552,86,9,5
553,86,9,5
554,86,9,5
555,86,9,5
556,86,9,5
557,86,9,5
558,86,9,5
559,86,9,5
560,86,9,5
561,86,9,5
562,86,9,5
563,86,9,5
564,86,9,5
565,86,9,5
566,86,9,5
567,86,9,5
568,86,9,5
569,86,9,5
570,86,9,5
571,86,9,5
572,86,9,5
573,86,9,5
574,86,9,5
575,86,9,5
576,86,9,5
577,86,7,7
578,86,7,7
579,86,7,7
580,86,7,7
581,86,7,7
582,86,7,7
583,86,7,7
584,86,6,8
585,86,6,8
586,86,6,8
587,86,6,8
588,86,6,8
589,86,6,8
590,86,6,8
591,86,6,8
592,86,6,8
593,86,6,8
594,86,6,8
595,86,6,8
596,86,6,8
597,86,6,8
598,86,6,8
599,86,6,8
600,86,6,8
601,86,6,8
602,86,6,8
603,86,6,8
604,86,6,8
605,86,6,8
606,86,6,8
607,86,6,8
608,85,7,8
609,85,7,8
610,85,7,8
611,85,7,8
612,85,7,8
613,84,8,8
614,84,8,8
615,83,9,8
616,83,9,8
617,83,9,8
618,82,10,8
619,82,9,9
620,82,9,9
621,82,9,9
622,82,9,9
623,82,9,9
624,82,9,9
625,82,9,9
626,82,9,9
627,82,9,9
628,82,9,9
629,82,9,9
630,82,9,9
631,82,9,9
632,82,9,9
633,82,9,9
634,82,9,9
635,81,10,9
636,81,10,9
637,81,10,9
638,81,9,10
639,81,9,10
640,81,9,10
641,81,9,10
642,81,9,10
643,81,9,10
644,80,10,10
645,80,10,10
646,80,10,10
647,80,10,10
648,80,10,10
649,80,10,10
650,80,10,10
651,80,10,10
652,80,10,10
653,80,10,10
654,80,10,10
655,80,10,10
656,79,11,10
657,79,11,10
658,79,11,10
659,79,11,10
660,79,11,10
661,78,12,10
662,78,12,10
663,78,12,10
664,78,11,11
665,77,12,11
666,77,12,11
667,77,12,11
668,77,12,11
669,77,12,11
670,76,13,11
671,76,13,11
672,76,13,11
673,76,13,11
674,76,13,11
675,76,13,11
676,76,13,11
677,76,13,11
678,76,13,11
679,76,13,11
680,76,13,11
681,76,13,11
682,76,12,12
683,76,12,12
684,76,12,12
685,74,14,12
686,74,14,12
687,73,15,12
688,73,15,12
689,73,15,12
690,73,15,12
691,73,15,12
692,73,15,12
693,73,15,12
694,73,15,12
695,73,15,12
696,73,15,12
697,73,14,13
698,73,14,13
699,72,15,13
700,71,16,13
701,71,16,13
702,71,16,13
703,71,16,13
704,71,16,13
705,71,16,13
706,71,16,13
707,71,16,13
708,71,16,13
709,71,16,13
710,71,16,13
711,71,16,13
712,71,16,13
713,70,17,13
714,70,17,13
715,70,17,13
716,69,18,13
717,68,19,13
718,68,19,13
719,68,19,13
720,68,19,13
721,68,19,13
722,68,19,13
723,68,19,13
724,68,19,13
725,67,20,13
726,67,20,13
727,67,20,13
728,67,18,15
729,67,18,15
730,67,18,15
731,67,18,15
732,67,18,15
733,66,19,15
734,66,19,15
735,66,19,15
736,66,19,15
737,66,19,15
738,66,19,15
739,66,19,15
740,66,19,15
741,65,19,16
742,65,19,16
743,65,19,16
744,65,19,16
745,65,18,17
746,64,19,17
747,64,19,17
748,64,19,17
749,64,19,17
750,63,20,17
751,62,21,17
752,62,21,17
753,62,21,17
754,61,22,17
755,61,22,17
756,61,22,17
757,61,22,17
758,61,22,17
759,60,23,17
760,60,23,17
761,60,23,17
762,60,23,17
763,60,23,17
764,60,23,17
765,60,23,17
766,60,23,17
767,60,23,17
768,60,23,17
769,60,23,17
770,60,23,17
771,60,23,17
772,60,23,17
773,60,23,17
774,60,23,17
775,60,23,17
776,60,23,17
777,60,22,18
778,60,22,18
779,60,22,18
780,59,23,18
781,59,23,18
782,59,23,18
783,59,23,18
784,59,23,18
785,59,23,18
786,59,23,18
787,59,23,18
788,59,23,18
789,59,23,18
790,59,23,18
791,59,23,18
792,59,23,18
793,59,23,18
794,59,23,18
795,59,23,18
796,58,24,18
797,58,24,18
798,58,24,18
799,58,24,18
800,58,24,18
801,58,24,18
802,58,24,18
803,58,24,18
804,58,24,18
805,58,24,18
806,57,24,19
807,56,25,19
808,56,25,19
809,56,25,19
810,56,25,19
811,56,25,19
812,56,25,19
813,56,25,19
814,56,25,19
815,56,25,19
816,56,25,19
817,56,25,19
818,56,25,19
819,56,25,19
820,56,25,19
821,56,25,19
822,56,25,19
823,56,25,19
824,56,25,19
825,56,25,19
826,56,25,19
827,56,25,19
828,56,25,19
829,56,25,19
830,56,25,19
831,55,26,19
832,55,25,20
833,55,25,20
834,55,25,20
835,55,25,20
836,55,25,20
837,55,25,20
838,55,25,20
839,55,25,20
840,55,25,20
841,55,25,20
842,55,25,20
843,55,25,20
844,55,25,20
845,53,27,20
846,52,28,20
847,52,27,21
848,52,27,21
849,52,27,21
850,52,27,21
851,52,27,21
852,52,27,21
853,51,28,21
854,51,28,21
855,51,28,21
856,51,28,21
857,50,29,21
858,50,29,21
859,50,28,22
860,49,29,22
861,48,30,22
862,48,30,22
863,48,30,22
864,48,30,22
865,48,30,22
866,48,30,22
867,48,30,22
868,48,30,22
869,48,30,22
870,48,30,22
871,48,30,22
872,48,30,22
873,48,29,23
874,48,29,23
875,48,29,23
876,48,29,23
877,48,29,23
878,48,29,23
879,48,29,23
880,48,29,23
881,48,29,23
882,48,29,23
883,48,29,23
884,47,30,23
885,46,31,23
886,46,31,23
887,46,31,23
888,45,32,23
889,45,32,23
890,45,32,23
891,45,32,23
892,45,31,24
893,45,31,24
894,45,31,24
895,45,31,24
896,44,31,25
897,43,32,25
898,43,32,25
899,43,32,25
900,43,32,25
901,42,33,25
902,42,33,25
903,42,33,25
904,40,35,25
905,40,35,25
906,40,35,25
907,38,37,25
908,38,37,25
909,38,37,25
910,37,38,25
911,37,38,25
912,36,39,25
913,35,40,25
914,35,40,25
915,35,40,25
916,35,40,25
917,35,40,25
918,35,40,25
919,35,40,25
920,35,40,25
921,35,40,25
922,34,41,25
923,33,42,25
924,33,42,25
925,32,43,25
926,31,44,25
927,31,44,25
928,31,44,25
929,30,45,25
930,30,45,25
931,30,45,25
932,30,45,25
933,30,45,25
934,29,46,25
935,29,46,25
936,29,46,25
937,29,46,25
938,29,46,25
939,29,46,25
940,29,46,25
941,28,46,26
942,28,46,26
943,28,46,26
944,28,46,26
945,28,46,26
946,28,46,26
947,28,46,26
948,28,45,27
949,28,45,27
950,28,45,27
951,28,44,28
952,28,43,29
953,28,43,29
954,28,43,29
955,28,42,30
956,28,42,30
957,28,42,30
958,28,42,30
959,28,41,31
960,28,41,31
961,28,41,31
962,28,41,31
963,28,41,31
964,28,41,31
965,28,41,31
966,28,41,31
967,28,41,31
968,28,41,31
969,28,41,31
970,28,41,31
971,27,42,31
972,27,42,31
973,27,42,31
974,27,42,31
975,27,42,31
976,27,42,31
977,26,43,31
978,26,43,31
979,26,43,31
980,26,43,31
981,26,43,31
982,26,42,32
983,26,42,32
984,26,42,32
985,25,43,32
986,25,43,32
987,25,43,32
988,25,43,32
989,24,44,32
990,24,44,32
991,24,44,32
992,24,44,32
993,23,45,32
994,23,45,32
995,23,45,32
996,23,45,32
997,23,45,32
998,23,45,32
999,23,45,32
1000,23,45,32
1001,23,45,32
1002,23,44,33
1003,23,44,33
1004,23,44,33
1005,22,45,33
1006,22,45,33
1007,22,45,33
1008,22,45,33
1009,22,45,33
1010,22,45,33
1011,22,45,33
1012,22,44,34
1013,22,44,34
1014,22,44,34
1015,22,44,34
1016,22,44,34
1017,22,44,34
1018,22,44,34
1019,22,43,35
1020,22,43,35
1021,22,43,35
1022,22,43,35
1023,22,43,35
1024,22,43,35
1025,22,43,35
1026,22,43,35
1027,22,43,35
1028,22,43,35
1029,22,43,35
1030,22,43,35
1031,21,44,35
1032,21,44,35
1033,21,44,35
1034,20,45,35
1035,20,45,35
1036,20,45,35
1037,20,45,35
1038,20,45,35
1039,20,45,35
1040,20,45,35
1041,19,46,35
1042,19,46,35
1043,19,46,35
1044,19,46,35
1045,18,47,35
1046,17,48,35
1047,17,48,35
1048,17,48,35
1049,17,48,35
1050,17,48,35
1051,17,48,35
1052,17,48,35
1053,17,48,35
1054,17,48,35
1055,17,48,35
1056,17,48,35
1057,17,48,35
1058,17,48,35
1059,16,49,35
1060,16,49,35
1061,16,49,35
1062,16,49,35
1063,16,49,35
1064,16,49,35
1065,16,49,35
1066,16,49,35
1067,16,49,35
1068,16,49,35
1069,16,49,35
1070,16,49,35
1071,16,48,36
1072,16,48,36
1073,16,48,36
1074,16,48,36
1075,16,47,37
1076,16,47,37
1077,16,47,37
1078,16,47,37
1079,16,47,37
1080,16,47,37
1081,16,47,37
1082,16,47,37
1083,16,47,37
1084,15,48,37
1085,15,48,37
1086,15,48,37
1087,15,48,37
1088,15,48,37
1089,15,48,37
1090,13,50,37
1091,13,50,37
1092,13,50,37
1093,13,50,37
1094,13,50,37
1095,13,49,38
1096,13,49,38
1097,13,48,39
1098,12,49,39
1099,12,49,39
1100,12,49,39
1101,12,49,39
1102,12,49,39
1103,12,49,39
1104,12,49,39
1105,12,49,39
1106,12,49,39
1107,12,49,39
1108,12,49,39
1109,12,49,39
1110,12,49,39
1111,11,50,39
1112,11,50,39
1113,11,50,39
1114,11,50,39
1115,11,50,39
1116,10,51,39
1117,9,52,39
1118,9,52,39
1119,9,52,39
1120,9,52,39
1121,9,52,39
1122,9,52,39
1123,9,52,39
1124,9,52,39
1125,9,52,39
1126,9,52,39
1127,9,52,39
1128,9,52,39
1129,9,52,39
1130,9,52,39
1131,8,52,40
1132,6,54,40
1133,6,54,40
1134,6,54,40
1135,6,54,40
1136,6,54,40
1137,6,54,40
1138,6,54,40
1139,6,54,40
1140,6,54,40
1141,6,53,41
1142,6,53,41
1143,6,53,41
1144,6,53,41
1145,6,53,41
1146,6,53,41
1147,6,53,41
1148,6,53,41
1149,6,52,42
1150,6,52,42
1151,6,52,42
1152,6,51,43
1153,6,50,44
1154,6,50,44
1155,6,50,44
1156,6,50,44
1157,6,50,44
1158,6,50,44
1159,6,50,44
1160,6,50,44
1161,6,50,44
1162,6,50,44
1163,6,50,44
1164,6,49,45
1165,6,49,45
1166,6,49,45
1167,6,49,45
1168,6,49,45
1169,6,49,45
1170,6,49,45
1171,6,49,45
1172,6,49,45
1173,6,49,45
1174,6,49,45
1175,6,49,45
1176,6,49,45
1177,6,49,45
1178,6,49,45
1179,6,48,46
1180,6,47,47
1181,6,47,47
1182,6,47,47
1183,6,47,47
1184,6,47,47
1185,6,47,47
1186,6,47,47
1187,6,47,47
1188,6,47,47
1189,6,47,47
1190,6,46,48
1191,6,46,48
1192,6,46,48
1193,6,46,48
1194,6,46,48
1195,6,46,48
1196,6,45,49
1197,6,45,49
1198,6,45,49
1199,6,44,50
1200,6,44,50
1201,6,44,50
1202,6,44,50
1203,6,44,50
1204,6,44,50
1205,6,44,50
1206,6,44,50
1207,6,44,50
1208,6,44,50
1209,6,44,50
1210,6,44,50
1211,6,44,50
1212,6,44,50
1213,6,44,50
1214,6,44,50
1215,6,44,50
1216,6,44,50
1217,6,44,50
1218,6,44,50
1219,6,43,51
1220,6,43,51
1221,6,43,51
1222,6,43,51
1223,6,43,51
1224,6,43,51
1225,6,43,51
1226,6,43,51
1227,6,43,51
1228,6,43,51
1229,6,43,51
1230,6,43,51
1231,6,43,51
1232,6,43,51
1233,6,43,51
1234,6,43,51
1235,6,43,51
1236,6,43,51
1237,6,43,51
1238,6,43,51
1239,6,43,51
1240,6,43,51
1241,6,43,51
1242,6,43,51
1243,6,43,51
1244,6,43,51
1245,6,43,51
1246,6,42,52
1247,6,42,52
1248,6,42,52
1249,6,42,52
1250,6,41,53
1251,6,41,53
1252,6,41,53
1253,6,41,53
1254,6,41,53
1255,6,41,53
1256,6,41,53
1257,6,41,53
1258,5,42,53
1259,5,42,53
1260,5,42,53
1261,5,41,54
1262,5,41,54
1263,5,41,54
1264,5,41,54
1265,5,41,54
1266,5,41,54
1267,5,41,54
1268,5,41,54
1269,5,41,54
1270,5,41,54
1271,5,41,54
1272,5,41,54
1273,5,41,54
1274,5,41,54
1275,5,41,54
1276,5,41,54
1277,5,41,54
1278,5,41,54
1279,4,42,54
1280,4,42,54
1281,4,41,55
1282,4,40,56
1283,4,40,56
1284,4,39,57
1285,4,39,57
1286,4,39,57
1287,3,40,57
1288,3,40,57
1289,3,40,57
1290,3,40,57
1291,3,40,57
1292,3,40,57
1293,3,39,58
1294,3,39,58
1295,3,39,58
1296,3,39,58
1297,3,39,58
1298,3,38,59
1299,3,38,59
1300,3,38,59
1301,3,38,59
1302,3,38,59
1303,3,38,59
1304,3,38,59
1305,3,38,59
1306,3,38,59
1307,3,38,59
1308,3,38,59
1309,3,38,59
1310,3,38,59
1311,3,37,60
1312,3,37,60
1313,3,36,61
1314,3,36,61
1315,3,36,61
1316,3,36,61
1317,3,35,62
1318,3,35,62
1319,3,35,62
1320,3,35,62
1321,3,35,62
1322,3,35,62
1323,3,35,62
1324,3,35,62
1325,3,35,62
1326,3,35,62
1327,3,35,62
1328,3,35,62
1329,3,35,62
1330,3,34,63
1331,3,34,63
1332,3,34,63
1333,3,34,63
1334,3,34,63
1335,3,34,63
1336,3,34,63
1337,3,34,63
1338,3,33,64
1339,3,33,64
1340,3,33,64
1341,3,33,64
1342,3,33,64
1343,3,33,64
1344,3,33,64
1345,3,33,64
1346,3,33,64
1347,3,33,64
1348,3,33,64
1349,3,32,65
1350,3,32,65
1351,3,32,65
1352,3,32,65
1353,3,32,65
1354,3,32,65
1355,3,32,65
1356,3,32,65
1357,3,32,65
1358,3,32,65
1359,3,32,65
1360,3,32,65
1361,3,32,65
1362,3,32,65
1363,3,32,65
1364,3,32,65
1365,3,32,65
1366,3,32,65
1367,3,32,65
1368,3,32,65
1369,3,32,65
1370,3,32,65
1371,3,32,65
1372,2,33,65
1373,2,32,66
1374,2,32,66
1375,2,32,66
1376,2,32,66
1377,2,32,66
1378,2,32,66
1379,2,32,66
1380,2,32,66
1381,2,32,66
1382,2,32,66
1383,2,32,66
1384,2,32,66
1385,2,32,66
1386,2,32,66
1387,2,32,66
1388,2,32,66
1389,2,32,66
1390,2,32,66
1391,2,32,66
1392,2,31,67
1393,2,31,67
1394,2,31,67
1395,2,31,67
1396,2,31,67
1397,2,31,67
1398,2,31,67
1399,2,31,67
1400,2,31,67
1401,2,31,67
1402,2,31,67
1403,2,31,67
1404,2,31,67
1405,2,30,68
1406,2,30,68
1407,2,30,68
1408,2,30,68
1409,2,30,68
1410,2,30,68
1411,1,31,68
1412,1,31,68
1413,1,31,68
1414,1,31,68
1415,1,31,68
1416,1,31,68
1417,1,31,68
1418,1,31,68
1419,1,30,69
1420,1,30,69
1421,1,30,69
1422,1,30,69
1423,1,30,69
1424,1,30,69
1425,1,30,69
1426,1,30,69
1427,1,30,69
1428,1,30,69
1429,1,30,69
1430,1,30,69
1431,1,30,69
1432,1,30,69
1433,1,29,70
1434,1,28,71
1435,1,28,71
1436,1,27,72
1437,1,27,72
1438,1,27,72
1439,1,27,72
1440,1,27,72
1441,1,27,72
1442,1,26,73
1443,1,26,73
1444,1,26,73
1445,1,26,73
1446,1,26,73
1447,1,26,73
1448,1,26,73
1449,1,26,73
1450,1,26,73
1451,1,26,73
1452,1,26,73
1453,1,26,73
1454,1,26,73
1455,1,25,74
1456,1,25,74
1457,1,25,74
1458,1,25,74
1459,1,25,74
1460,1,25,74
1461,1,25,74
1462,1,25,74
1463,1,25,74
1464,1,25,74
1465,1,25,74
1466,1,25,74
1467,1,25,74
1468,1,25,74
1469,1,25,74
1470,1,25,74
1471,1,25,74
1472,1,25,74
1473,1,25,74
1474,1,25,74
1475,1,25,74
1476,1,25,74
1477,1,25,74
1478,1,25,74
1479,1,25,74
1480,1,25,74
1481,1,25,74
1482,1,25,74
1483,1,25,74
1484,1,25,74
1485,1,25,74
1486,1,25,74
1487,1,25,74
1488,1,25,74
1489,1,25,74
1490,1,25,74
1491,1,25,74
1492,1,25,74
1493,1,25,74
1494,1,25,74
1495,1,25,74
1496,1,25,74
1497,1,25,74
1498,1,25,74
1499,1,25,74
1500,1,25,74
1501,1,25,74
1502,1,25,74
1503,1,25,74
1504,1,25,74
1505,0,26,74
1506,0,26,74
1507,0,26,74
1508,0,26,74
1509,0,26,74
1510,0,25,75
1511,0,25,75
1512,0,25,75
1513,0,25,75
1514,0,25,75
1515,0,25,75
1516,0,25,75
1517,0,25,75
1518,0,25,75
1519,0,25,75
1520,0,25,75
1521,0,25,75
1522,0,25,75
1523,0,25,75
1524,0,25,75
1525,0,25,75
1526,0,25,75
1527,0,25,75
1528,0,25,75
1529,0,23,77
1530,0,23,77
1531,0,23,77
1532,0,23,77
1533,0,23,77
1534,0,23,77
1535,0,23,77
1536,0,23,77
1537,0,23,77
1538,0,23,77
1539,0,23,77
1540,0,23,77
1541,0,23,77
1542,0,23,77
1543,0,23,77
1544,0,23,77
1545,0,23,77
1546,0,23,77
1547,0,23,77
1548,0,23,77
1549,0,23,77
1550,0,23,77
1551,0,23,77
1552,0,23,77
1553,0,22,78
1554,0,22,78
1555,0,22,78
1556,0,22,78
1557,0,22,78
1558,0,22,78
1559,0,22,78
1560,0,22,78
1561,0,21,79
1562,0,21,79
1563,0,21,79
1564,0,21,79
1565,0,21,79
1566,0,21,79
1567,0,21,79
1568,0,21,79
1569,0,21,79
1570,0,21,79
1571,0,21,79
1572,0,21,79
1573,0,21,79
1574,0,21,79
1575,0,20,80
1576,0,20,80
1577,0,20,80
1578,0,20,80
1579,0,20,80
1580,0,20,80
1581,0,20,80
1582,0,20,80
1583,0,20,80
1584,0,20,80
1585,0,20,80
1586,0,20,80
1587,0,20,80
1588,0,20,80
1589,0,20,80
1590,0,20,80
1591,0,20,80
1592,0,20,80
1593,0,20,80
1594,0,20,80
1595,0,20,80
1596,0,20,80
1597,0,20,80
1598,0,20,80
1599,0,20,80
1600,0,20,80
1601,0,20,80
1602,0,20,80
1603,0,20,80
1604,0,20,80
1605,0,20,80
1606,0,20,80
1607,0,20,80
1608,0,20,80
1609,0,20,80
1610,0,20,80
1611,0,20,80
1612,0,20,80
1613,0,20,80
1614,0,20,80
1615,0,20,80
1616,0,20,80
1617,0,20,80
1618,0,20,80
1619,0,19,81
1620,0,19,81
1621,0,19,81
1622,0,19,81
1623,0,19,81
1624,0,19,81
1625,0,19,81
1626,0,19,81
1627,0,19,81
1628,0,19,81
1629,0,19,81
1630,0,18,82
1631,0,18,82
1632,0,18,82
1633,0,18,82
1634,0,18,82
1635,0,18,82
1636,0,18,82
1637,0,18,82
1638,0,18,82
1639,0,18,82
1640,0,18,82
1641,0,18,82
1642,0,18,82
1643,0,18,82
1644,0,18,82
1645,0,18,82
1646,0,18,82
1647,0,18,82
1648,0,18,82
1649,0,18,82
1650,0,18,82
1651,0,18,82
1652,0,18,82
1653,0,18,82
1654,0,18,82
1655,0,18,82
1656,0,18,82
1657,0,18,82
1658,0,18,82
1659,0,18,82
1660,0,18,82
1661,0,18,82
1662,0,18,82
1663,0,18,82
1664,0,18,82
1665,0,18,82
1666,0,18,82
1667,0,18,82
1668,0,18,82
1669,0,18,82
1670,0,18,82
1671,0,18,82
1672,0,18,82
1673,0,18,82
1674,0,18,82
1675,0,18,82
1676,0,18,82
1677,0,18,82
1678,0,17,83
1679,0,17,83
1680,0,17,83
1681,0,17,83
1682,0,17,83
1683,0,17,83
1684,0,17,83
1685,0,17,83
1686,0,17,83
1687,0,16,84
1688,0,16,84
1689,0,16,84
1690,0,16,84
1691,0,16,84
1692,0,16,84
1693,0,16,84
1694,0,15,85
1695,0,15,85
1696,0,15,85
1697,0,15,85
1698,0,15,85
1699,0,15,85
1700,0,15,85
1701,0,15,85
1702,0,15,85
1703,0,15,85
1704,0,15,85
1705,0,15,85
1706,0,15,85
1707,0,15,85
1708,0,15,85
1709,0,15,85
1710,0,14,86
1711,0,14,86
1712,0,14,86
1713,0,14,86
1714,0,14,86
1715,0,14,86
1716,0,14,86
1717,0,14,86
1718,0,14,86
1719,0,14,86
1720,0,14,86
1721,0,14,86
1722,0,14,86
1723,0,14,86
1724,0,14,86
1725,0,14,86
1726,0,14,86
1727,0,14,86
1728,0,14,86
1729,0,14,86
1730,0,14,86
1731,0,14,86
1732,0,14,86
1733,0,14,86
1734,0,14,86
1735,0,14,86
1736,0,14,86
1737,0,14,86
1738,0,14,86
1739,0,14,86
1740,0,14,86
1741,0,14,86
1742,0,14,86
1743,0,14,86
1744,0,14,86
1745,0,14,86
1746,0,14,86
1747,0,14,86
1748,0,14,86
1749,0,14,86
1750,0,14,86
1751,0,13,87
1752,0,13,87
1753,0,13,87
1754,0,13,87
1755,0,13,87
1756,0,13,87
1757,0,13,87
1758,0,13,87
1759,0,13,87
1760,0,13,87
1761,0,13,87
1762,0,13,87
1763,0,13,87
1764,0,13,87
1765,0,13,87
1766,0,13,87
1767,0,13,87
1768,0,13,87
1769,0,13,87
1770,0,13,87
1771,0,13,87
1772,0,13,87
1773,0,13,87
1774,0,13,87
1775,0,13,87
1776,0,13,87
1777,0,13,87
1778,0,13,87
1779,0,13,87
1780,0,13,87
1781,0,13,87
1782,0,13,87
1783,0,13,87
1784,0,13,87
1785,0,13,87
1786,0,13,87
1787,0,13,87
1788,0,13,87
1789,0,13,87
1790,0,13,87
1791,0,13,87
1792,0,13,87
1793,0,13,87
1794,0,13,87
1795,0,13,87
1796,0,13,87
1797,0,13,87
1798,0,13,87
1799,0,13,87
1800,0,13,87
1801,0,13,87
1802,0,13,87
1803,0,13,87
1804,0,13,87
1805,0,13,87
1806,0,13,87
1807,0,13,87
1808,0,13,87
1809,0,13,87
1810,0,13,87
1811,0,13,87
1812,0,13,87
1813,0,13,87
1814,0,12,88
1815,0,12,88
1816,0,12,88
1817,0,12,88
1818,0,12,88
1819,0,12,88
1820,0,12,88
1821,0,12,88
1822,0,12,88
1823,0,12,88
1824,0,12,88
1825,0,12,88
1826,0,12,88
1827,0,12,88
1828,0,12,88
1829,0,12,88
1830,0,12,88
1831,0,12,88
1832,0,12,88
1833,0,12,88
1834,0,12,88
1835,0,12,88
1836,0,12,88
1837,0,12,88
1838,0,12,88
1839,0,12,88
1840,0,12,88
1841,0,12,88
1842,0,12,88
1843,0,12,88
1844,0,12,88
1845,0,12,88
1846,0,12,88
1847,0,12,88
1848,0,12,88
1849,0,12,88
1850,0,12,88
1851,0,12,88
1852,0,12,88
1853,0,12,88
1854,0,12,88
1855,0,12,88
1856,0,12,88
1857,0,12,88
1858,0,12,88
1859,0,12,88
1860,0,12,88
1861,0,12,88
1862,0,12,88
1863,0,12,88
1864,0,12,88
1865,0,12,88
1866,0,12,88
1867,0,12,88
1868,0,12,88
1869,0,12,88
1870,0,12,88
1871,0,12,88
1872,0,12,88
1873,0,12,88
1874,0,12,88
1875,0,12,88
1876,0,12,88
1877,0,12,88
1878,0,12,88
1879,0,12,88
1880,0,12,88
1881,0,12,88
1882,0,12,88
1883,0,12,88
1884,0,12,88
1885,0,12,88
1886,0,12,88
1887,0,12,88
1888,0,12,88
1889,0,12,88
1890,0,12,88
1891,0,12,88
1892,0,12,88
1893,0,12,88
1894,0,12,88
1895,0,12,88
1896,0,12,88
1897,0,12,88
1898,0,12,88
1899,0,12,88
1900,0,12,88
1901,0,12,88
1902,0,12,88
1903,0,12,88
1904,0,12,88
1905,0,12,88
1906,0,12,88
1907,0,12,88
1908,0,12,88
1909,0,12,88
1910,0,12,88
1911,0,12,88
1912,0,12,88
1913,0,12,88
1914,0,12,88
1915,0,12,88
1916,0,11,89
1917,0,11,89
1918,0,11,89
1919,0,11,89
1920,0,11,89
1921,0,11,89
1922,0,11,89
1923,0,11,89
1924,0,11,89
1925,0,11,89
1926,0,11,89
1927,0,11,89
1928,0,11,89
1929,0,11,89
1930,0,11,89
1931,0,11,89
1932,0,11,89
1933,0,11,89
1934,0,10,90
1935,0,10,90
1936,0,10,90
1937,0,10,90
1938,0,10,90
1939,0,10,90
1940,0,10,90
1941,0,10,90
1942,0,10,90
1943,0,10,90
1944,0,10,90
1945,0,10,90
1946,0,10,90
1947,0,10,90
1948,0,10,90
1949,0,10,90
1950,0,10,90
1951,0,10,90
1952,0,10,90
1953,0,10,90
1954,0,10,90
1955,0,10,90
1956,0,10,90
1957,0,10,90
1958,0,10,90
1959,0,10,90
1960,0,10,90
1961,0,10,90
1962,0,10,90
1963,0,10,90
1964,0,10,90
1965,0,10,90
1966,0,10,90
1967,0,10,90
1968,0,10,90
1969,0,10,90
1970,0,10,90
1971,0,10,90
1972,0,10,90
1973,0,10,90
1974,0,10,90
1975,0,10,90
1976,0,10,90
1977,0,10,90
1978,0,10,90
1979,0,10,90
1980,0,10,90
1981,0,10,90
1982,0,10,90
1983,0,10,90
1984,0,10,90
1985,0,10,90
1986,0,10,90
1987,0,10,90
1988,0,10,90
1989,0,10,90
1990,0,10,90
1991,0,10,90
1992,0,10,90
1993,0,10,90
1994,0,10,90
1995,0,10,90
1996,0,10,90
1997,0,10,90
1998,0,10,90
1999,0,10,90
2000,0,10,90
2001,0,10,90
2002,0,10,90
2003,0,10,90
2004,0,10,90
2005,0,10,90
2006,0,10,90
2007,0,10,90
2008,0,10,90
2009,0,10,90
2010,0,10,90
2011,0,10,90
2012,0,10,90
2013,0,10,90
2014,0,10,90
2015,0,10,90
2016,0,10,90
2017,0,10,90
2018,0,10,90
2019,0,10,90
2020,0,10,90
2021,0,10,90
2022,0,10,90
2023,0,10,90
2024,0,10,90
2025,0,10,90
2026,0,10,90
2027,0,10,90
2028,0,10,90
2029,0,10,90
2030,0,10,90
2031,0,10,90
2032,0,10,90
2033,0,10,90
2034,0,10,90
2035,0,10,90
2036,0,10,90
2037,0,10,90
2038,0,10,90
2039,0,10,90
2040,0,10,90
2041,0,10,90
2042,0,10,90
2043,0,10,90
2044,0,10,90
2045,0,10,90
2046,0,10,90
2047,0,10,90
2048,0,10,90
2049,0,10,90
2050,0,10,90
2051,0,10,90
2052,0,10,90
2053,0,10,90
2054,0,10,90
2055,0,10,90
2056,0,10,90
2057,0,10,90
2058,0,10,90
2059,0,10,90
2060,0,10,90
2061,0,10,90
2062,0,10,90
2063,0,10,90
2064,0,10,90
2065,0,10,90
2066,0,10,90
2067,0,10,90
2068,0,10,90
2069,0,10,90
2070,0,10,90
2071,0,10,90
2072,0,10,90
2073,0,10,90
2074,0,10,90
2075,0,10,90
2076,0,10,90
2077,0,10,90
2078,0,10,90
2079,0,10,90
2080,0,10,90
2081,0,10,90
2082,0,10,90
2083,0,10,90
2084,0,10,90
2085,0,10,90
2086,0,10,90
2087,0,9,91
2088,0,9,91
2089,0,9,91
2090,0,9,91
2091,0,9,91
2092,0,9,91
2093,0,9,91
2094,0,9,91
2095,0,9,91
2096,0,9,91
2097,0,9,91
2098,0,9,91
2099,0,9,91
2100,0,9,91
2101,0,9,91
2102,0,9,91
2103,0,9,91
2104,0,9,91
2105,0,9,91
2106,0,9,91
2107,0,9,91
2108,0,9,91
2109,0,9,91
2110,0,9,91
2111,0,9,91
2112,0,9,91
2113,0,9,91
2114,0,9,91
2115,0,9,91
2116,0,9,91
2117,0,9,91
2118,0,9,91
2119,0,9,91
2120,0,9,91
2121,0,9,91
2122,0,9,91
2123,0,9,91
2124,0,9,91
2125,0,9,91
2126,0,9,91
2127,0,9,91
2128,0,9,91
2129,0,9,91
2130,0,9,91
2131,0,9,91
2132,0,9,91
2133,0,9,91
2134,0,9,91
2135,0,9,91
2136,0,9,91
2137,0,9,91
2138,0,9,91
2139,0,9,91
2140,0,9,91
2141,0,9,91
2142,0,9,91
2143,0,9,91
2144,0,9,91
2145,0,9,91
2146,0,9,91
2147,0,9,91
2148,0,9,91
2149,0,9,91
2150,0,9,91
2151,0,9,91
2152,0,9,91
2153,0,9,91
2154,0,9,91
2155,0,9,91
2156,0,9,91
2157,0,9,91
2158,0,8,92
2159,0,8,92
2160,0,8,92
2161,0,8,92
2162,0,8,92
2163,0,8,92
2164,0,8,92
2165,0,8,92
2166,0,8,92
2167,0,8,92
2168,0,8,92
2169,0,8,92
2170,0,8,92
2171,0,8,92
2172,0,8,92
2173,0,8,92
2174,0,8,92
2175,0,8,92
2176,0,8,92
2177,0,8,92
2178,0,8,92
2179,0,8,92
2180,0,8,92
2181,0,8,92
2182,0,8,92
2183,0,8,92
2184,0,8,92
2185,0,8,92
2186,0,8,92
2187,0,8,92
2188,0,8,92
2189,0,8,92
2190,0,8,92
2191,0,8,92
2192,0,8,92
2193,0,8,92
2194,0,8,92
2195,0,8,92
2196,0,8,92
2197,0,8,92
2198,0,8,92
2199,0,8,92
2200,0,8,92
2201,0,8,92
2202,0,8,92
2203,0,8,92
2204,0,8,92
2205,0,8,92
2206,0,8,92
2207,0,8,92
2208,0,8,92
2209,0,8,92
2210,0,8,92
2211,0,8,92
2212,0,8,92
2213,0,7,93
2214,0,7,93
2215,0,7,93
2216,0,7,93
2217,0,7,93
2218,0,7,93
2219,0,7,93
2220,0,7,93
2221,0,7,93
2222,0,7,93
2223,0,7,93
2224,0,7,93
2225,0,7,93
2226,0,7,93
2227,0,7,93
2228,0,7,93
2229,0,7,93
2230,0,7,93
2231,0,7,93
2232,0,7,93
2233,0,7,93
2234,0,7,93
2235,0,7,93
2236,0,7,93
2237,0,7,93
2238,0,7,93
2239,0,7,93
2240,0,7,93
2241,0,7,93
2242,0,7,93
2243,0,7,93
2244,0,7,93
2245,0,7,93
2246,0,7,93
2247,0,7,93
2248,0,7,93
2249,0,7,93
2250,0,7,93
2251,0,7,93
2252,0,7,93
2253,0,7,93
2254,0,7,93
2255,0,7,93
2256,0,7,93
2257,0,7,93
2258,0,7,93
2259,0,7,93
2260,0,7,93
2261,0,7,93
2262,0,7,93
2263,0,7,93
2264,0,7,93
2265,0,7,93
2266,0,7,93
2267,0,6,94
2268,0,6,94
2269,0,6,94
2270,0,6,94
2271,0,6,94
2272,0,6,94
2273,0,6,94
2274,0,6,94
2275,0,6,94
2276,0,6,94
2277,0,6,94
2278,0,6,94
2279,0,6,94
2280,0,6,94
2281,0,6,94
2282,0,6,94
2283,0,6,94
2284,0,6,94
2285,0,6,94
2286,0,6,94
2287,0,6,94
2288,0,6,94
2289,0,6,94
2290,0,6,94
2291,0,6,94
2292,0,6,94
2293,0,6,94
2294,0,6,94
2295,0,6,94
2296,0,6,94
2297,0,6,94
2298,0,6,94
2299,0,6,94
2300,0,6,94
2301,0,6,94
2302,0,6,94
2303,0,6,94
2304,0,6,94
2305,0,6,94
2306,0,6,94
2307,0,6,94
2308,0,6,94
2309,0,6,94
2310,0,6,94
2311,0,6,94
2312,0,6,94
2313,0,6,94
2314,0,6,94
2315,0,6,94
2316,0,6,94
2317,0,6,94
2318,0,6,94
2319,0,6,94
2320,0,6,94
2321,0,6,94
2322,0,6,94
2323,0,6,94
2324,0,6,94
2325,0,6,94
2326,0,6,94
2327,0,6,94
2328,0,6,94
2329,0,6,94
2330,0,6,94
2331,0,6,94
2332,0,6,94
2333,0,6,94
2334,0,6,94
2335,0,6,94
2336,0,6,94
2337,0,6,94
2338,0,6,94
2339,0,6,94
2340,0,6,94
2341,0,6,94
2342,0,6,94
2343,0,6,94
2344,0,6,94
2345,0,6,94
2346,0,6,94
2347,0,6,94
2348,0,6,94
2349,0,6,94
2350,0,6,94
2351,0,6,94
2352,0,6,94
2353,0,6,94
2354,0,6,94
2355,0,6,94
2356,0,6,94
2357,0,6,94
2358,0,6,94
2359,0,6,94
2360,0,6,94
2361,0,6,94
2362,0,6,94
2363,0,6,94
2364,0,6,94
2365,0,6,94
2366,0,6,94
2367,0,6,94
2368,0,6,94
2369,0,6,94
2370,0,6,94
2371,0,6,94
2372,0,6,94
2373,0,6,94
2374,0,6,94
2375,0,6,94
2376,0,6,94
2377,0,6,94
2378,0,6,94
2379,0,6,94
2380,0,6,94
2381,0,6,94
2382,0,6,94
2383,0,6,94
2384,0,6,94
2385,0,6,94
2386,0,6,94
2387,0,6,94
2388,0,6,94
2389,0,6,94
2390,0,6,94
2391,0,6,94
2392,0,6,94
2393,0,6,94
2394,0,6,94
2395,0,6,94
2396,0,6,94
2397,0,6,94
2398,0,6,94
2399,0,6,94
2400,0,6,94
2401,0,6,94
2402,0,6,94
2403,0,6,94
2404,0,6,94
2405,0,6,94
2406,0,6,94
2407,0,6,94
2408,0,6,94
2409,0,6,94
2410,0,6,94
2411,0,6,94
2412,0,6,94
2413,0,6,94
2414,0,6,94
2415,0,6,94
2416,0,6,94
2417,0,6,94
2418,0,6,94
2419,0,6,94
2420,0,6,94
2421,0,6,94
2422,0,6,94
2423,0,6,94
2424,0,6,94
2425,0,6,94
2426,0,6,94
2427,0,6,94
2428,0,6,94
2429,0,6,94
2430,0,6,94
2431,0,6,94
2432,0,6,94
2433,0,6,94
2434,0,6,94
2435,0,6,94
2436,0,6,94
2437,0,6,94
2438,0,6,94
2439,0,6,94
2440,0,6,94
2441,0,6,94
2442,0,6,94
2443,0,6,94
2444,0,6,94
2445,0,6,94
2446,0,6,94
2447,0,6,94
2448,0,6,94
2449,0,6,94
2450,0,6,94
2451,0,6,94
2452,0,6,94
2453,0,6,94
2454,0,6,94
2455,0,6,94
2456,0,6,94
2457,0,6,94
2458,0,6,94
2459,0,6,94
2460,0,6,94
2461,0,6,94
2462,0,6,94
2463,0,6,94
2464,0,6,94
2465,0,6,94
2466,0,6,94
2467,0,6,94
2468,0,6,94
2469,0,6,94
2470,0,6,94
2471,0,6,94
2472,0,6,94
2473,0,6,94
2474,0,6,94
2475,0,6,94
2476,0,6,94
2477,0,6,94
2478,0,6,94
2479,0,6,94
2480,0,6,94
2481,0,6,94
2482,0,6,94
2483,0,6,94
2484,0,6,94
2485,0,6,94
2486,0,6,94
2487,0,6,94
2488,0,6,94
2489,0,6,94
2490,0,6,94
2491,0,6,94
2492,0,6,94
2493,0,6,94
2494,0,6,94
2495,0,6,94
2496,0,6,94
2497,0,6,94
2498,0,6,94
2499,0,6,94
2500,0,6,94
2501,0,6,94
2502,0,6,94
2503,0,6,94
2504,0,6,94
2505,0,6,94
2506,0,6,94
2507,0,6,94
2508,0,6,94
2509,0,6,94
2510,0,6,94
2511,0,6,94
2512,0,6,94
2513,0,6,94
2514,0,6,94
2515,0,6,94
2516,0,6,94
2517,0,6,94
2518,0,6,94
2519,0,6,94
2520,0,6,94
2521,0,6,94
2522,0,6,94
2523,0,6,94
2524,0,6,94
2525,0,6,94
2526,0,6,94
2527,0,6,94
2528,0,6,94
2529,0,6,94
2530,0,6,94
2531,0,6,94
2532,0,6,94
2533,0,6,94
2534,0,6,94
2535,0,6,94
2536,0,6,94
2537,0,6,94
2538,0,6,94
2539,0,6,94
2540,0,6,94
2541,0,6,94
2542,0,6,94
2543,0,6,94
2544,0,6,94
2545,0,6,94
2546,0,6,94
2547,0,6,94
2548,0,6,94
2549,0,6,94
2550,0,6,94
2551,0,6,94
2552,0,6,94
2553,0,6,94
2554,0,6,94
2555,0,6,94
2556,0,6,94
2557,0,6,94
2558,0,6,94
2559,0,6,94
2560,0,6,94
2561,0,6,94
2562,0,6,94
2563,0,6,94
2564,0,6,94
2565,0,6,94
2566,0,6,94
2567,0,6,94
2568,0,6,94
2569,0,6,94
2570,0,6,94
2571,0,6,94
2572,0,6,94
2573,0,6,94
2574,0,6,94
2575,0,6,94
2576,0,6,94
2577,0,6,94
2578,0,6,94
2579,0,6,94
2580,0,6,94
2581,0,6,94
2582,0,6,94
2583,0,6,94
2584,0,6,94
2585,0,6,94
2586,0,6,94
2587,0,6,94
2588,0,6,94
2589,0,6,94
2590,0,6,94
2591,0,6,94
2592,0,6,94
2593,0,6,94
2594,0,6,94
2595,0,6,94
2596,0,6,94
2597,0,6,94
2598,0,6,94
2599,0,6,94
2600,0,6,94
2601,0,6,94
2602,0,6,94
2603,0,6,94
2604,0,6,94
2605,0,6,94
2606,0,6,94
2607,0,6,94
2608,0,5,95
2609,0,5,95
2610,0,5,95
2611,0,5,95
2612,0,5,95
2613,0,5,95
2614,0,5,95
2615,0,5,95
2616,0,5,95
2617,0,5,95
2618,0,5,95
2619,0,5,95
2620,0,5,95
2621,0,5,95
2622,0,5,95
2623,0,5,95
2624,0,5,95
2625,0,5,95
2626,0,5,95
2627,0,5,95
2628,0,5,95
2629,0,5,95
2630,0,5,95
2631,0,5,95
2632,0,5,95
2633,0,5,95
2634,0,5,95
2635,0,5,95
2636,0,5,95
2637,0,5,95
2638,0,5,95
2639,0,5,95
2640,0,5,95
2641,0,5,95
2642,0,5,95
2643,0,5,95
2644,0,5,95
2645,0,5,95
2646,0,5,95
2647,0,5,95
2648,0,5,95
2649,0,5,95
2650,0,5,95
2651,0,5,95
2652,0,5,95
2653,0,5,95
2654,0,5,95
2655,0,5,95
2656,0,5,95
2657,0,5,95
2658,0,5,95
2659,0,5,95
2660,0,5,95
2661,0,5,95
2662,0,5,95
2663,0,5,95
2664,0,5,95
2665,0,5,95
2666,0,5,95
2667,0,5,95
2668,0,5,95
2669,0,5,95
2670,0,5,95
2671,0,5,95
2672,0,5,95
2673,0,5,95
2674,0,5,95
2675,0,5,95
2676,0,5,95
2677,0,5,95
2678,0,5,95
2679,0,5,95
2680,0,5,95
2681,0,5,95
2682,0,5,95
2683,0,5,95
2684,0,5,95
2685,0,5,95
2686,0,5,95
2687,0,5,95
2688,0,5,95
2689,0,5,95
2690,0,5,95
2691,0,5,95
2692,0,5,95
2693,0,5,95
2694,0,5,95
2695,0,5,95
2696,0,5,95
2697,0,5,95
2698,0,5,95
2699,0,5,95
2700,0,5,95
2701,0,5,95
2702,0,5,95
2703,0,5,95
2704,0,5,95
2705,0,5,95
2706,0,5,95
2707,0,5,95
2708,0,5,95
2709,0,5,95
2710,0,5,95
2711,0,5,95
2712,0,5,95
2713,0,5,95
2714,0,5,95
2715,0,5,95
2716,0,5,95
2717,0,5,95
2718,0,5,95
2719,0,5,95
2720,0,5,95
2721,0,5,95
2722,0,5,95
2723,0,5,95
2724,0,5,95
2725,0,5,95
2726,0,5,95
2727,0,5,95
2728,0,5,95
2729,0,5,95
2730,0,5,95
2731,0,5,95
2732,0,5,95
2733,0,5,95
2734,0,5,95
2735,0,5,95
2736,0,5,95
2737,0,5,95
2738,0,5,95
2739,0,5,95
2740,0,5,95
2741,0,5,95
2742,0,5,95
2743,0,5,95
2744,0,5,95
2745,0,5,95
2746,0,5,95
2747,0,5,95
2748,0,5,95
2749,0,5,95
2750,0,5,95
2751,0,5,95
2752,0,5,95
2753,0,5,95
2754,0,5,95
2755,0,5,95
2756,0,5,95
2757,0,5,95
2758,0,5,95
2759,0,5,95
2760,0,5,95
2761,0,5,95
2762,0,5,95
2763,0,5,95
2764,0,5,95
2765,0,5,95
2766,0,5,95
2767,0,5,95
2768,0,5,95
2769,0,5,95
2770,0,5,95
2771,0,5,95
2772,0,5,95
2773,0,5,95
2774,0,5,95
2775,0,5,95
2776,0,5,95
2777,0,5,95
2778,0,5,95
2779,0,5,95
2780,0,5,95
2781,0,5,95
2782,0,5,95
2783,0,5,95
2784,0,5,95
2785,0,5,95
2786,0,5,95
2787,0,5,95
2788,0,5,95
2789,0,5,95
2790,0,5,95
2791,0,5,95
2792,0,5,95
2793,0,5,95
2794,0,5,95
2795,0,5,95
2796,0,5,95
2797,0,5,95
2798,0,5,95
2799,0,5,95
2800,0,5,95
2801,0,5,95
2802,0,5,95
2803,0,5,95
2804,0,5,95
2805,0,5,95
2806,0,5,95
2807,0,5,95
2808,0,5,95
2809,0,5,95
2810,0,5,95
2811,0,5,95
2812,0,5,95
2813,0,5,95
2814,0,5,95
2815,0,5,95
2816,0,5,95
2817,0,5,95
2818,0,5,95
2819,0,5,95
2820,0,5,95
2821,0,5,95
2822,0,5,95
2823,0,5,95
2824,0,5,95
2825,0,5,95
2826,0,5,95
2827,0,5,95
2828,0,5,95
2829,0,5,95
2830,0,5,95
2831,0,5,95
2832,0,5,95
2833,0,5,95
2834,0,5,95
2835,0,5,95
2836,0,5,95
2837,0,5,95
2838,0,5,95
2839,0,5,95
2840,0,5,95
2841,0,5,95
2842,0,5,95
2843,0,5,95
2844,0,5,95
2845,0,5,95
2846,0,5,95
2847,0,5,95
2848,0,5,95
2849,0,5,95
2850,0,5,95
2851,0,5,95
2852,0,5,95
2853,0,5,95
2854,0,5,95
2855,0,5,95
2856,0,5,95
2857,0,5,95
2858,0,5,95
2859,0,5,95
2860,0,5,95
2861,0,5,95
2862,0,5,95
2863,0,5,95
2864,0,5,95
2865,0,5,95
2866,0,5,95
2867,0,5,95
2868,0,5,95
2869,0,4,96
2870,0,4,96
2871,0,4,96
2872,0,4,96
2873,0,4,96
2874,0,4,96
2875,0,4,96
2876,0,4,96
2877,0,4,96
2878,0,4,96
2879,0,4,96
2880,0,4,96
2881,0,4,96
2882,0,4,96
2883,0,4,96
2884,0,4,96
2885,0,4,96
2886,0,4,96
2887,0,4,96
2888,0,4,96
2889,0,4,96
2890,0,4,96
2891,0,4,96
2892,0,4,96
2893,0,4,96
2894,0,4,96
2895,0,4,96
2896,0,4,96
2897,0,4,96
2898,0,4,96
2899,0,4,96
2900,0,4,96
2901,0,4,96
2902,0,4,96
2903,0,4,96
2904,0,4,96
2905,0,4,96
2906,0,4,96
2907,0,4,96
2908,0,4,96
2909,0,4,96
2910,0,4,96
2911,0,4,96
2912,0,4,96
2913,0,4,96
2914,0,4,96
2915,0,4,96
2916,0,4,96
2917,0,4,96
2918,0,4,96
2919,0,4,96
2920,0,4,96
2921,0,4,96
2922,0,4,96
2923,0,4,96
2924,0,4,96
2925,0,4,96
2926,0,4,96
2927,0,4,96
2928,0,4,96
2929,0,4,96
2930,0,4,96
2931,0,4,96
2932,0,4,96
2933,0,4,96
2934,0,4,96
2935,0,4,96
2936,0,4,96
2937,0,4,96
2938,0,4,96
2939,0,4,96
2940,0,4,96
2941,0,4,96
2942,0,4,96
2943,0,4,96
2944,0,4,96
2945,0,4,96
2946,0,4,96
2947,0,4,96
2948,0,4,96
2949,0,4,96
2950,0,4,96
2951,0,4,96
2952,0,4,96
2953,0,4,96
2954,0,4,96
2955,0,4,96
2956,0,4,96
2957,0,4,96
2958,0,4,96
2959,0,4,96
2960,0,4,96
2961,0,4,96
2962,0,4,96
2963,0,4,96
2964,0,4,96
2965,0,4,96
2966,0,4,96
2967,0,4,96
2968,0,4,96
2969,0,4,96
2970,0,4,96
2971,0,4,96
2972,0,4,96
2973,0,4,96
2974,0,4,96
2975,0,4,96
2976,0,4,96
2977,0,4,96
2978,0,4,96
2979,0,4,96
2980,0,4,96
2981,0,4,96
2982,0,4,96
2983,0,4,96
2984,0,4,96
2985,0,4,96
2986,0,4,96
2987,0,4,96
2988,0,4,96
2989,0,4,96
2990,0,4,96
2991,0,4,96
2992,0,4,96
2993,0,4,96
2994,0,4,96
2995,0,4,96
2996,0,4,96
2997,0,4,96
2998,0,4,96
2999,0,4,96
3000,0,4,96
