Time,Healthy,Undetectable,Detectable
0,97,3,0
1,97,3,0
2,97,3,0
3,97,3,0
4,97,3,0
5,97,3,0
6,97,3,0
7,97,3,0
8,97,3,0
9,97,3,0
10,97,3,0
11,97,3,0
12,97,3,0
13,97,3,0
14,97,3,0
15,97,3,0
16,97,3,0
17,97,3,0
18,97,3,0
19,97,3,0
20,97,3,0
21,97,3,0
22,97,3,0
23,97,3,0
24,97,3,0
25,97,3,0
26,97,3,0
27,97,3,0
28,97,3,0
29,97,3,0
30,97,3,0
31,97,3,0
32,97,3,0
33,97,2,1
34,97,2,1
35,97,2,1
36,97,2,1
37,97,2,1
38,97,2,1
39,97,2,1
40,97,2,1
41,97,2,1
42,97,2,1
43,97,2,1
44,97,2,1
45,97,2,1
46,97,2,1
47,97,2,1
48,97,2,1
49,97,2,1
50,97,2,1
51,97,2,1
52,97,2,1
53,97,2,1
54,97,2,1
55,97,2,1
56,97,2,1
57,97,2,1
58,97,2,1
59,97,2,1
60,97,2,1
61,97,2,1
62,97,2,1
63,97,2,1
64,97,2,1
65,97,2,1
66,97,2,1
67,97,2,1
68,97,2,1
69,97,2,1
70,97,2,1
71,97,2,1
72,97,2,1
73,97,2,1
74,97,2,1
75,97,2,1
76,97,2,1
77,97,2,1
78,97,2,1
79,97,2,1
80,97,2,1
81,97,2,1
82,97,2,1
83,97,2,1
84,97,2,1
85,97,2,1
86,97,2,1
87,97,2,1
88,97,2,1
89,97,2,1
90,97,2,1
91,97,2,1
92,97,2,1
93,97,2,1
94,97,2,1
95,97,2,1
96,97,2,1
97,97,2,1
98,97,2,1
99,97,2,1
100,97,2,1
101,97,2,1
102,97,2,1
103,97,2,1
104,97,2,1
105,97,2,1
106,97,2,1
107,97,2,1
108,97,2,1
109,97,2,1
110,97,2,1
111,97,2,1
112,97,2,1
113,97,2,1
114,97,2,1
115,97,2,1
116,97,2,1
117,97,2,1
118,97,2,1
119,97,2,1
120,97,2,1
121,97,2,1
122,97,2,1
123,97,2,1
124,97,2,1
125,97,2,1
126,97,2,1
127,97,2,1
128,97,2,1
129,97,2,1
130,97,2,1
131,97,2,1
132,97,2,1
133,97,2,1
134,97,2,1
135,97,2,1
136,97,2,1
137,97,2,1
138,97,2,1
139,97,2,1
140,97,2,1
141,97,2,1
142,97,2,1
143,97,2,1
144,97,2,1
145,97,2,1
146,97,2,1
147,97,2,1
148,97,2,1
149,97,2,1
150,97,2,1
151,97,2,1
152,97,2,1
153,97,2,1
154,97,2,1
155,97,2,1
156,97,2,1
157,97,2,1
158,97,2,1
159,97,2,1
160,97,2,1
161,97,2,1
162,97,2,1
163,97,2,1
164,97,2,1
165,97,2,1
166,97,2,1
167,97,2,1
168,97,2,1
169,97,2,1
170,97,2,1
171,97,2,1
172,97,2,1
173,97,2,1
174,97,2,1
175,97,2,1
176,97,2,1
177,97,2,1
178,97,2,1
179,97,2,1
180,97,2,1
181,97,2,1
182,97,2,1
183,97,2,1
184,97,2,1
185,97,2,1
186,97,2,1
187,97,2,1
188,97,2,1
189,97,2,1
190,97,2,1
191,97,2,1
192,97,2,1
193,97,2,1
194,97,2,1
195,97,2,1
196,97,2,1
197,97,2,1
198,97,2,1
199,97,2,1
200,97,2,1
201,97,2,1
202,97,2,1
203,97,2,1
204,97,2,1
205,97,2,1
206,97,2,1
207,97,2,1
208,97,2,1
209,97,2,1
210,97,2,1
211,97,2,1
212,97,2,1
213,97,2,1
214,97,2,1
215,97,2,1
216,97,2,1
217,97,2,1
218,97,2,1
219,97,2,1
220,97,2,1
221,97,2,1
222,97,2,1
223,97,2,1
224,97,2,1
225,97,2,1
226,97,2,1
227,97,2,1
228,97,2,1
229,97,2,1
230,97,2,1
231,97,2,1
232,97,2,1
233,97,2,1
234,97,2,1
235,97,2,1
236,97,2,1
237,97,2,1
238,97,2,1
239,97,2,1
240,97,2,1
241,97,2,1
242,97,2,1
243,97,2,1
244,97,2,1
245,97,2,1
246,97,2,1
247,97,2,1
248,97,2,1
249,97,2,1
250,97,2,1
251,97,2,1
252,97,2,1
253,97,2,1
254,97,2,1
255,97,2,1
256,97,2,1
257,97,2,1
258,97,2,1
259,97,2,1
260,97,2,1
261,97,2,1
262,97,2,1
263,97,2,1
264,97,2,1
265,97,2,1
266,97,2,1
267,97,2,1
268,97,2,1
269,97,2,1
270,97,2,1
271,97,2,1
272,97,2,1
273,97,2,1
274,97,2,1
275,97,2,1
276,97,2,1
277,97,2,1
278,97,2,1
279,97,2,1
280,97,2,1
281,97,2,1
282,97,2,1
283,97,2,1
284,97,2,1
285,97,2,1
286,97,2,1
287,97,2,1
288,97,2,1
289,97,2,1
290,97,2,1
291,97,2,1
292,97,2,1
293,97,2,1
294,97,2,1
295,97,2,1
296,97,2,1
297,97,2,1
298,97,2,1
299,97,2,1
300,97,2,1
301,97,2,1
302,97,2,1
303,97,2,1
304,97,2,1
305,97,2,1
306,97,2,1
307,97,2,1
308,97,2,1
309,97,2,1
310,97,2,1
311,97,2,1
312,97,2,1
313,97,2,1
314,97,2,1
315,97,2,1
316,97,2,1
317,97,2,1
318,97,2,1
319,97,2,1
320,97,2,1
321,97,1,2
322,97,1,2
323,97,1,2
324,97,1,2
325,97,1,2
326,97,1,2
327,97,1,2
328,97,1,2
329,97,1,2
330,97,1,2
331,97,1,2
332,97,1,2
333,97,1,2
334,97,1,2
335,97,1,2
336,97,1,2
337,97,1,2
338,97,1,2
339,97,1,2
340,97,1,2
341,97,1,2
342,97,1,2
343,97,1,2
344,97,1,2
345,97,1,2
346,97,1,2
347,97,1,2
348,97,1,2
349,97,1,2
350,97,1,2
351,97,1,2
352,97,1,2
353,97,1,2
354,97,1,2
355,97,1,2
356,97,1,2
357,97,1,2
358,97,1,2
359,97,1,2
360,97,1,2
361,97,1,2
362,97,1,2
363,97,1,2
364,97,1,2
365,97,1,2
366,97,1,2
367,97,1,2
368,97,1,2
369,97,1,2
370,97,1,2
371,97,1,2
372,97,1,2
373,97,1,2
374,97,1,2
375,97,1,2
376,97,1,2
377,97,1,2
378,97,1,2
379,97,1,2
380,97,1,2
381,97,1,2
382,97,1,2
383,97,1,2
384,97,1,2
385,97,1,2
386,97,1,2
387,97,1,2
388,97,1,2
389,97,1,2
390,97,1,2
391,97,1,2
392,97,1,2
393,97,1,2
394,97,1,2
395,97,1,2
396,97,1,2
397,97,1,2
398,97,1,2
399,97,1,2
400,97,1,2
401,97,1,2
402,97,1,2
403,97,1,2
404,97,1,2
405,97,1,2
406,97,1,2
407,97,1,2
408,97,1,2
409,97,1,2
410,97,1,2
411,97,1,2
412,97,1,2
413,97,1,2
414,97,1,2
415,97,1,2
416,97,1,2
417,97,1,2
418,97,1,2
419,97,1,2
420,97,1,2
421,97,1,2
422,97,1,2
423,97,1,2
424,97,1,2
425,97,1,2
426,97,1,2
427,97,1,2
428,97,1,2
429,97,1,2
430,97,1,2
431,97,1,2
432,97,1,2
433,97,1,2
434,97,1,2
435,97,1,2
436,97,1,2
437,97,1,2
438,97,1,2
439,97,1,2
440,97,1,2
441,96,2,2
442,96,2,2
443,96,2,2
444,96,2,2
445,96,2,2
446,96,2,2
447,96,2,2
448,96,2,2
449,96,2,2
450,96,2,2
451,96,2,2
452,96,2,2
453,96,2,2
454,96,2,2
455,96,2,2
456,96,2,2
457,96,2,2
458,96,2,2
459,96,2,2
460,96,2,2
461,96,2,2
462,96,2,2
463,96,2,2
464,96,2,2
465,96,2,2
466,96,2,2
467,96,2,2
468,96,2,2
469,96,2,2
470,96,2,2
471,96,2,2
472,96,2,2
473,96,2,2
474,96,2,2
475,96,2,2
476,95,3,2
477,95,3,2
478,95,3,2
479,95,3,2
480,95,3,2
481,95,3,2
482,95,3,2
483,95,3,2
484,95,3,2
485,95,3,2
486,95,3,2
487,95,3,2
488,95,3,2
489,95,3,2
490,95,3,2
491,95,3,2
492,94,4,2
493,94,4,2
494,94,4,2
495,94,4,2
496,94,4,2
497,94,4,2
498,94,4,2
499,94,4,2
500,94,4,2
501,94,3,3
502,94,3,3
503,94,3,3
504,94,3,3
505,94,3,3
506,94,3,3
507,94,3,3
508,93,4,3
509,93,4,3
510,93,4,3
511,93,4,3
512,93,4,3
513,93,4,3
514,93,4,3
515,93,4,3
516,93,4,3
517,93,4,3
518,93,4,3
519,93,4,3
520,93,4,3
521,93,4,3
522,93,4,3
523,93,4,3
524,93,4,3
525,93,4,3
526,91,6,3
527,91,6,3
528,91,6,3
529,91,6,3
530,91,6,3
531,91,6,3
532,91,6,3
533,91,6,3
534,91,6,3
535,91,6,3
536,91,6,3
537,91,6,3
538,91,5,4
539,90,6,4
540,90,6,4
541,89,7,4
542,89,7,4
543,89,7,4
544,89,7,4
545,89,6,5
546,89,6,5
547,89,6,5
548,89,6,5
549,89,6,5
550,89,6,5
551,89,6,5
552,89,6,5
553,89,6,5
554,89,6,5
555,89,6,5
556,89,6,5
557,89,6,5
558,89,6,5
559,89,6,5
560,89,6,5
561,89,6,5
562,89,6,5
563,89,6,5
564,89,6,5
565,88,7,5
566,88,7,5
567,88,7,5
568,88,7,5
569,88,7,5
570,88,7,5
571,88,7,5
572,88,7,5
573,88,7,5
574,88,7,5
575,88,7,5
576,88,7,5
577,88,7,5
578,88,7,5
579,88,7,5
580,88,7,5
581,88,7,5
582,88,6,6
583,88,6,6
584,88,6,6
585,88,6,6
586,88,6,6
587,88,6,6
588,88,6,6
589,88,6,6
590,88,6,6
591,88,6,6
592,88,6,6
593,88,6,6
594,88,6,6
595,88,6,6
596,88,5,7
597,88,5,7
598,88,5,7
599,88,5,7
600,88,5,7
601,88,5,7
602,88,5,7
603,88,5,7
604,88,5,7
605,88,5,7
606,88,5,7
607,88,5,7
608,88,5,7
609,88,4,8
610,88,4,8
611,88,4,8
612,88,4,8
613,87,5,8
614,87,5,8
615,87,5,8
616,87,5,8
617,87,5,8
618,86,6,8
619,86,6,8
620,86,6,8
621,86,6,8
622,86,6,8
623,86,6,8
624,86,6,8
625,86,6,8
626,86,6,8
627,86,6,8
628,86,6,8
629,86,6,8
630,86,6,8
631,86,6,8
632,86,6,8
633,85,7,8
634,85,7,8
635,85,7,8
636,85,7,8
637,85,7,8
638,85,7,8
639,85,7,8
640,85,7,8
641,85,7,8
642,85,7,8
643,84,8,8
644,84,8,8
645,84,8,8
646,84,7,9
647,84,7,9
648,84,7,9
649,84,7,9
650,84,7,9
651,84,7,9
652,84,7,9
653,84,7,9
654,84,7,9
655,84,7,9
656,84,7,9
657,84,7,9
658,84,7,9
659,84,7,9
660,84,7,9
661,84,7,9
662,84,7,9
663,84,7,9
664,84,7,9
665,83,8,9
666,83,8,9
667,83,8,9
668,83,8,9
669,83,8,9
670,83,8,9
671,83,7,10
672,83,7,10
673,83,7,10
674,83,7,10
675,83,6,11
676,83,6,11
677,83,6,11
678,83,6,11
679,83,6,11
680,83,6,11
681,83,6,11
682,83,6,11
683,82,7,11
684,82,7,11
685,82,7,11
686,81,8,11
687,81,8,11
688,81,8,11
689,81,8,11
690,81,8,11
691,81,8,11
692,81,8,11
693,81,8,11
694,81,8,11
695,81,8,11
696,81,8,11
697,81,8,11
698,81,8,11
699,81,8,11
700,81,8,11
701,81,8,11
702,81,8,11
703,81,8,11
704,81,8,11
705,81,8,11
706,81,8,11
707,81,8,11
708,80,9,11
709,80,9,11
710,80,9,11
711,80,9,11
712,79,10,11
713,79,10,11
714,79,10,11
715,79,10,11
716,79,10,11
717,79,10,11
718,79,10,11
719,79,10,11
720,79,10,11
721,79,10,11
722,79,10,11
723,79,10,11
724,78,11,11
725,78,11,11
726,78,11,11
727,78,11,11
728,78,11,11
729,78,11,11
730,78,11,11
731,78,11,11
732,77,12,11
733,77,12,11
734,77,12,11
735,76,13,11
736,76,13,11
737,75,14,11
738,75,14,11
739,74,15,11
740,74,15,11
741,74,15,11
742,74,15,11
743,74,15,11
744,74,15,11
745,73,16,11
746,73,16,11
747,73,16,11
748,73,16,11
749,73,16,11
750,73,16,11
751,72,17,11
752,71,18,11
753,71,18,11
754,71,18,11
755,71,18,11
756,71,18,11
757,71,18,11
758,71,18,11
759,71,18,11
760,71,18,11
761,71,18,11
762,71,18,11
763,71,18,11
764,71,18,11
765,71,18,11
766,71,18,11
767,71,18,11
768,71,18,11
769,71,18,11
770,71,18,11
771,71,18,11
772,71,18,11
773,71,18,11
774,71,18,11
775,71,18,11
776,70,19,11
777,70,19,11
778,70,19,11
779,69,20,11
780,69,20,11
781,68,21,11
782,68,21,11
783,68,21,11
784,68,21,11
785,68,21,11
786,68,21,11
787,68,21,11
788,68,21,11
789,68,21,11
790,68,20,12
791,68,20,12
792,68,20,12
793,68,20,12
794,68,20,12
795,68,20,12
796,68,20,12
797,68,20,12
798,68,20,12
799,68,20,12
800,68,20,12
801,68,20,12
802,68,20,12
803,68,20,12
804,68,20,12
805,68,20,12
806,68,20,12
807,68,19,13
808,68,19,13
809,68,18,14
810,68,18,14
811,68,18,14
812,68,18,14
813,67,19,14
814,67,19,14
815,67,19,14
816,67,18,15
817,67,18,15
818,67,18,15
819,67,18,15
820,67,18,15
821,67,18,15
822,67,18,15
823,67,18,15
824,67,18,15
825,67,18,15
826,67,18,15
827,67,18,15
828,67,18,15
829,67,18,15
830,67,18,15
831,67,18,15
832,67,18,15
833,67,18,15
834,67,18,15
835,67,18,15
836,67,18,15
837,67,18,15
838,67,18,15
839,67,18,15
840,67,18,15
841,67,18,15
842,67,18,15
843,67,18,15
844,67,18,15
845,67,18,15
846,66,19,15
847,66,19,15
848,66,19,15
849,66,19,15
850,66,19,15
851,66,19,15
852,65,20,15
853,65,19,16
854,65,19,16
855,65,19,16
856,65,19,16
857,64,20,16
858,64,20,16
859,64,20,16
860,64,20,16
861,64,19,17
862,64,19,17
863,64,19,17
864,64,19,17
865,64,19,17
866,64,19,17
867,64,19,17
868,64,19,17
869,64,19,17
870,62,21,17
871,61,22,17
872,61,22,17
873,61,22,17
874,60,23,17
875,60,23,17
876,59,24,17
877,59,24,17
878,58,25,17
879,58,25,17
880,58,25,17
881,57,26,17
882,56,27,17
883,55,28,17
884,55,28,17
885,55,28,17
886,55,28,17
887,55,28,17
888,55,28,17
889,55,28,17
890,55,28,17
891,55,28,17
892,55,28,17
893,55,28,17
894,55,28,17
895,54,29,17
896,54,29,17
897,54,29,17
898,54,29,17
899,54,29,17
900,54,29,17
901,54,29,17
902,53,30,17
903,53,29,18
904,53,29,18
905,53,29,18
906,53,29,18
907,53,29,18
908,53,29,18
909,52,30,18
910,52,30,18
911,52,30,18
912,52,30,18
913,52,30,18
914,52,30,18
915,51,31,18
916,50,32,18
917,50,32,18
918,50,32,18
919,50,32,18
920,50,32,18
921,50,32,18
922,50,32,18
923,50,31,19
924,50,31,19
925,49,32,19
926,49,32,19
927,49,32,19
928,49,32,19
929,49,32,19
930,49,32,19
931,49,32,19
932,49,32,19
933,49,32,19
934,49,32,19
935,49,32,19
936,47,34,19
937,47,34,19
938,47,34,19
939,47,34,19
940,47,33,20
941,47,33,20
942,47,33,20
943,47,33,20
944,47,33,20
945,47,33,20
946,47,33,20
947,46,34,20
948,46,34,20
949,46,34,20
950,45,35,20
951,45,35,20
952,44,36,20
953,44,36,20
954,44,36,20
955,43,37,20
956,43,37,20
957,43,37,20
958,43,37,20
959,43,37,20
960,43,36,21
961,43,36,21
962,43,35,22
963,43,35,22
964,43,35,22
965,43,35,22
966,43,35,22
967,43,35,22
968,43,35,22
969,43,34,23
970,42,35,23
971,42,35,23
972,42,35,23
973,42,35,23
974,42,35,23
975,42,35,23
976,42,35,23
977,42,35,23
978,42,35,23
979,42,35,23
980,42,35,23
981,42,35,23
982,42,35,23
983,42,35,23
984,42,35,23
985,42,35,23
986,42,35,23
987,42,35,23
988,42,35,23
989,42,35,23
990,42,35,23
991,42,35,23
992,42,35,23
993,42,35,23
994,42,35,23
995,42,35,23
996,41,36,23
997,41,36,23
998,41,36,23
999,41,36,23
1000,41,35,24
1001,41,35,24
1002,41,35,24
1003,41,35,24
1004,41,35,24
1005,41,35,24
1006,41,34,25
1007,41,34,25
1008,41,34,25
1009,41,34,25
1010,41,34,25
1011,41,34,25
1012,41,34,25
1013,40,35,25
1014,40,35,25
1015,40,35,25
1016,40,35,25
1017,40,35,25
1018,39,36,25
1019,38,37,25
1020,38,37,25
1021,38,37,25
1022,37,37,26
1023,37,37,26
1024,36,38,26
1025,36,38,26
1026,36,38,26
1027,36,38,26
1028,36,38,26
1029,36,38,26
1030,36,38,26
1031,36,38,26
1032,36,38,26
1033,36,38,26
1034,36,38,26
1035,36,38,26
1036,36,38,26
1037,36,38,26
1038,36,38,26
1039,36,38,26
1040,36,38,26
1041,36,38,26
1042,36,38,26
1043,36,38,26
1044,36,38,26
1045,36,38,26
1046,36,38,26
1047,36,37,27
1048,35,38,27
1049,35,38,27
1050,35,38,27
1051,35,38,27
1052,34,39,27
1053,34,39,27
1054,34,39,27
1055,34,39,27
1056,34,38,28
1057,32,40,28
1058,32,40,28
1059,32,40,28
1060,32,40,28
1061,32,40,28
1062,31,41,28
1063,30,42,28
1064,30,42,28
1065,30,41,29
1066,30,41,29
1067,30,41,29
1068,30,40,30
1069,30,40,30
1070,29,41,30
1071,29,41,30
1072,29,40,31
1073,29,39,32
1074,29,39,32
1075,29,39,32
1076,29,39,32
1077,29,39,32
1078,29,39,32
1079,29,39,32
1080,29,39,32
1081,29,39,32
1082,29,39,32
1083,29,39,32
1084,29,39,32
1085,28,40,32
1086,28,40,32
1087,27,41,32
1088,27,41,32
1089,27,41,32
1090,27,41,32
1091,27,41,32
1092,27,41,32
1093,27,41,32
1094,27,41,32
1095,27,41,32
1096,27,41,32
1097,27,40,33
1098,27,40,33
1099,27,40,33
1100,27,40,33
1101,26,41,33
1102,26,41,33
1103,26,41,33
1104,26,40,34
1105,26,40,34
1106,26,40,34
1107,26,40,34
1108,26,40,34
1109,26,40,34
1110,26,40,34
1111,26,40,34
1112,26,40,34
1113,26,40,34
1114,26,39,35
1115,26,39,35
1116,26,39,35
1117,26,39,35
1118,26,39,35
1119,26,39,35
1120,26,39,35
1121,26,39,35
1122,26,39,35
1123,25,40,35
1124,25,40,35
1125,25,40,35
1126,25,40,35
1127,25,40,35
1128,25,40,35
1129,25,39,36
1130,25,39,36
1131,25,39,36
1132,25,39,36
1133,25,39,36
1134,25,39,36
1135,25,39,36
1136,25,39,36
1137,24,40,36
1138,24,40,36
1139,24,40,36
1140,24,40,36
1141,24,40,36
1142,24,40,36
1143,23,41,36
1144,23,41,36
1145,23,40,37
1146,22,40,38
1147,22,40,38
1148,22,40,38
1149,22,40,38
1150,21,41,38
1151,21,41,38
1152,21,41,38
1153,21,41,38
1154,21,41,38
1155,21,41,38
1156,21,41,38
1157,21,41,38
1158,21,41,38
1159,21,41,38
1160,20,42,38
1161,20,42,38
1162,20,42,38
1163,20,42,38
1164,20,42,38
1165,20,42,38
1166,20,42,38
1167,20,42,38
1168,20,42,38
1169,20,42,38
1170,20,42,38
1171,20,42,38
1172,19,43,38
1173,19,43,38
1174,19,43,38
1175,19,43,38
1176,19,43,38
1177,19,43,38
1178,19,43,38
1179,19,43,38
1180,19,42,39
1181,19,42,39
1182,19,42,39
1183,19,42,39
1184,19,42,39
1185,19,42,39
1186,19,42,39
1187,19,42,39
1188,19,42,39
1189,19,42,39
1190,19,42,39
1191,19,42,39
1192,19,42,39
1193,19,42,39
1194,19,42,39
1195,19,42,39
1196,19,42,39
1197,19,42,39
1198,19,42,39
1199,19,42,39
1200,19,42,39
1201,19,42,39
1202,18,43,39
1203,18,43,39
1204,18,43,39
1205,18,43,39
1206,18,43,39
1207,18,43,39
1208,17,44,39
1209,17,44,39
1210,17,44,39
1211,17,44,39
1212,16,45,39
1213,16,45,39
1214,16,45,39
1215,16,45,39
1216,16,45,39
1217,16,45,39
1218,15,46,39
1219,15,46,39
1220,15,45,40
1221,15,45,40
1222,15,45,40
1223,15,45,40
1224,15,45,40
1225,14,46,40
1226,14,46,40
1227,14,46,40
1228,14,46,40
1229,14,46,40
1230,14,46,40
1231,14,46,40
1232,14,46,40
1233,14,46,40
1234,14,46,40
1235,14,46,40
1236,14,46,40
1237,14,46,40
1238,14,46,40
1239,13,47,40
1240,13,47,40
1241,13,47,40
1242,13,47,40
1243,12,48,40
1244,12,48,40
1245,12,48,40
1246,12,48,40
1247,12,48,40
1248,12,48,40
1249,12,48,40
1250,12,48,40
1251,12,48,40
1252,12,48,40
1253,12,48,40
1254,12,47,41
1255,12,47,41
1256,12,47,41
1257,12,47,41
1258,12,47,41
1259,12,46,42
1260,12,46,42
1261,12,46,42
1262,12,46,42
1263,12,45,43
1264,12,45,43
1265,12,45,43
1266,12,45,43
1267,11,45,44
1268,10,46,44
1269,10,45,45
1270,10,45,45
1271,10,45,45
1272,10,45,45
1273,10,45,45
1274,10,45,45
1275,10,45,45
1276,10,45,45
1277,10,45,45
1278,10,45,45
1279,10,45,45
1280,10,45,45
1281,10,45,45
1282,10,44,46
1283,10,44,46
1284,10,44,46
1285,10,44,46
1286,10,44,46
1287,10,44,46
1288,10,44,46
1289,10,44,46
1290,10,44,46
1291,10,44,46
1292,10,44,46
1293,10,44,46
1294,10,44,46
1295,10,44,46
1296,10,44,46
1297,10,44,46
1298,10,44,46
1299,10,44,46
1300,10,44,46
1301,10,44,46
1302,10,44,46
1303,10,44,46
1304,9,45,46
1305,9,45,46
1306,9,45,46
1307,9,45,46
1308,9,45,46
1309,9,45,46
1310,9,45,46
1311,9,45,46
1312,9,45,46
1313,9,45,46
1314,9,45,46
1315,9,45,46
1316,9,45,46
1317,9,45,46
1318,9,45,46
1319,9,45,46
1320,9,45,46
1321,9,45,46
1322,9,44,47
1323,9,44,47
1324,9,44,47
1325,9,44,47
1326,9,44,47
1327,9,44,47
1328,9,44,47
1329,9,44,47
1330,9,44,47
1331,8,45,47
1332,8,45,47
1333,8,45,47
1334,8,45,47
1335,7,46,47
1336,7,46,47
1337,7,46,47
1338,7,46,47
1339,7,46,47
1340,7,46,47
1341,7,46,47
1342,7,46,47
1343,7,46,47
1344,7,46,47
1345,7,46,47
1346,7,46,47
1347,7,46,47
1348,7,46,47
1349,7,46,47
1350,7,46,47
1351,7,46,47
1352,7,46,47
1353,7,46,47
1354,7,46,47
1355,7,46,47
1356,7,46,47
1357,7,46,47
1358,7,46,47
1359,7,46,47
1360,7,46,47
1361,7,46,47
1362,7,46,47
1363,7,46,47
1364,7,46,47
1365,7,46,47
1366,7,46,47
1367,7,46,47
1368,7,46,47
1369,7,46,47
1370,7,46,47
1371,7,46,47
1372,6,46,48
1373,6,45,49
1374,6,44,50
1375,6,44,50
1376,6,44,50
1377,6,44,50
1378,6,44,50
1379,6,44,50
1380,6,44,50
1381,6,44,50
1382,6,44,50
1383,6,44,50
1384,6,44,50
1385,6,44,50
1386,6,44,50
1387,6,43,51
1388,6,43,51
1389,6,43,51
1390,6,43,51
1391,6,43,51
1392,6,42,52
1393,6,42,52
1394,6,41,53
1395,6,41,53
1396,6,41,53
1397,6,41,53
1398,6,41,53
1399,6,40,54
1400,6,40,54
1401,6,40,54
1402,6,40,54
1403,6,40,54
1404,6,40,54
1405,6,40,54
1406,5,41,54
1407,5,41,54
1408,5,41,54
1409,5,41,54
1410,5,41,54
1411,5,41,54
1412,5,41,54
1413,5,40,55
1414,5,40,55
1415,5,40,55
1416,5,40,55
1417,5,40,55
1418,5,40,55
1419,5,40,55
1420,5,40,55
1421,5,40,55
1422,5,40,55
1423,5,40,55
1424,5,40,55
1425,5,40,55
1426,5,39,56
1427,5,39,56
1428,5,39,56
1429,5,39,56
1430,5,39,56
1431,5,39,56
1432,5,39,56
1433,5,39,56
1434,5,39,56
1435,5,39,56
1436,5,39,56
1437,5,39,56
1438,5,39,56
1439,5,39,56
1440,5,39,56
1441,5,38,57
1442,5,38,57
1443,5,38,57
1444,4,39,57
1445,4,39,57
1446,4,39,57
1447,4,38,58
1448,4,38,58
1449,4,38,58
1450,4,38,58
1451,4,38,58
1452,4,38,58
1453,4,37,59
1454,4,37,59
1455,4,37,59
1456,4,36,60
1457,4,36,60
1458,4,36,60
1459,4,36,60
1460,4,36,60
1461,4,36,60
1462,4,35,61
1463,4,35,61
1464,4,35,61
1465,4,35,61
1466,3,36,61
1467,3,36,61
1468,3,36,61
1469,3,36,61
1470,3,36,61
1471,3,36,61
1472,3,36,61
1473,3,36,61
1474,3,36,61
1475,3,36,61
1476,3,36,61
1477,3,35,62
1478,3,35,62
1479,3,35,62
1480,3,34,63
1481,3,34,63
1482,3,34,63
1483,3,34,63
1484,3,34,63
1485,3,34,63
1486,3,34,63
1487,3,34,63
1488,3,34,63
1489,3,34,63
1490,3,34,63
1491,3,34,63
1492,3,34,63
1493,3,34,63
1494,3,34,63
1495,3,34,63
1496,3,34,63
1497,3,33,64
1498,3,33,64
1499,3,33,64
1500,3,33,64
1501,3,33,64
1502,3,33,64
1503,3,33,64
1504,3,33,64
1505,3,33,64
1506,3,33,64
1507,3,33,64
1508,3,33,64
1509,3,33,64
1510,3,33,64
1511,2,34,64
1512,2,34,64
1513,2,34,64
1514,2,34,64
1515,2,34,64
1516,1,35,64
1517,1,35,64
1518,1,35,64
1519,1,34,65
1520,1,34,65
1521,1,34,65
1522,1,34,65
1523,1,33,66
1524,1,33,66
1525,1,33,66
1526,1,33,66
1527,1,33,66
1528,1,33,66
1529,1,33,66
1530,1,33,66
1531,1,33,66
1532,1,33,66
1533,1,33,66
1534,1,32,67
1535,1,32,67
1536,1,32,67
1537,1,32,67
1538,1,32,67
1539,1,31,68
1540,1,31,68
1541,1,31,68
1542,1,31,68
1543,1,31,68
1544,1,31,68
1545,1,31,68
1546,1,31,68
1547,1,31,68
1548,1,31,68
1549,1,31,68
1550,1,31,68
1551,1,31,68
1552,1,31,68
1553,1,31,68
1554,1,31,68
1555,1,31,68
1556,1,31,68
1557,1,31,68
1558,1,31,68
1559,1,31,68
1560,1,31,68
1561,1,31,68
1562,1,31,68
1563,1,31,68
1564,1,31,68
1565,1,31,68
1566,1,31,68
1567,1,31,68
1568,1,31,68
1569,1,31,68
1570,1,31,68
1571,1,31,68
1572,1,31,68
1573,1,31,68
1574,1,31,68
1575,1,31,68
1576,1,31,68
1577,1,31,68
1578,1,31,68
1579,1,31,68
1580,1,31,68
1581,1,31,68
1582,1,31,68
1583,1,31,68
1584,1,31,68
1585,1,31,68
1586,1,31,68
1587,1,31,68
1588,1,30,69
1589,1,30,69
1590,1,30,69
1591,1,30,69
1592,1,30,69
1593,1,30,69
1594,1,30,69
1595,1,30,69
1596,1,30,69
1597,1,30,69
1598,1,30,69
1599,1,30,69
1600,1,30,69
1601,1,30,69
1602,1,30,69
1603,1,30,69
1604,1,30,69
1605,1,30,69
1606,1,30,69
1607,1,28,71
1608,1,28,71
1609,1,28,71
1610,1,28,71
1611,1,28,71
1612,1,28,71
1613,1,28,71
1614,1,28,71
1615,1,28,71
1616,1,28,71
1617,1,28,71
1618,1,28,71
1619,1,28,71
1620,1,28,71
1621,1,28,71
1622,1,28,71
1623,1,28,71
1624,1,28,71
1625,1,28,71
1626,1,27,72
1627,1,27,72
1628,1,27,72
1629,1,27,72
1630,1,27,72
1631,1,27,72
1632,1,27,72
1633,1,27,72
1634,1,27,72
1635,1,27,72
1636,1,27,72
1637,1,27,72
1638,1,27,72
1639,1,27,72
1640,1,27,72
1641,1,27,72
1642,1,27,72
1643,1,27,72
1644,1,27,72
1645,1,27,72
1646,1,27,72
1647,1,27,72
1648,1,27,72
1649,1,27,72
1650,1,27,72
1651,1,27,72
1652,1,27,72
1653,1,27,72
1654,1,27,72
1655,1,26,73
1656,1,26,73
1657,1,26,73
1658,1,26,73
1659,1,26,73
1660,1,26,73
1661,1,26,73
1662,1,26,73
1663,1,26,73
1664,1,26,73
1665,1,26,73
1666,1,26,73
1667,1,26,73
1668,1,26,73
1669,1,26,73
1670,1,26,73
1671,1,26,73
1672,1,26,73
1673,1,26,73
1674,1,26,73
1675,1,26,73
1676,1,26,73
1677,1,26,73
1678,1,26,73
1679,0,26,74
1680,0,26,74
1681,0,26,74
1682,0,26,74
1683,0,26,74
1684,0,26,74
1685,0,26,74
1686,0,26,74
1687,0,26,74
1688,0,26,74
1689,0,26,74
1690,0,26,74
1691,0,26,74
1692,0,26,74
1693,0,26,74
1694,0,26,74
1695,0,26,74
1696,0,26,74
1697,0,26,74
1698,0,26,74
1699,0,26,74
1700,0,26,74
1701,0,26,74
1702,0,26,74
1703,0,26,74
1704,0,26,74
1705,0,26,74
1706,0,26,74
1707,0,26,74
1708,0,26,74
1709,0,26,74
1710,0,26,74
1711,0,26,74
1712,0,25,75
1713,0,24,76
1714,0,24,76
1715,0,24,76
1716,0,24,76
1717,0,24,76
1718,0,24,76
1719,0,24,76
1720,0,24,76
1721,0,24,76
1722,0,24,76
1723,0,24,76
1724,0,23,77
1725,0,23,77
1726,0,23,77
1727,0,23,77
1728,0,23,77
1729,0,23,77
1730,0,23,77
1731,0,23,77
1732,0,23,77
1733,0,23,77
1734,0,23,77
1735,0,23,77
1736,0,23,77
1737,0,23,77
1738,0,23,77
1739,0,23,77
1740,0,23,77
1741,0,23,77
1742,0,23,77
1743,0,23,77
1744,0,23,77
1745,0,23,77
1746,0,22,78
1747,0,22,78
1748,0,22,78
1749,0,22,78
1750,0,22,78
1751,0,22,78
1752,0,21,79
1753,0,21,79
1754,0,21,79
1755,0,21,79
1756,0,21,79
1757,0,21,79
1758,0,21,79
1759,0,21,79
1760,0,21,79
1761,0,21,79
1762,0,21,79
1763,0,21,79
1764,0,21,79
1765,0,21,79
1766,0,21,79
1767,0,21,79
1768,0,21,79
1769,0,21,79
1770,0,21,79
1771,0,21,79
1772,0,21,79
1773,0,21,79
1774,0,21,79
1775,0,21,79
1776,0,21,79
1777,0,21,79
1778,0,21,79
1779,0,21,79
1780,0,21,79
1781,0,21,79
1782,0,21,79
1783,0,21,79
1784,0,21,79
1785,0,21,79
1786,0,21,79
1787,0,21,79
1788,0,21,79
1789,0,21,79
1790,0,21,79
1791,0,21,79
1792,0,21,79
1793,0,21,79
1794,0,21,79
1795,0,21,79
1796,0,21,79
1797,0,21,79
1798,0,21,79
1799,0,21,79
1800,0,21,79
1801,0,21,79
1802,0,21,79
1803,0,21,79
1804,0,21,79
1805,0,21,79
1806,0,21,79
1807,0,21,79
1808,0,21,79
1809,0,21,79
1810,0,21,79
1811,0,21,79
1812,0,21,79
1813,0,21,79
1814,0,21,79
1815,0,19,81
1816,0,19,81
1817,0,19,81
1818,0,19,81
1819,0,19,81
1820,0,19,81
1821,0,19,81
1822,0,19,81
1823,0,18,82
1824,0,18,82
1825,0,18,82
1826,0,18,82
1827,0,18,82
1828,0,18,82
1829,0,18,82
1830,0,18,82
1831,0,18,82
1832,0,18,82
1833,0,18,82
1834,0,18,82
1835,0,18,82
1836,0,18,82
1837,0,18,82
1838,0,18,82
1839,0,18,82
1840,0,18,82
1841,0,18,82
1842,0,18,82
1843,0,18,82
1844,0,18,82
1845,0,18,82
1846,0,18,82
1847,0,18,82
1848,0,18,82
1849,0,18,82
1850,0,18,82
1851,0,18,82
1852,0,18,82
1853,0,18,82
1854,0,18,82
1855,0,18,82
1856,0,18,82
1857,0,18,82
1858,0,18,82
1859,0,18,82
1860,0,18,82
1861,0,18,82
1862,0,18,82
1863,0,18,82
1864,0,18,82
1865,0,18,82
1866,0,18,82
1867,0,18,82
1868,0,18,82
1869,0,18,82
1870,0,18,82
1871,0,18,82
1872,0,18,82
1873,0,18,82
1874,0,18,82
1875,0,18,82
1876,0,18,82
1877,0,18,82
1878,0,18,82
1879,0,18,82
1880,0,18,82
1881,0,18,82
1882,0,18,82
1883,0,18,82
1884,0,18,82
1885,0,17,83
1886,0,17,83
1887,0,17,83
1888,0,17,83
1889,0,17,83
1890,0,17,83
1891,0,17,83
1892,0,17,83
1893,0,17,83
1894,0,17,83
1895,0,17,83
1896,0,17,83
1897,0,17,83
1898,0,17,83
1899,0,17,83
1900,0,17,83
1901,0,17,83
1902,0,17,83
1903,0,17,83
1904,0,17,83
1905,0,17,83
1906,0,17,83
1907,0,17,83
1908,0,17,83
1909,0,17,83
1910,0,17,83
1911,0,17,83
1912,0,17,83
1913,0,17,83
1914,0,17,83
1915,0,17,83
1916,0,17,83
1917,0,17,83
1918,0,17,83
1919,0,17,83
1920,0,16,84
1921,0,16,84
1922,0,16,84
1923,0,15,85
1924,0,15,85
1925,0,15,85
1926,0,15,85
1927,0,15,85
1928,0,15,85
1929,0,15,85
1930,0,15,85
1931,0,15,85
1932,0,15,85
1933,0,15,85
1934,0,15,85
1935,0,14,86
1936,0,14,86
1937,0,14,86
1938,0,14,86
1939,0,14,86
1940,0,14,86
1941,0,14,86
1942,0,14,86
1943,0,14,86
1944,0,14,86
1945,0,14,86
1946,0,14,86
1947,0,14,86
1948,0,14,86
1949,0,14,86
1950,0,14,86
1951,0,14,86
1952,0,14,86
1953,0,14,86
1954,0,14,86
1955,0,14,86
1956,0,14,86
1957,0,14,86
1958,0,14,86
1959,0,14,86
1960,0,14,86
1961,0,14,86
1962,0,14,86
1963,0,14,86
1964,0,14,86
1965,0,14,86
1966,0,14,86
1967,0,14,86
1968,0,14,86
1969,0,14,86
1970,0,14,86
1971,0,14,86
1972,0,14,86
1973,0,14,86
1974,0,14,86
1975,0,14,86
1976,0,14,86
1977,0,14,86
1978,0,14,86
1979,0,14,86
1980,0,14,86
1981,0,14,86
1982,0,14,86
1983,0,14,86
1984,0,14,86
1985,0,14,86
1986,0,14,86
1987,0,14,86
1988,0,14,86
1989,0,14,86
1990,0,14,86
1991,0,14,86
1992,0,14,86
1993,0,14,86
1994,0,14,86
1995,0,14,86
1996,0,14,86
1997,0,14,86
1998,0,14,86
1999,0,14,86
2000,0,14,86
2001,0,14,86
2002,0,14,86
2003,0,14,86
2004,0,14,86
2005,0,14,86
2006,0,14,86
2007,0,14,86
2008,0,14,86
2009,0,14,86
2010,0,14,86
2011,0,14,86
2012,0,13,87
2013,0,13,87
2014,0,13,87
2015,0,13,87
2016,0,13,87
2017,0,13,87
2018,0,13,87
2019,0,13,87
2020,0,13,87
2021,0,13,87
2022,0,13,87
2023,0,13,87
2024,0,13,87
2025,0,13,87
2026,0,13,87
2027,0,13,87
2028,0,13,87
2029,0,13,87
2030,0,13,87
2031,0,13,87
2032,0,12,88
2033,0,12,88
2034,0,12,88
2035,0,12,88
2036,0,12,88
2037,0,12,88
2038,0,12,88
2039,0,12,88
2040,0,12,88
2041,0,12,88
2042,0,12,88
2043,0,12,88
2044,0,12,88
2045,0,12,88
2046,0,12,88
2047,0,12,88
2048,0,12,88
2049,0,12,88
2050,0,12,88
2051,0,12,88
2052,0,12,88
2053,0,12,88
2054,0,11,89
2055,0,11,89
2056,0,11,89
2057,0,11,89
2058,0,11,89
2059,0,11,89
2060,0,11,89
2061,0,11,89
2062,0,11,89
2063,0,11,89
2064,0,11,89
2065,0,11,89
2066,0,11,89
2067,0,11,89
2068,0,11,89
2069,0,11,89
2070,0,11,89
2071,0,11,89
2072,0,11,89
2073,0,10,90
2074,0,10,90
2075,0,10,90
2076,0,9,91
2077,0,9,91
2078,0,9,91
2079,0,9,91
2080,0,9,91
2081,0,9,91
2082,0,9,91
2083,0,9,91
2084,0,9,91
2085,0,8,92
2086,0,8,92
2087,0,8,92
2088,0,8,92
2089,0,8,92
2090,0,8,92
2091,0,8,92
2092,0,8,92
2093,0,8,92
2094,0,8,92
2095,0,8,92
2096,0,8,92
2097,0,8,92
2098,0,8,92
2099,0,8,92
2100,0,8,92
2101,0,8,92
2102,0,8,92
2103,0,8,92
2104,0,8,92
2105,0,8,92
2106,0,8,92
2107,0,8,92
2108,0,8,92
2109,0,8,92
2110,0,8,92
2111,0,8,92
2112,0,8,92
2113,0,8,92
2114,0,8,92
2115,0,8,92
2116,0,8,92
2117,0,8,92
2118,0,8,92
2119,0,8,92
2120,0,8,92
2121,0,8,92
2122,0,8,92
2123,0,8,92
2124,0,8,92
2125,0,8,92
2126,0,8,92
2127,0,8,92
2128,0,8,92
2129,0,8,92
2130,0,8,92
2131,0,8,92
2132,0,8,92
2133,0,8,92
2134,0,8,92
2135,0,8,92
2136,0,8,92
2137,0,8,92
2138,0,8,92
2139,0,8,92
2140,0,8,92
2141,0,8,92
2142,0,8,92
2143,0,8,92
2144,0,8,92
2145,0,8,92
2146,0,8,92
2147,0,8,92
2148,0,8,92
2149,0,8,92
2150,0,8,92
2151,0,8,92
2152,0,8,92
2153,0,7,93
2154,0,7,93
2155,0,7,93
2156,0,7,93
2157,0,7,93
2158,0,7,93
2159,0,7,93
2160,0,7,93
2161,0,7,93
2162,0,7,93
2163,0,7,93
2164,0,7,93
2165,0,7,93
2166,0,7,93
2167,0,7,93
2168,0,7,93
2169,0,6,94
2170,0,6,94
2171,0,6,94
2172,0,6,94
2173,0,6,94
2174,0,6,94
2175,0,6,94
2176,0,6,94
2177,0,6,94
2178,0,6,94
2179,0,6,94
2180,0,6,94
2181,0,6,94
2182,0,6,94
2183,0,6,94
2184,0,6,94
2185,0,6,94
2186,0,6,94
2187,0,6,94
2188,0,6,94
2189,0,6,94
2190,0,6,94
2191,0,6,94
2192,0,6,94
2193,0,6,94
2194,0,6,94
2195,0,6,94
2196,0,6,94
2197,0,6,94
2198,0,6,94
2199,0,5,95
2200,0,5,95
2201,0,5,95
2202,0,5,95
2203,0,5,95
2204,0,5,95
2205,0,5,95
2206,0,5,95
2207,0,5,95
2208,0,5,95
2209,0,5,95
2210,0,5,95
2211,0,5,95
2212,0,5,95
2213,0,5,95
2214,0,5,95
2215,0,5,95
2216,0,5,95
2217,0,5,95
2218,0,5,95
2219,0,5,95
2220,0,5,95
2221,0,5,95
2222,0,5,95
2223,0,5,95
2224,0,5,95
2225,0,5,95
2226,0,5,95
2227,0,5,95
2228,0,5,95
2229,0,5,95
2230,0,5,95
2231,0,5,95
2232,0,5,95
2233,0,5,95
2234,0,4,96
2235,0,4,96
2236,0,4,96
2237,0,4,96
2238,0,4,96
2239,0,4,96
2240,0,4,96
2241,0,4,96
2242,0,4,96
2243,0,4,96
2244,0,4,96
2245,0,4,96
2246,0,4,96
2247,0,4,96
2248,0,4,96
2249,0,4,96
2250,0,4,96
2251,0,4,96
2252,0,4,96
2253,0,4,96
2254,0,4,96
2255,0,4,96
2256,0,4,96
2257,0,4,96
2258,0,4,96
2259,0,4,96
2260,0,4,96
2261,0,4,96
2262,0,4,96
2263,0,4,96
2264,0,4,96
2265,0,4,96
2266,0,4,96
2267,0,4,96
2268,0,4,96
2269,0,4,96
2270,0,4,96
2271,0,4,96
2272,0,4,96
2273,0,4,96
2274,0,4,96
2275,0,4,96
2276,0,4,96
2277,0,4,96
2278,0,4,96
2279,0,4,96
2280,0,4,96
2281,0,4,96
2282,0,4,96
2283,0,4,96
2284,0,4,96
2285,0,4,96
2286,0,4,96
2287,0,4,96
2288,0,4,96
2289,0,4,96
2290,0,4,96
2291,0,4,96
2292,0,4,96
2293,0,4,96
2294,0,3,97
2295,0,3,97
2296,0,3,97
2297,0,3,97
2298,0,3,97
2299,0,3,97
2300,0,3,97
2301,0,3,97
2302,0,3,97
2303,0,3,97
2304,0,3,97
2305,0,3,97
2306,0,3,97
2307,0,3,97
2308,0,3,97
2309,0,3,97
2310,0,3,97
2311,0,3,97
2312,0,3,97
2313,0,3,97
2314,0,3,97
2315,0,3,97
2316,0,3,97
2317,0,3,97
2318,0,2,98
2319,0,2,98
2320,0,2,98
2321,0,2,98
2322,0,2,98
2323,0,2,98
2324,0,2,98
2325,0,2,98
2326,0,2,98
2327,0,2,98
2328,0,2,98
2329,0,2,98
2330,0,2,98
2331,0,2,98
2332,0,2,98
2333,0,2,98
2334,0,2,98
2335,0,2,98
2336,0,2,98
2337,0,2,98
2338,0,2,98
2339,0,2,98
2340,0,2,98
2341,0,2,98
2342,0,2,98
2343,0,2,98
2344,0,2,98
2345,0,2,98
2346,0,2,98
2347,0,2,98
2348,0,2,98
2349,0,2,98
2350,0,2,98
2351,0,2,98
2352,0,2,98
2353,0,2,98
2354,0,2,98
2355,0,2,98
2356,0,2,98
2357,0,2,98
2358,0,2,98
2359,0,2,98
2360,0,2,98
2361,0,2,98
2362,0,2,98
2363,0,2,98
2364,0,2,98
2365,0,2,98
2366,0,2,98
2367,0,2,98
2368,0,2,98
2369,0,2,98
2370,0,2,98
2371,0,2,98
2372,0,2,98
2373,0,2,98
2374,0,2,98
2375,0,2,98
2376,0,2,98
2377,0,2,98
2378,0,2,98
2379,0,2,98
2380,0,2,98
2381,0,2,98
2382,0,2,98
2383,0,2,98
2384,0,2,98
2385,0,2,98
2386,0,2,98
2387,0,2,98
2388,0,2,98
2389,0,2,98
2390,0,2,98
2391,0,2,98
2392,0,2,98
2393,0,2,98
2394,0,2,98
2395,0,2,98
2396,0,2,98
2397,0,2,98
2398,0,2,98
2399,0,2,98
2400,0,2,98
2401,0,2,98
2402,0,2,98
2403,0,2,98
2404,0,2,98
2405,0,2,98
2406,0,2,98
2407,0,2,98
2408,0,2,98
2409,0,2,98
2410,0,2,98
2411,0,2,98
2412,0,2,98
2413,0,2,98
2414,0,2,98
2415,0,2,98
2416,0,2,98
2417,0,2,98
2418,0,2,98
2419,0,2,98
2420,0,2,98
2421,0,2,98
2422,0,2,98
2423,0,2,98
2424,0,2,98
2425,0,2,98
2426,0,2,98
2427,0,2,98
2428,0,2,98
2429,0,2,98
2430,0,2,98
2431,0,2,98
2432,0,2,98
2433,0,2,98
2434,0,2,98
2435,0,2,98
2436,0,2,98
2437,0,2,98
2438,0,2,98
2439,0,2,98
2440,0,2,98
2441,0,2,98
2442,0,2,98
2443,0,2,98
2444,0,2,98
2445,0,2,98
2446,0,2,98
2447,0,2,98
2448,0,2,98
2449,0,2,98
2450,0,2,98
2451,0,2,98
2452,0,2,98
2453,0,2,98
2454,0,2,98
2455,0,2,98
2456,0,2,98
2457,0,2,98
2458,0,2,98
2459,0,2,98
2460,0,2,98
2461,0,2,98
2462,0,2,98
2463,0,2,98
2464,0,2,98
2465,0,2,98
2466,0,2,98
2467,0,2,98
2468,0,2,98
2469,0,2,98
2470,0,2,98
2471,0,2,98
2472,0,2,98
2473,0,2,98
2474,0,2,98
2475,0,2,98
2476,0,2,98
2477,0,2,98
2478,0,2,98
2479,0,2,98
2480,0,2,98
2481,0,2,98
2482,0,2,98
2483,0,2,98
2484,0,2,98
2485,0,2,98
2486,0,2,98
2487,0,2,98
2488,0,2,98
2489,0,2,98
2490,0,2,98
2491,0,2,98
2492,0,2,98
2493,0,2,98
2494,0,2,98
2495,0,2,98
2496,0,2,98
2497,0,2,98
2498,0,2,98
2499,0,2,98
2500,0,2,98
2501,0,2,98
2502,0,2,98
2503,0,2,98
2504,0,2,98
2505,0,2,98
2506,0,2,98
2507,0,2,98
2508,0,2,98
2509,0,2,98
2510,0,2,98
2511,0,2,98
2512,0,2,98
2513,0,2,98
2514,0,2,98
2515,0,2,98
2516,0,2,98
2517,0,2,98
2518,0,2,98
2519,0,2,98
2520,0,2,98
2521,0,2,98
2522,0,2,98
2523,0,2,98
2524,0,2,98
2525,0,2,98
2526,0,2,98
2527,0,2,98
2528,0,2,98
2529,0,2,98
2530,0,2,98
2531,0,2,98
2532,0,2,98
2533,0,2,98
2534,0,2,98
2535,0,2,98
2536,0,2,98
2537,0,2,98
2538,0,2,98
2539,0,2,98
2540,0,2,98
2541,0,2,98
2542,0,2,98
2543,0,2,98
2544,0,2,98
2545,0,2,98
2546,0,2,98
2547,0,2,98
2548,0,2,98
2549,0,2,98
2550,0,2,98
2551,0,2,98
2552,0,2,98
2553,0,2,98
2554,0,2,98
2555,0,2,98
2556,0,2,98
2557,0,2,98
2558,0,2,98
2559,0,2,98
2560,0,2,98
2561,0,2,98
2562,0,2,98
2563,0,2,98
2564,0,2,98
2565,0,2,98
2566,0,2,98
2567,0,2,98
2568,0,2,98
2569,0,2,98
2570,0,2,98
2571,0,2,98
2572,0,2,98
2573,0,2,98
2574,0,2,98
2575,0,2,98
2576,0,2,98
2577,0,2,98
2578,0,2,98
2579,0,2,98
2580,0,2,98
2581,0,2,98
2582,0,2,98
2583,0,2,98
2584,0,2,98
2585,0,2,98
2586,0,2,98
2587,0,2,98
2588,0,2,98
2589,0,2,98
2590,0,2,98
2591,0,2,98
2592,0,2,98
2593,0,2,98
2594,0,2,98
2595,0,2,98
2596,0,2,98
2597,0,2,98
2598,0,2,98
2599,0,2,98
2600,0,2,98
2601,0,2,98
2602,0,2,98
2603,0,2,98
2604,0,2,98
2605,0,2,98
2606,0,2,98
2607,0,2,98
2608,0,2,98
2609,0,2,98
2610,0,2,98
2611,0,2,98
2612,0,2,98
2613,0,2,98
2614,0,2,98
2615,0,2,98
2616,0,2,98
2617,0,2,98
2618,0,2,98
2619,0,2,98
2620,0,2,98
2621,0,2,98
2622,0,2,98
2623,0,2,98
2624,0,2,98
2625,0,2,98
2626,0,2,98
2627,0,2,98
2628,0,2,98
2629,0,2,98
2630,0,2,98
2631,0,2,98
2632,0,2,98
2633,0,2,98
2634,0,2,98
2635,0,2,98
2636,0,2,98
2637,0,2,98
2638,0,2,98
2639,0,2,98
2640,0,2,98
2641,0,2,98
2642,0,2,98
2643,0,2,98
2644,0,2,98
2645,0,2,98
2646,0,2,98
2647,0,2,98
2648,0,2,98
2649,0,2,98
2650,0,2,98
2651,0,2,98
2652,0,2,98
2653,0,2,98
2654,0,2,98
2655,0,2,98
2656,0,2,98
2657,0,2,98
2658,0,2,98
2659,0,2,98
2660,0,2,98
2661,0,2,98
2662,0,2,98
2663,0,2,98
2664,0,2,98
2665,0,2,98
2666,0,2,98
2667,0,2,98
2668,0,2,98
2669,0,2,98
2670,0,2,98
2671,0,2,98
2672,0,2,98
2673,0,2,98
2674,0,2,98
2675,0,2,98
2676,0,2,98
2677,0,2,98
2678,0,2,98
2679,0,2,98
2680,0,2,98
2681,0,2,98
2682,0,2,98
2683,0,2,98
2684,0,2,98
2685,0,2,98
2686,0,2,98
2687,0,2,98
2688,0,2,98
2689,0,2,98
2690,0,2,98
2691,0,2,98
2692,0,2,98
2693,0,2,98
2694,0,2,98
2695,0,2,98
2696,0,2,98
2697,0,2,98
2698,0,2,98
2699,0,2,98
2700,0,2,98
2701,0,2,98
2702,0,2,98
2703,0,2,98
2704,0,2,98
2705,0,2,98
2706,0,2,98
2707,0,2,98
2708,0,2,98
2709,0,2,98
2710,0,2,98
2711,0,2,98
2712,0,2,98
2713,0,2,98
2714,0,2,98
2715,0,2,98
2716,0,2,98
2717,0,2,98
2718,0,2,98
2719,0,2,98
2720,0,2,98
2721,0,2,98
2722,0,2,98
2723,0,2,98
2724,0,2,98
2725,0,2,98
2726,0,2,98
2727,0,2,98
2728,0,2,98
2729,0,2,98
2730,0,2,98
2731,0,2,98
2732,0,2,98
2733,0,2,98
2734,0,2,98
2735,0,2,98
2736,0,2,98
2737,0,2,98
2738,0,2,98
2739,0,2,98
2740,0,2,98
2741,0,2,98
2742,0,2,98
2743,0,2,98
2744,0,2,98
2745,0,2,98
2746,0,2,98
2747,0,2,98
2748,0,2,98
2749,0,2,98
2750,0,2,98
2751,0,2,98
2752,0,2,98
2753,0,2,98
2754,0,2,98
2755,0,2,98
2756,0,2,98
2757,0,2,98
2758,0,2,98
2759,0,2,98
2760,0,2,98
2761,0,2,98
2762,0,2,98
2763,0,2,98
2764,0,2,98
2765,0,2,98
2766,0,2,98
2767,0,2,98
2768,0,2,98
2769,0,2,98
2770,0,2,98
2771,0,1,99
2772,0,1,99
2773,0,1,99
2774,0,1,99
2775,0,1,99
2776,0,1,99
2777,0,1,99
2778,0,1,99
2779,0,1,99
2780,0,1,99
2781,0,1,99
2782,0,1,99
2783,0,1,99
2784,0,1,99
2785,0,1,99
2786,0,1,99
2787,0,1,99
2788,0,1,99
2789,0,1,99
2790,0,1,99
2791,0,1,99
2792,0,1,99
2793,0,1,99
2794,0,1,99
2795,0,1,99
2796,0,1,99
2797,0,1,99
2798,0,1,99
2799,0,1,99
2800,0,1,99
2801,0,1,99
2802,0,1,99
2803,0,1,99
2804,0,1,99
2805,0,1,99
2806,0,1,99
2807,0,1,99
2808,0,1,99
2809,0,1,99
2810,0,1,99
2811,0,1,99
2812,0,1,99
2813,0,1,99
2814,0,1,99
2815,0,1,99
2816,0,1,99
2817,0,1,99
2818,0,1,99
2819,0,1,99
2820,0,1,99
2821,0,1,99
2822,0,1,99
2823,0,1,99
2824,0,1,99
2825,0,1,99
2826,0,1,99
2827,0,1,99
2828,0,1,99
2829,0,1,99
2830,0,1,99
2831,0,1,99
2832,0,1,99
2833,0,1,99
2834,0,1,99
2835,0,1,99
2836,0,1,99
2837,0,1,99
2838,0,1,99
2839,0,1,99
2840,0,1,99
2841,0,1,99
2842,0,1,99
2843,0,1,99
2844,0,1,99
2845,0,1,99
2846,0,1,99
2847,0,1,99
2848,0,1,99
2849,0,1,99
2850,0,1,99
2851,0,1,99
2852,0,1,99
2853,0,1,99
2854,0,1,99
2855,0,1,99
2856,0,1,99
2857,0,1,99
2858,0,1,99
2859,0,1,99
2860,0,1,99
2861,0,1,99
2862,0,1,99
2863,0,1,99
2864,0,1,99
2865,0,1,99
2866,0,1,99
2867,0,1,99
2868,0,1,99
2869,0,1,99
2870,0,1,99
2871,0,1,99
2872,0,1,99
2873,0,1,99
2874,0,1,99
2875,0,1,99
2876,0,1,99
2877,0,1,99
2878,0,1,99
2879,0,1,99
2880,0,1,99
2881,0,1,99
2882,0,1,99
2883,0,1,99
2884,0,1,99
2885,0,1,99
2886,0,1,99
2887,0,1,99
2888,0,1,99
2889,0,1,99
2890,0,1,99
2891,0,1,99
2892,0,1,99
2893,0,1,99
2894,0,1,99
2895,0,1,99
2896,0,1,99
2897,0,1,99
2898,0,1,99
2899,0,1,99
2900,0,1,99
2901,0,1,99
2902,0,1,99
2903,0,1,99
2904,0,1,99
2905,0,1,99
2906,0,1,99
2907,0,1,99
2908,0,1,99
2909,0,1,99
2910,0,1,99
2911,0,1,99
2912,0,1,99
2913,0,1,99
2914,0,1,99
2915,0,1,99
2916,0,1,99
2917,0,1,99
2918,0,1,99
2919,0,1,99
2920,0,1,99
2921,0,1,99
2922,0,1,99
2923,0,1,99
2924,0,1,99
2925,0,1,99
2926,0,1,99
2927,0,1,99
2928,0,1,99
2929,0,1,99
2930,0,1,99
2931,0,1,99
2932,0,1,99
2933,0,1,99
2934,0,1,99
2935,0,1,99
2936,0,1,99
2937,0,1,99
2938,0,1,99
2939,0,1,99
2940,0,1,99
2941,0,1,99
2942,0,1,99
2943,0,1,99
2944,0,1,99
2945,0,1,99
2946,0,1,99
2947,0,1,99
2948,0,1,99
2949,0,1,99
2950,0,1,99
2951,0,1,99
2952,0,1,99
2953,0,1,99
2954,0,1,99
2955,0,1,99
2956,0,1,99
2957,0,1,99
2958,0,1,99
2959,0,1,99
2960,0,1,99
2961,0,1,99
2962,0,1,99
2963,0,1,99
2964,0,1,99
2965,0,1,99
2966,0,1,99
2967,0,1,99
2968,0,1,99
2969,0,1,99
2970,0,1,99
2971,0,1,99
2972,0,1,99
2973,0,1,99
2974,0,1,99
2975,0,1,99
2976,0,1,99
2977,0,1,99
2978,0,1,99
2979,0,1,99
2980,0,1,99
2981,0,1,99
2982,0,1,99
2983,0,1,99
2984,0,1,99
2985,0,1,99
2986,0,1,99
2987,0,1,99
2988,0,1,99
2989,0,1,99
2990,0,1,99
2991,0,1,99
2992,0,1,99
2993,0,1,99
2994,0,1,99
2995,0,1,99
2996,0,1,99
2997,0,1,99
2998,0,1,99
2999,0,1,99
3000,0,1,99
