Time,Healthy,Undetectable,Detectable
0,100,0,0
1,100,0,0
2,100,0,0
3,100,0,0
4,100,0,0
5,100,0,0
6,100,0,0
7,100,0,0
8,100,0,0
9,100,0,0
10,100,0,0
11,100,0,0
12,100,0,0
13,100,0,0
14,100,0,0
15,100,0,0
16,100,0,0
17,100,0,0
18,100,0,0
19,100,0,0
20,100,0,0
21,100,0,0
22,100,0,0
23,100,0,0
24,100,0,0
25,100,0,0
26,100,0,0
27,100,0,0
28,100,0,0
29,100,0,0
30,100,0,0
31,100,0,0
32,100,0,0
33,100,0,0
34,100,0,0
35,100,0,0
36,100,0,0
37,100,0,0
38,100,0,0
39,100,0,0
40,100,0,0
41,100,0,0
42,100,0,0
43,100,0,0
44,100,0,0
45,100,0,0
46,100,0,0
47,100,0,0
48,100,0,0
49,100,0,0
50,100,0,0
51,100,0,0
52,100,0,0
53,100,0,0
54,100,0,0
55,100,0,0
56,100,0,0
57,100,0,0
58,100,0,0
59,100,0,0
60,100,0,0
61,100,0,0
62,100,0,0
63,100,0,0
64,100,0,0
65,100,0,0
66,100,0,0
67,100,0,0
68,100,0,0
69,100,0,0
70,100,0,0
71,100,0,0
72,100,0,0
73,100,0,0
74,100,0,0
75,100,0,0
76,100,0,0
77,100,0,0
78,100,0,0
79,100,0,0
80,100,0,0
81,100,0,0
82,100,0,0
83,100,0,0
84,100,0,0
85,100,0,0
86,100,0,0
87,100,0,0
88,100,0,0
89,100,0,0
90,100,0,0
91,100,0,0
92,100,0,0
93,100,0,0
94,100,0,0
95,100,0,0
96,100,0,0
97,100,0,0
98,100,0,0
99,100,0,0
100,100,0,0
101,100,0,0
102,100,0,0
103,100,0,0
104,100,0,0
105,100,0,0
106,100,0,0
107,100,0,0
108,100,0,0
109,100,0,0
110,100,0,0
111,100,0,0
112,100,0,0
113,100,0,0
114,100,0,0
115,100,0,0
116,100,0,0
117,100,0,0
118,100,0,0
119,100,0,0
120,100,0,0
121,100,0,0
122,100,0,0
123,100,0,0
124,100,0,0
125,100,0,0
126,100,0,0
127,100,0,0
128,100,0,0
129,100,0,0
130,100,0,0
131,100,0,0
132,100,0,0
133,100,0,0
134,100,0,0
135,100,0,0
136,100,0,0
137,100,0,0
138,100,0,0
139,100,0,0
140,100,0,0
141,100,0,0
142,100,0,0
143,100,0,0
144,100,0,0
145,100,0,0
146,100,0,0
147,100,0,0
148,100,0,0
149,100,0,0
150,100,0,0
151,100,0,0
152,100,0,0
153,100,0,0
154,100,0,0
155,100,0,0
156,100,0,0
157,100,0,0
158,100,0,0
159,100,0,0
160,100,0,0
161,100,0,0
162,100,0,0
163,100,0,0
164,100,0,0
165,100,0,0
166,100,0,0
167,100,0,0
168,100,0,0
169,100,0,0
170,100,0,0
171,100,0,0
172,100,0,0
173,100,0,0
174,100,0,0
175,100,0,0
176,100,0,0
177,100,0,0
178,100,0,0
179,100,0,0
180,100,0,0
181,100,0,0
182,100,0,0
183,100,0,0
184,100,0,0
185,100,0,0
186,100,0,0
187,100,0,0
188,100,0,0
189,100,0,0
190,100,0,0
191,100,0,0
192,100,0,0
193,100,0,0
194,100,0,0
195,100,0,0
196,100,0,0
197,100,0,0
198,100,0,0
199,100,0,0
200,100,0,0
201,100,0,0
202,100,0,0
203,100,0,0
204,100,0,0
205,100,0,0
206,100,0,0
207,100,0,0
208,100,0,0
209,100,0,0
210,100,0,0
211,100,0,0
212,100,0,0
213,100,0,0
214,100,0,0
215,100,0,0
216,100,0,0
217,100,0,0
218,100,0,0
219,100,0,0
220,100,0,0
221,100,0,0
222,100,0,0
223,100,0,0
224,100,0,0
225,100,0,0
226,100,0,0
227,100,0,0
228,100,0,0
229,100,0,0
230,100,0,0
231,100,0,0
232,100,0,0
233,100,0,0
234,100,0,0
235,100,0,0
236,100,0,0
237,100,0,0
238,100,0,0
239,100,0,0
240,100,0,0
241,100,0,0
242,100,0,0
243,100,0,0
244,100,0,0
245,100,0,0
246,100,0,0
247,100,0,0
248,100,0,0
249,100,0,0
250,100,0,0
251,100,0,0
252,100,0,0
253,100,0,0
254,100,0,0
255,100,0,0
256,100,0,0
257,100,0,0
258,100,0,0
259,100,0,0
260,100,0,0
261,100,0,0
262,100,0,0
263,100,0,0
264,100,0,0
265,100,0,0
266,100,0,0
267,99,1,0
268,99,1,0
269,99,1,0
270,99,1,0
271,99,1,0
272,99,1,0
273,99,1,0
274,99,1,0
275,99,1,0
276,99,1,0
277,99,1,0
278,99,1,0
279,99,1,0
280,99,1,0
281,99,1,0
282,99,1,0
283,99,1,0
284,99,1,0
285,99,1,0
286,99,1,0
287,99,1,0
288,99,1,0
289,99,1,0
290,99,1,0
291,99,1,0
292,99,1,0
293,99,1,0
294,99,1,0
295,99,1,0
296,99,1,0
297,99,1,0
298,99,1,0
299,99,1,0
300,99,1,0
301,98,2,0
302,98,2,0
303,98,1,1
304,98,1,1
305,98,1,1
306,98,1,1
307,98,1,1
308,98,1,1
309,98,1,1
310,98,1,1
311,98,1,1
312,98,1,1
313,98,1,1
314,97,2,1
315,97,2,1
316,97,2,1
317,97,2,1
318,97,1,2
319,97,1,2
320,97,1,2
321,97,1,2
322,97,1,2
323,97,1,2
324,97,1,2
325,97,0,3
326,97,0,3
327,97,0,3
328,97,0,3
329,97,0,3
330,97,0,3
331,97,0,3
332,97,0,3
333,97,0,3
334,97,0,3
335,97,0,3
336,97,0,3
337,97,0,3
338,97,0,3
339,97,0,3
340,97,0,3
341,97,0,3
342,97,0,3
343,96,1,3
344,96,1,3
345,96,1,3
346,96,1,3
347,96,1,3
348,96,1,3
349,96,1,3
350,96,1,3
351,96,1,3
352,96,1,3
353,96,1,3
354,96,1,3
355,96,1,3
356,96,1,3
357,96,1,3
358,96,1,3
359,96,1,3
360,96,1,3
361,96,1,3
362,96,1,3
363,96,1,3
364,96,1,3
365,96,1,3
366,96,1,3
367,96,1,3
368,96,1,3
369,96,1,3
370,96,1,3
371,96,1,3
372,96,1,3
373,96,1,3
374,96,1,3
375,96,1,3
376,96,1,3
377,96,1,3
378,96,1,3
379,96,1,3
380,96,1,3
381,96,1,3
382,96,1,3
383,96,1,3
384,96,1,3
385,96,1,3
386,96,0,4
387,96,0,4
388,96,0,4
389,96,0,4
390,96,0,4
391,96,0,4
392,96,0,4
393,96,0,4
394,96,0,4
395,96,0,4
396,96,0,4
397,96,0,4
398,96,0,4
399,96,0,4
400,96,0,4
401,96,0,4
402,96,0,4
403,96,0,4
404,96,0,4
405,96,0,4
406,96,0,4
407,96,0,4
408,96,0,4
409,96,0,4
410,96,0,4
411,96,0,4
412,95,1,4
413,94,2,4
414,94,2,4
415,94,2,4
416,94,2,4
417,94,2,4
418,94,2,4
419,94,2,4
420,94,2,4
421,94,2,4
422,94,2,4
423,94,1,5
424,94,1,5
425,94,1,5
426,94,1,5
427,94,1,5
428,94,1,5
429,94,1,5
430,94,1,5
431,94,1,5
432,94,1,5
433,94,1,5
434,94,1,5
435,94,1,5
436,93,2,5
437,93,2,5
438,92,3,5
439,92,3,5
440,92,3,5
441,92,3,5
442,92,3,5
443,92,3,5
444,92,3,5
445,92,3,5
446,92,3,5
447,92,3,5
448,92,3,5
449,92,3,5
450,92,3,5
451,92,3,5
452,92,2,6
453,92,2,6
454,92,2,6
455,92,2,6
456,92,2,6
457,92,2,6
458,92,2,6
459,92,2,6
460,92,2,6
461,92,2,6
462,92,2,6
463,92,2,6
464,92,2,6
465,92,2,6
466,92,2,6
467,92,2,6
468,91,3,6
469,91,3,6
470,91,3,6
471,91,3,6
472,91,3,6
473,90,4,6
474,90,4,6
475,90,4,6
476,90,4,6
477,90,4,6
478,90,3,7
479,90,3,7
480,90,3,7
481,90,3,7
482,90,3,7
483,90,3,7
484,90,3,7
485,90,3,7
486,90,3,7
487,90,3,7
488,90,3,7
489,90,3,7
490,90,3,7
491,90,3,7
492,90,3,7
493,89,4,7
494,89,4,7
495,89,4,7
496,89,4,7
497,89,4,7
498,89,4,7
499,89,4,7
500,89,4,7
501,89,4,7
502,89,3,8
503,89,3,8
504,88,4,8
505,88,4,8
506,88,4,8
507,88,4,8
508,88,3,9
509,88,3,9
510,88,3,9
511,88,3,9
512,88,2,10
513,88,2,10
514,88,2,10
515,88,2,10
516,86,4,10
517,86,4,10
518,86,4,10
519,86,4,10
520,86,4,10
521,85,5,10
522,85,5,10
523,85,4,11
524,85,4,11
525,84,5,11
526,84,5,11
527,83,6,11
528,83,6,11
529,83,6,11
530,83,6,11
531,83,6,11
532,83,6,11
533,83,6,11
534,83,6,11
535,83,6,11
536,83,6,11
537,83,6,11
538,83,6,11
539,83,6,11
540,83,5,12
541,83,5,12
542,83,5,12
543,83,4,13
544,83,4,13
545,82,5,13
546,82,5,13
547,81,6,13
548,81,6,13
549,81,5,14
550,81,5,14
551,81,5,14
552,81,5,14
553,81,5,14
554,81,5,14
555,81,5,14
556,81,5,14
557,81,5,14
558,81,5,14
559,81,5,14
560,81,5,14
561,81,5,14
562,81,5,14
563,81,5,14
564,81,4,15
565,81,4,15
566,81,4,15
567,81,4,15
568,81,4,15
569,81,4,15
570,81,4,15
571,81,4,15
572,81,4,15
573,80,5,15
574,80,5,15
575,80,5,15
576,80,5,15
577,80,5,15
578,80,5,15
579,80,5,15
580,80,5,15
581,80,4,16
582,80,4,16
583,80,4,16
584,79,5,16
585,79,5,16
586,79,5,16
587,79,5,16
588,79,5,16
589,79,5,16
590,79,5,16
591,79,5,16
592,79,5,16
593,79,5,16
594,79,5,16
595,79,5,16
596,78,6,16
597,78,6,16
598,78,6,16
599,78,6,16
600,78,6,16
601,78,5,17
602,78,4,18
603,78,4,18
604,78,4,18
605,78,4,18
606,78,3,19
607,78,3,19
608,78,3,19
609,78,3,19
610,77,4,19
611,77,4,19
612,77,4,19
613,77,4,19
614,77,4,19
615,77,4,19
616,77,4,19
617,76,5,19
618,76,5,19
619,75,6,19
620,74,7,19
621,73,8,19
622,73,8,19
623,72,9,19
624,72,9,19
625,72,9,19
626,72,9,19
627,71,10,19
628,70,10,20
629,70,10,20
630,70,9,21
631,70,9,21
632,70,9,21
633,70,9,21
634,69,10,21
635,69,10,21
636,69,10,21
637,69,10,21
638,69,10,21
639,69,10,21
640,68,11,21
641,68,11,21
642,68,11,21
643,68,11,21
644,68,11,21
645,67,12,21
646,67,12,21
647,67,12,21
648,67,11,22
649,67,11,22
650,67,11,22
651,67,11,22
652,67,11,22
653,67,10,23
654,67,9,24
655,67,8,25
656,67,8,25
657,67,8,25
658,67,8,25
659,67,8,25
660,65,10,25
661,65,10,25
662,65,10,25
663,65,10,25
664,65,10,25
665,65,10,25
666,65,10,25
667,65,9,26
668,65,9,26
669,65,9,26
670,65,9,26
671,65,9,26
672,65,9,26
673,65,8,27
674,65,8,27
675,65,8,27
676,65,8,27
677,65,8,27
678,64,9,27
679,64,9,27
680,64,8,28
681,63,9,28
682,63,9,28
683,63,9,28
684,63,9,28
685,62,10,28
686,62,10,28
687,62,9,29
688,62,9,29
689,61,10,29
690,61,10,29
691,61,10,29
692,61,10,29
693,61,10,29
694,60,11,29
695,60,11,29
696,60,10,30
697,60,10,30
698,59,10,31
699,59,10,31
700,59,10,31
701,58,11,31
702,58,10,32
703,58,10,32
704,58,10,32
705,58,10,32
706,58,9,33
707,57,10,33
708,57,9,34
709,57,9,34
710,57,9,34
711,57,8,35
712,57,7,36
713,56,8,36
714,56,8,36
715,55,9,36
716,54,9,37
717,54,9,37
718,54,9,37
719,54,9,37
720,54,9,37
721,54,9,37
722,54,9,37
723,54,9,37
724,54,9,37
725,54,8,38
726,54,8,38
727,54,8,38
728,54,8,38
729,54,8,38
730,54,8,38
731,54,7,39
732,54,7,39
733,54,7,39
734,53,7,40
735,53,6,41
736,53,6,41
737,53,5,42
738,52,6,42
739,52,6,42
740,52,6,42
741,51,7,42
742,51,7,42
743,51,7,42
744,51,7,42
745,51,7,42
746,51,7,42
747,51,7,42
748,51,7,42
749,51,6,43
750,51,6,43
751,51,6,43
752,51,6,43
753,51,6,43
754,51,6,43
755,51,6,43
756,51,6,43
757,51,6,43
758,50,7,43
759,50,7,43
760,50,7,43
761,50,7,43
762,50,7,43
763,49,8,43
764,49,8,43
765,49,7,44
766,49,6,45
767,48,7,45
768,48,7,45
769,48,7,45
770,47,8,45
771,46,9,45
772,46,9,45
773,46,8,46
774,46,8,46
775,46,8,46
776,46,8,46
777,46,8,46
778,46,8,46
779,46,8,46
780,46,8,46
781,46,8,46
782,46,8,46
783,46,8,46
784,45,9,46
785,45,9,46
786,45,9,46
787,45,9,46
788,45,9,46
789,45,8,47
790,45,8,47
791,45,8,47
792,45,8,47
793,45,8,47
794,45,7,48
795,45,7,48
796,45,7,48
797,45,7,48
798,45,7,48
799,45,7,48
800,45,7,48
801,45,7,48
802,45,6,49
803,44,7,49
804,44,7,49
805,44,7,49
806,44,7,49
807,44,7,49
808,44,6,50
809,44,6,50
810,44,6,50
811,44,6,50
812,44,6,50
813,44,6,50
814,44,6,50
815,44,6,50
816,44,6,50
817,44,6,50
818,43,7,50
819,43,7,50
820,43,7,50
821,43,7,50
822,43,7,50
823,43,7,50
824,43,7,50
825,43,7,50
826,43,7,50
827,43,7,50
828,43,7,50
829,43,6,51
830,43,6,51
831,42,7,51
832,42,7,51
833,42,6,52
834,42,5,53
835,42,4,54
836,42,4,54
837,42,4,54
838,42,4,54
839,42,4,54
840,41,4,55
841,40,5,55
842,39,6,55
843,39,6,55
844,39,6,55
845,39,6,55
846,39,6,55
847,39,6,55
848,39,6,55
849,39,6,55
850,39,6,55
851,39,6,55
852,39,6,55
853,39,6,55
854,39,6,55
855,39,6,55
856,38,7,55
857,38,7,55
858,38,7,55
859,37,8,55
860,37,7,56
861,37,7,56
862,37,7,56
863,37,7,56
864,37,6,57
865,37,6,57
866,37,6,57
867,37,6,57
868,37,6,57
869,37,6,57
870,37,6,57
871,37,6,57
872,37,5,58
873,37,5,58
874,37,5,58
875,37,5,58
876,37,5,58
877,37,5,58
878,36,6,58
879,36,6,58
880,36,6,58
881,36,6,58
882,35,7,58
883,35,7,58
884,33,9,58
885,33,9,58
886,33,9,58
887,33,9,58
888,33,9,58
889,33,9,58
890,33,9,58
891,33,8,59
892,33,7,60
893,32,8,60
894,31,9,60
895,31,8,61
896,31,8,61
897,31,8,61
898,31,7,62
899,31,6,63
900,31,6,63
901,31,6,63
902,31,6,63
903,31,6,63
904,31,6,63
905,31,6,63
906,31,6,63
907,31,6,63
908,30,7,63
909,30,7,63
910,30,7,63
911,30,7,63
912,29,7,64
913,29,7,64
914,29,6,65
915,29,6,65
916,29,6,65
917,29,6,65
918,29,6,65
919,28,7,65
920,27,8,65
921,27,8,65
922,27,7,66
923,27,7,66
924,27,7,66
925,27,7,66
926,27,7,66
927,27,6,67
928,27,6,67
929,27,6,67
930,26,7,67
931,26,7,67
932,26,7,67
933,26,7,67
934,26,7,67
935,26,7,67
936,26,7,67
937,26,6,68
938,25,7,68
939,24,7,69
940,24,7,69
941,23,8,69
942,23,8,69
943,23,8,69
944,23,8,69
945,23,8,69
946,22,8,70
947,22,8,70
948,22,8,70
949,22,7,71
950,22,7,71
951,21,8,71
952,21,8,71
953,21,8,71
954,21,7,72
955,21,7,72
956,21,7,72
957,21,7,72
958,21,6,73
959,21,6,73
960,20,7,73
961,19,8,73
962,19,8,73
963,19,8,73
964,19,8,73
965,19,8,73
966,19,7,74
967,19,7,74
968,19,7,74
969,19,7,74
970,18,8,74
971,18,8,74
972,18,8,74
973,18,8,74
974,18,8,74
975,18,8,74
976,18,7,75
977,18,6,76
978,18,6,76
979,18,5,77
980,18,4,78
981,18,4,78
982,17,5,78
983,17,5,78
984,17,5,78
985,17,5,78
986,16,6,78
987,16,6,78
988,16,5,79
989,15,6,79
990,15,6,79
991,14,7,79
992,13,8,79
993,13,8,79
994,13,8,79
995,13,8,79
996,13,8,79
997,13,8,79
998,13,8,79
999,13,8,79
1000,13,8,79
1001,13,8,79
1002,13,8,79
1003,13,8,79
1004,13,8,79
1005,13,8,79
1006,13,8,79
1007,13,8,79
1008,13,8,79
1009,13,7,80
1010,13,7,80
1011,12,8,80
1012,11,9,80
1013,11,9,80
1014,11,9,80
1015,11,8,81
1016,11,8,81
1017,11,8,81
1018,11,8,81
1019,11,8,81
1020,10,9,81
1021,10,8,82
1022,10,8,82
1023,10,8,82
1024,10,8,82
1025,10,6,84
1026,10,6,84
1027,10,6,84
1028,10,6,84
1029,10,6,84
1030,10,6,84
1031,10,6,84
1032,10,6,84
1033,10,6,84
1034,10,6,84
1035,10,6,84
1036,10,6,84
1037,10,6,84
1038,10,6,84
1039,10,6,84
1040,10,6,84
1041,10,6,84
1042,10,6,84
1043,10,6,84
1044,10,6,84
1045,10,5,85
1046,9,5,86
1047,9,5,86
1048,9,5,86
1049,9,5,86
1050,9,5,86
1051,9,5,86
1052,9,5,86
1053,9,5,86
1054,9,5,86
1055,9,4,87
1056,9,3,88
1057,9,3,88
1058,9,3,88
1059,8,4,88
1060,8,4,88
1061,8,4,88
1062,8,4,88
1063,8,4,88
1064,8,4,88
1065,8,4,88
1066,8,4,88
1067,8,4,88
1068,8,4,88
1069,8,4,88
1070,8,4,88
1071,8,4,88
1072,8,4,88
1073,8,4,88
1074,8,4,88
1075,8,4,88
1076,7,5,88
1077,7,4,89
1078,7,3,90
1079,7,3,90
1080,7,3,90
1081,7,3,90
1082,7,3,90
1083,7,3,90
1084,7,3,90
1085,7,3,90
1086,7,3,90
1087,7,3,90
1088,7,3,90
1089,7,3,90
1090,7,3,90
1091,7,3,90
1092,7,3,90
1093,7,3,90
1094,7,3,90
1095,7,3,90
1096,7,3,90
1097,7,3,90
1098,7,3,90
1099,7,3,90
1100,7,3,90
1101,7,2,91
1102,7,2,91
1103,7,2,91
1104,7,2,91
1105,7,2,91
1106,7,2,91
1107,7,2,91
1108,7,1,92
1109,7,1,92
1110,7,1,92
1111,7,1,92
1112,7,1,92
1113,7,1,92
1114,7,1,92
1115,7,1,92
1116,7,1,92
1117,7,1,92
1118,7,1,92
1119,7,1,92
1120,6,2,92
1121,6,2,92
1122,6,2,92
1123,6,2,92
1124,6,2,92
1125,6,2,92
1126,6,2,92
1127,6,2,92
1128,6,1,93
1129,6,1,93
1130,6,1,93
1131,6,1,93
1132,6,1,93
1133,5,2,93
1134,5,2,93
1135,5,2,93
1136,5,2,93
1137,5,2,93
1138,5,2,93
1139,5,2,93
1140,5,2,93
1141,5,2,93
1142,5,2,93
1143,5,2,93
1144,5,2,93
1145,5,2,93
1146,5,2,93
1147,5,2,93
1148,5,2,93
1149,5,2,93
1150,5,2,93
1151,5,2,93
1152,5,2,93
1153,5,2,93
1154,5,2,93
1155,5,2,93
1156,5,2,93
1157,5,2,93
1158,5,2,93
1159,5,2,93
1160,5,2,93
1161,5,2,93
1162,5,2,93
1163,5,2,93
1164,5,2,93
1165,5,2,93
1166,5,2,93
1167,5,2,93
1168,4,3,93
1169,4,3,93
1170,4,3,93
1171,4,3,93
1172,4,3,93
1173,4,3,93
1174,3,4,93
1175,3,4,93
1176,3,4,93
1177,3,4,93
1178,3,4,93
1179,3,4,93
1180,3,4,93
1181,3,4,93
1182,3,4,93
1183,3,4,93
1184,3,3,94
1185,3,3,94
1186,3,3,94
1187,3,3,94
1188,3,3,94
1189,3,3,94
1190,3,3,94
1191,3,3,94
1192,3,2,95
1193,3,2,95
1194,3,2,95
1195,3,2,95
1196,2,3,95
1197,2,3,95
1198,2,3,95
1199,2,3,95
1200,2,3,95
1201,2,3,95
1202,2,3,95
1203,2,3,95
1204,2,3,95
1205,2,2,96
1206,2,2,96
1207,2,2,96
1208,2,2,96
1209,2,2,96
1210,2,2,96
1211,2,2,96
1212,2,2,96
1213,2,2,96
1214,2,2,96
1215,2,2,96
1216,2,2,96
1217,2,2,96
1218,2,2,96
1219,2,2,96
1220,2,2,96
1221,2,2,96
1222,2,2,96
1223,2,2,96
1224,2,2,96
1225,2,2,96
1226,2,2,96
1227,2,2,96
1228,2,2,96
1229,2,2,96
1230,2,2,96
1231,2,2,96
1232,2,2,96
1233,2,2,96
1234,2,2,96
1235,2,2,96
1236,2,2,96
1237,2,2,96
1238,2,2,96
1239,2,2,96
1240,2,2,96
1241,2,2,96
1242,2,2,96
1243,2,2,96
1244,2,2,96
1245,2,2,96
1246,2,2,96
1247,2,2,96
1248,2,2,96
1249,2,2,96
1250,2,1,97
1251,1,2,97
1252,1,2,97
1253,1,2,97
1254,1,2,97
1255,1,1,98
1256,1,1,98
1257,1,1,98
1258,1,1,98
1259,1,1,98
1260,1,1,98
1261,1,1,98
1262,1,1,98
1263,1,1,98
1264,1,1,98
1265,1,1,98
1266,1,1,98
1267,1,1,98
1268,1,1,98
1269,1,1,98
1270,1,1,98
1271,1,1,98
1272,1,1,98
1273,1,1,98
1274,1,1,98
1275,1,1,98
1276,1,1,98
1277,1,1,98
1278,1,1,98
1279,1,1,98
1280,1,1,98
1281,1,1,98
1282,1,1,98
1283,1,1,98
1284,1,1,98
1285,1,1,98
1286,1,1,98
1287,1,1,98
1288,1,1,98
1289,1,1,98
1290,1,1,98
1291,1,1,98
1292,1,1,98
1293,1,1,98
1294,1,1,98
1295,0,1,99
1296,0,1,99
1297,0,1,99
1298,0,1,99
1299,0,1,99
1300,0,0,100
1301,0,0,100
1302,0,0,100
1303,0,0,100
1304,0,0,100
1305,0,0,100
1306,0,0,100
1307,0,0,100
1308,0,0,100
1309,0,0,100
1310,0,0,100
1311,0,0,100
1312,0,0,100
1313,0,0,100
1314,0,0,100
1315,0,0,100
1316,0,0,100
1317,0,0,100
1318,0,0,100
1319,0,0,100
1320,0,0,100
1321,0,0,100
1322,0,0,100
1323,0,0,100
1324,0,0,100
1325,0,0,100
1326,0,0,100
1327,0,0,100
1328,0,0,100
1329,0,0,100
1330,0,0,100
1331,0,0,100
1332,0,0,100
1333,0,0,100
1334,0,0,100
1335,0,0,100
1336,0,0,100
1337,0,0,100
1338,0,0,100
1339,0,0,100
1340,0,0,100
1341,0,0,100
1342,0,0,100
1343,0,0,100
1344,0,0,100
1345,0,0,100
1346,0,0,100
1347,0,0,100
1348,0,0,100
1349,0,0,100
1350,0,0,100
1351,0,0,100
1352,0,0,100
1353,0,0,100
1354,0,0,100
1355,0,0,100
1356,0,0,100
1357,0,0,100
1358,0,0,100
1359,0,0,100
1360,0,0,100
1361,0,0,100
1362,0,0,100
1363,0,0,100
1364,0,0,100
1365,0,0,100
1366,0,0,100
1367,0,0,100
1368,0,0,100
1369,0,0,100
1370,0,0,100
1371,0,0,100
1372,0,0,100
1373,0,0,100
1374,0,0,100
1375,0,0,100
1376,0,0,100
1377,0,0,100
1378,0,0,100
1379,0,0,100
1380,0,0,100
1381,0,0,100
1382,0,0,100
1383,0,0,100
1384,0,0,100
1385,0,0,100
1386,0,0,100
1387,0,0,100
1388,0,0,100
1389,0,0,100
1390,0,0,100
1391,0,0,100
1392,0,0,100
1393,0,0,100
1394,0,0,100
1395,0,0,100
1396,0,0,100
1397,0,0,100
1398,0,0,100
1399,0,0,100
1400,0,0,100
1401,0,0,100
1402,0,0,100
1403,0,0,100
1404,0,0,100
1405,0,0,100
1406,0,0,100
1407,0,0,100
1408,0,0,100
1409,0,0,100
1410,0,0,100
1411,0,0,100
1412,0,0,100
1413,0,0,100
1414,0,0,100
1415,0,0,100
1416,0,0,100
1417,0,0,100
1418,0,0,100
1419,0,0,100
1420,0,0,100
1421,0,0,100
1422,0,0,100
1423,0,0,100
1424,0,0,100
1425,0,0,100
1426,0,0,100
1427,0,0,100
1428,0,0,100
1429,0,0,100
1430,0,0,100
1431,0,0,100
1432,0,0,100
1433,0,0,100
1434,0,0,100
1435,0,0,100
1436,0,0,100
1437,0,0,100
1438,0,0,100
1439,0,0,100
1440,0,0,100
1441,0,0,100
1442,0,0,100
1443,0,0,100
1444,0,0,100
1445,0,0,100
1446,0,0,100
1447,0,0,100
1448,0,0,100
1449,0,0,100
1450,0,0,100
1451,0,0,100
1452,0,0,100
1453,0,0,100
1454,0,0,100
1455,0,0,100
1456,0,0,100
1457,0,0,100
1458,0,0,100
1459,0,0,100
1460,0,0,100
1461,0,0,100
1462,0,0,100
1463,0,0,100
1464,0,0,100
1465,0,0,100
1466,0,0,100
1467,0,0,100
1468,0,0,100
1469,0,0,100
1470,0,0,100
1471,0,0,100
1472,0,0,100
1473,0,0,100
1474,0,0,100
1475,0,0,100
1476,0,0,100
1477,0,0,100
1478,0,0,100
1479,0,0,100
1480,0,0,100
1481,0,0,100
1482,0,0,100
1483,0,0,100
1484,0,0,100
1485,0,0,100
1486,0,0,100
1487,0,0,100
1488,0,0,100
1489,0,0,100
1490,0,0,100
1491,0,0,100
1492,0,0,100
1493,0,0,100
1494,0,0,100
1495,0,0,100
1496,0,0,100
1497,0,0,100
1498,0,0,100
1499,0,0,100
1500,0,0,100
1501,0,0,100
1502,0,0,100
1503,0,0,100
1504,0,0,100
1505,0,0,100
1506,0,0,100
1507,0,0,100
1508,0,0,100
1509,0,0,100
1510,0,0,100
1511,0,0,100
1512,0,0,100
1513,0,0,100
1514,0,0,100
1515,0,0,100
1516,0,0,100
1517,0,0,100
1518,0,0,100
1519,0,0,100
1520,0,0,100
1521,0,0,100
1522,0,0,100
1523,0,0,100
1524,0,0,100
1525,0,0,100
1526,0,0,100
1527,0,0,100
1528,0,0,100
1529,0,0,100
1530,0,0,100
1531,0,0,100
1532,0,0,100
1533,0,0,100
1534,0,0,100
1535,0,0,100
1536,0,0,100
1537,0,0,100
1538,0,0,100
1539,0,0,100
1540,0,0,100
1541,0,0,100
1542,0,0,100
1543,0,0,100
1544,0,0,100
1545,0,0,100
1546,0,0,100
1547,0,0,100
1548,0,0,100
1549,0,0,100
1550,0,0,100
1551,0,0,100
1552,0,0,100
1553,0,0,100
1554,0,0,100
1555,0,0,100
1556,0,0,100
1557,0,0,100
1558,0,0,100
1559,0,0,100
1560,0,0,100
1561,0,0,100
1562,0,0,100
1563,0,0,100
1564,0,0,100
1565,0,0,100
1566,0,0,100
1567,0,0,100
1568,0,0,100
1569,0,0,100
1570,0,0,100
1571,0,0,100
1572,0,0,100
1573,0,0,100
1574,0,0,100
1575,0,0,100
1576,0,0,100
1577,0,0,100
1578,0,0,100
1579,0,0,100
1580,0,0,100
1581,0,0,100
1582,0,0,100
1583,0,0,100
1584,0,0,100
1585,0,0,100
1586,0,0,100
1587,0,0,100
1588,0,0,100
1589,0,0,100
1590,0,0,100
1591,0,0,100
1592,0,0,100
1593,0,0,100
1594,0,0,100
1595,0,0,100
1596,0,0,100
1597,0,0,100
1598,0,0,100
1599,0,0,100
1600,0,0,100
1601,0,0,100
1602,0,0,100
1603,0,0,100
1604,0,0,100
1605,0,0,100
1606,0,0,100
1607,0,0,100
1608,0,0,100
1609,0,0,100
1610,0,0,100
1611,0,0,100
1612,0,0,100
1613,0,0,100
1614,0,0,100
1615,0,0,100
1616,0,0,100
1617,0,0,100
1618,0,0,100
1619,0,0,100
1620,0,0,100
1621,0,0,100
1622,0,0,100
1623,0,0,100
1624,0,0,100
1625,0,0,100
1626,0,0,100
1627,0,0,100
1628,0,0,100
1629,0,0,100
1630,0,0,100
1631,0,0,100
1632,0,0,100
1633,0,0,100
1634,0,0,100
1635,0,0,100
1636,0,0,100
1637,0,0,100
1638,0,0,100
1639,0,0,100
1640,0,0,100
1641,0,0,100
1642,0,0,100
1643,0,0,100
1644,0,0,100
1645,0,0,100
1646,0,0,100
1647,0,0,100
1648,0,0,100
1649,0,0,100
1650,0,0,100
1651,0,0,100
1652,0,0,100
1653,0,0,100
1654,0,0,100
1655,0,0,100
1656,0,0,100
1657,0,0,100
1658,0,0,100
1659,0,0,100
1660,0,0,100
1661,0,0,100
1662,0,0,100
1663,0,0,100
1664,0,0,100
1665,0,0,100
1666,0,0,100
1667,0,0,100
1668,0,0,100
1669,0,0,100
1670,0,0,100
1671,0,0,100
1672,0,0,100
1673,0,0,100
1674,0,0,100
1675,0,0,100
1676,0,0,100
1677,0,0,100
1678,0,0,100
1679,0,0,100
1680,0,0,100
1681,0,0,100
1682,0,0,100
1683,0,0,100
1684,0,0,100
1685,0,0,100
1686,0,0,100
1687,0,0,100
1688,0,0,100
1689,0,0,100
1690,0,0,100
1691,0,0,100
1692,0,0,100
1693,0,0,100
1694,0,0,100
1695,0,0,100
1696,0,0,100
1697,0,0,100
1698,0,0,100
1699,0,0,100
1700,0,0,100
1701,0,0,100
1702,0,0,100
1703,0,0,100
1704,0,0,100
1705,0,0,100
1706,0,0,100
1707,0,0,100
1708,0,0,100
1709,0,0,100
1710,0,0,100
1711,0,0,100
1712,0,0,100
1713,0,0,100
1714,0,0,100
1715,0,0,100
1716,0,0,100
1717,0,0,100
1718,0,0,100
1719,0,0,100
1720,0,0,100
1721,0,0,100
1722,0,0,100
1723,0,0,100
1724,0,0,100
1725,0,0,100
1726,0,0,100
1727,0,0,100
1728,0,0,100
1729,0,0,100
1730,0,0,100
1731,0,0,100
1732,0,0,100
1733,0,0,100
1734,0,0,100
1735,0,0,100
1736,0,0,100
1737,0,0,100
1738,0,0,100
1739,0,0,100
1740,0,0,100
1741,0,0,100
1742,0,0,100
1743,0,0,100
1744,0,0,100
1745,0,0,100
1746,0,0,100
1747,0,0,100
1748,0,0,100
1749,0,0,100
1750,0,0,100
1751,0,0,100
1752,0,0,100
1753,0,0,100
1754,0,0,100
1755,0,0,100
1756,0,0,100
1757,0,0,100
1758,0,0,100
1759,0,0,100
1760,0,0,100
1761,0,0,100
1762,0,0,100
1763,0,0,100
1764,0,0,100
1765,0,0,100
1766,0,0,100
1767,0,0,100
1768,0,0,100
1769,0,0,100
1770,0,0,100
1771,0,0,100
1772,0,0,100
1773,0,0,100
1774,0,0,100
1775,0,0,100
1776,0,0,100
1777,0,0,100
1778,0,0,100
1779,0,0,100
1780,0,0,100
1781,0,0,100
1782,0,0,100
1783,0,0,100
1784,0,0,100
1785,0,0,100
1786,0,0,100
1787,0,0,100
1788,0,0,100
1789,0,0,100
1790,0,0,100
1791,0,0,100
1792,0,0,100
1793,0,0,100
1794,0,0,100
1795,0,0,100
1796,0,0,100
1797,0,0,100
1798,0,0,100
1799,0,0,100
1800,0,0,100
1801,0,0,100
1802,0,0,100
1803,0,0,100
1804,0,0,100
1805,0,0,100
1806,0,0,100
1807,0,0,100
1808,0,0,100
1809,0,0,100
1810,0,0,100
1811,0,0,100
1812,0,0,100
1813,0,0,100
1814,0,0,100
1815,0,0,100
1816,0,0,100
1817,0,0,100
1818,0,0,100
1819,0,0,100
1820,0,0,100
1821,0,0,100
1822,0,0,100
1823,0,0,100
1824,0,0,100
1825,0,0,100
1826,0,0,100
1827,0,0,100
1828,0,0,100
1829,0,0,100
1830,0,0,100
1831,0,0,100
1832,0,0,100
1833,0,0,100
1834,0,0,100
1835,0,0,100
1836,0,0,100
1837,0,0,100
1838,0,0,100
1839,0,0,100
1840,0,0,100
1841,0,0,100
1842,0,0,100
1843,0,0,100
1844,0,0,100
1845,0,0,100
1846,0,0,100
1847,0,0,100
1848,0,0,100
1849,0,0,100
1850,0,0,100
1851,0,0,100
1852,0,0,100
1853,0,0,100
1854,0,0,100
1855,0,0,100
1856,0,0,100
1857,0,0,100
1858,0,0,100
1859,0,0,100
1860,0,0,100
1861,0,0,100
1862,0,0,100
1863,0,0,100
1864,0,0,100
1865,0,0,100
1866,0,0,100
1867,0,0,100
1868,0,0,100
1869,0,0,100
1870,0,0,100
1871,0,0,100
1872,0,0,100
1873,0,0,100
1874,0,0,100
1875,0,0,100
1876,0,0,100
1877,0,0,100
1878,0,0,100
1879,0,0,100
1880,0,0,100
1881,0,0,100
1882,0,0,100
1883,0,0,100
1884,0,0,100
1885,0,0,100
1886,0,0,100
1887,0,0,100
1888,0,0,100
1889,0,0,100
1890,0,0,100
1891,0,0,100
1892,0,0,100
1893,0,0,100
1894,0,0,100
1895,0,0,100
1896,0,0,100
1897,0,0,100
1898,0,0,100
1899,0,0,100
1900,0,0,100
1901,0,0,100
1902,0,0,100
1903,0,0,100
1904,0,0,100
1905,0,0,100
1906,0,0,100
1907,0,0,100
1908,0,0,100
1909,0,0,100
1910,0,0,100
1911,0,0,100
1912,0,0,100
1913,0,0,100
1914,0,0,100
1915,0,0,100
1916,0,0,100
1917,0,0,100
1918,0,0,100
1919,0,0,100
1920,0,0,100
1921,0,0,100
1922,0,0,100
1923,0,0,100
1924,0,0,100
1925,0,0,100
1926,0,0,100
1927,0,0,100
1928,0,0,100
1929,0,0,100
1930,0,0,100
1931,0,0,100
1932,0,0,100
1933,0,0,100
1934,0,0,100
1935,0,0,100
1936,0,0,100
1937,0,0,100
1938,0,0,100
1939,0,0,100
1940,0,0,100
1941,0,0,100
1942,0,0,100
1943,0,0,100
1944,0,0,100
1945,0,0,100
1946,0,0,100
1947,0,0,100
1948,0,0,100
1949,0,0,100
1950,0,0,100
1951,0,0,100
1952,0,0,100
1953,0,0,100
1954,0,0,100
1955,0,0,100
1956,0,0,100
1957,0,0,100
1958,0,0,100
1959,0,0,100
1960,0,0,100
1961,0,0,100
1962,0,0,100
1963,0,0,100
1964,0,0,100
1965,0,0,100
1966,0,0,100
1967,0,0,100
1968,0,0,100
1969,0,0,100
1970,0,0,100
1971,0,0,100
1972,0,0,100
1973,0,0,100
1974,0,0,100
1975,0,0,100
1976,0,0,100
1977,0,0,100
1978,0,0,100
1979,0,0,100
1980,0,0,100
1981,0,0,100
1982,0,0,100
1983,0,0,100
1984,0,0,100
1985,0,0,100
1986,0,0,100
1987,0,0,100
1988,0,0,100
1989,0,0,100
1990,0,0,100
1991,0,0,100
1992,0,0,100
1993,0,0,100
1994,0,0,100
1995,0,0,100
1996,0,0,100
1997,0,0,100
1998,0,0,100
1999,0,0,100
2000,0,0,100
2001,0,0,100
2002,0,0,100
2003,0,0,100
2004,0,0,100
2005,0,0,100
2006,0,0,100
2007,0,0,100
2008,0,0,100
2009,0,0,100
2010,0,0,100
2011,0,0,100
2012,0,0,100
2013,0,0,100
2014,0,0,100
2015,0,0,100
2016,0,0,100
2017,0,0,100
2018,0,0,100
2019,0,0,100
2020,0,0,100
2021,0,0,100
2022,0,0,100
2023,0,0,100
2024,0,0,100
2025,0,0,100
2026,0,0,100
2027,0,0,100
2028,0,0,100
2029,0,0,100
2030,0,0,100
2031,0,0,100
2032,0,0,100
2033,0,0,100
2034,0,0,100
2035,0,0,100
2036,0,0,100
2037,0,0,100
2038,0,0,100
2039,0,0,100
2040,0,0,100
2041,0,0,100
2042,0,0,100
2043,0,0,100
2044,0,0,100
2045,0,0,100
2046,0,0,100
2047,0,0,100
2048,0,0,100
2049,0,0,100
2050,0,0,100
2051,0,0,100
2052,0,0,100
2053,0,0,100
2054,0,0,100
2055,0,0,100
2056,0,0,100
2057,0,0,100
2058,0,0,100
2059,0,0,100
2060,0,0,100
2061,0,0,100
2062,0,0,100
2063,0,0,100
2064,0,0,100
2065,0,0,100
2066,0,0,100
2067,0,0,100
2068,0,0,100
2069,0,0,100
2070,0,0,100
2071,0,0,100
2072,0,0,100
2073,0,0,100
2074,0,0,100
2075,0,0,100
2076,0,0,100
2077,0,0,100
2078,0,0,100
2079,0,0,100
2080,0,0,100
2081,0,0,100
2082,0,0,100
2083,0,0,100
2084,0,0,100
2085,0,0,100
2086,0,0,100
2087,0,0,100
2088,0,0,100
2089,0,0,100
2090,0,0,100
2091,0,0,100
2092,0,0,100
2093,0,0,100
2094,0,0,100
2095,0,0,100
2096,0,0,100
2097,0,0,100
2098,0,0,100
2099,0,0,100
2100,0,0,100
2101,0,0,100
2102,0,0,100
2103,0,0,100
2104,0,0,100
2105,0,0,100
2106,0,0,100
2107,0,0,100
2108,0,0,100
2109,0,0,100
2110,0,0,100
2111,0,0,100
2112,0,0,100
2113,0,0,100
2114,0,0,100
2115,0,0,100
2116,0,0,100
2117,0,0,100
2118,0,0,100
2119,0,0,100
2120,0,0,100
2121,0,0,100
2122,0,0,100
2123,0,0,100
2124,0,0,100
2125,0,0,100
2126,0,0,100
2127,0,0,100
2128,0,0,100
2129,0,0,100
2130,0,0,100
2131,0,0,100
2132,0,0,100
2133,0,0,100
2134,0,0,100
2135,0,0,100
2136,0,0,100
2137,0,0,100
2138,0,0,100
2139,0,0,100
2140,0,0,100
2141,0,0,100
2142,0,0,100
2143,0,0,100
2144,0,0,100
2145,0,0,100
2146,0,0,100
2147,0,0,100
2148,0,0,100
2149,0,0,100
2150,0,0,100
2151,0,0,100
2152,0,0,100
2153,0,0,100
2154,0,0,100
2155,0,0,100
2156,0,0,100
2157,0,0,100
2158,0,0,100
2159,0,0,100
2160,0,0,100
2161,0,0,100
2162,0,0,100
2163,0,0,100
2164,0,0,100
2165,0,0,100
2166,0,0,100
2167,0,0,100
2168,0,0,100
2169,0,0,100
2170,0,0,100
2171,0,0,100
2172,0,0,100
2173,0,0,100
2174,0,0,100
2175,0,0,100
2176,0,0,100
2177,0,0,100
2178,0,0,100
2179,0,0,100
2180,0,0,100
2181,0,0,100
2182,0,0,100
2183,0,0,100
2184,0,0,100
2185,0,0,100
2186,0,0,100
2187,0,0,100
2188,0,0,100
2189,0,0,100
2190,0,0,100
2191,0,0,100
2192,0,0,100
2193,0,0,100
2194,0,0,100
2195,0,0,100
2196,0,0,100
2197,0,0,100
2198,0,0,100
2199,0,0,100
2200,0,0,100
2201,0,0,100
2202,0,0,100
2203,0,0,100
2204,0,0,100
2205,0,0,100
2206,0,0,100
2207,0,0,100
2208,0,0,100
2209,0,0,100
2210,0,0,100
2211,0,0,100
2212,0,0,100
2213,0,0,100
2214,0,0,100
2215,0,0,100
2216,0,0,100
2217,0,0,100
2218,0,0,100
2219,0,0,100
2220,0,0,100
2221,0,0,100
2222,0,0,100
2223,0,0,100
2224,0,0,100
2225,0,0,100
2226,0,0,100
2227,0,0,100
2228,0,0,100
2229,0,0,100
2230,0,0,100
2231,0,0,100
2232,0,0,100
2233,0,0,100
2234,0,0,100
2235,0,0,100
2236,0,0,100
2237,0,0,100
2238,0,0,100
2239,0,0,100
2240,0,0,100
2241,0,0,100
2242,0,0,100
2243,0,0,100
2244,0,0,100
2245,0,0,100
2246,0,0,100
2247,0,0,100
2248,0,0,100
2249,0,0,100
2250,0,0,100
2251,0,0,100
2252,0,0,100
2253,0,0,100
2254,0,0,100
2255,0,0,100
2256,0,0,100
2257,0,0,100
2258,0,0,100
2259,0,0,100
2260,0,0,100
2261,0,0,100
2262,0,0,100
2263,0,0,100
2264,0,0,100
2265,0,0,100
2266,0,0,100
2267,0,0,100
2268,0,0,100
2269,0,0,100
2270,0,0,100
2271,0,0,100
2272,0,0,100
2273,0,0,100
2274,0,0,100
2275,0,0,100
2276,0,0,100
2277,0,0,100
2278,0,0,100
2279,0,0,100
2280,0,0,100
2281,0,0,100
2282,0,0,100
2283,0,0,100
2284,0,0,100
2285,0,0,100
2286,0,0,100
2287,0,0,100
2288,0,0,100
2289,0,0,100
2290,0,0,100
2291,0,0,100
2292,0,0,100
2293,0,0,100
2294,0,0,100
2295,0,0,100
2296,0,0,100
2297,0,0,100
2298,0,0,100
2299,0,0,100
2300,0,0,100
2301,0,0,100
2302,0,0,100
2303,0,0,100
2304,0,0,100
2305,0,0,100
2306,0,0,100
2307,0,0,100
2308,0,0,100
2309,0,0,100
2310,0,0,100
2311,0,0,100
2312,0,0,100
2313,0,0,100
2314,0,0,100
2315,0,0,100
2316,0,0,100
2317,0,0,100
2318,0,0,100
2319,0,0,100
2320,0,0,100
2321,0,0,100
2322,0,0,100
2323,0,0,100
2324,0,0,100
2325,0,0,100
2326,0,0,100
2327,0,0,100
2328,0,0,100
2329,0,0,100
2330,0,0,100
2331,0,0,100
2332,0,0,100
2333,0,0,100
2334,0,0,100
2335,0,0,100
2336,0,0,100
2337,0,0,100
2338,0,0,100
2339,0,0,100
2340,0,0,100
2341,0,0,100
2342,0,0,100
2343,0,0,100
2344,0,0,100
2345,0,0,100
2346,0,0,100
2347,0,0,100
2348,0,0,100
2349,0,0,100
2350,0,0,100
2351,0,0,100
2352,0,0,100
2353,0,0,100
2354,0,0,100
2355,0,0,100
2356,0,0,100
2357,0,0,100
2358,0,0,100
2359,0,0,100
2360,0,0,100
2361,0,0,100
2362,0,0,100
2363,0,0,100
2364,0,0,100
2365,0,0,100
2366,0,0,100
2367,0,0,100
2368,0,0,100
2369,0,0,100
2370,0,0,100
2371,0,0,100
2372,0,0,100
2373,0,0,100
2374,0,0,100
2375,0,0,100
2376,0,0,100
2377,0,0,100
2378,0,0,100
2379,0,0,100
2380,0,0,100
2381,0,0,100
2382,0,0,100
2383,0,0,100
2384,0,0,100
2385,0,0,100
2386,0,0,100
2387,0,0,100
2388,0,0,100
2389,0,0,100
2390,0,0,100
2391,0,0,100
2392,0,0,100
2393,0,0,100
2394,0,0,100
2395,0,0,100
2396,0,0,100
2397,0,0,100
2398,0,0,100
2399,0,0,100
2400,0,0,100
2401,0,0,100
2402,0,0,100
2403,0,0,100
2404,0,0,100
2405,0,0,100
2406,0,0,100
2407,0,0,100
2408,0,0,100
2409,0,0,100
2410,0,0,100
2411,0,0,100
2412,0,0,100
2413,0,0,100
2414,0,0,100
2415,0,0,100
2416,0,0,100
2417,0,0,100
2418,0,0,100
2419,0,0,100
2420,0,0,100
2421,0,0,100
2422,0,0,100
2423,0,0,100
2424,0,0,100
2425,0,0,100
2426,0,0,100
2427,0,0,100
2428,0,0,100
2429,0,0,100
2430,0,0,100
2431,0,0,100
2432,0,0,100
2433,0,0,100
2434,0,0,100
2435,0,0,100
2436,0,0,100
2437,0,0,100
2438,0,0,100
2439,0,0,100
2440,0,0,100
2441,0,0,100
2442,0,0,100
2443,0,0,100
2444,0,0,100
2445,0,0,100
2446,0,0,100
2447,0,0,100
2448,0,0,100
2449,0,0,100
2450,0,0,100
2451,0,0,100
2452,0,0,100
2453,0,0,100
2454,0,0,100
2455,0,0,100
2456,0,0,100
2457,0,0,100
2458,0,0,100
2459,0,0,100
2460,0,0,100
2461,0,0,100
2462,0,0,100
2463,0,0,100
2464,0,0,100
2465,0,0,100
2466,0,0,100
2467,0,0,100
2468,0,0,100
2469,0,0,100
2470,0,0,100
2471,0,0,100
2472,0,0,100
2473,0,0,100
2474,0,0,100
2475,0,0,100
2476,0,0,100
2477,0,0,100
2478,0,0,100
2479,0,0,100
2480,0,0,100
2481,0,0,100
2482,0,0,100
2483,0,0,100
2484,0,0,100
2485,0,0,100
2486,0,0,100
2487,0,0,100
2488,0,0,100
2489,0,0,100
2490,0,0,100
2491,0,0,100
2492,0,0,100
2493,0,0,100
2494,0,0,100
2495,0,0,100
2496,0,0,100
2497,0,0,100
2498,0,0,100
2499,0,0,100
2500,0,0,100
2501,0,0,100
2502,0,0,100
2503,0,0,100
2504,0,0,100
2505,0,0,100
2506,0,0,100
2507,0,0,100
2508,0,0,100
2509,0,0,100
2510,0,0,100
2511,0,0,100
2512,0,0,100
2513,0,0,100
2514,0,0,100
2515,0,0,100
2516,0,0,100
2517,0,0,100
2518,0,0,100
2519,0,0,100
2520,0,0,100
2521,0,0,100
2522,0,0,100
2523,0,0,100
2524,0,0,100
2525,0,0,100
2526,0,0,100
2527,0,0,100
2528,0,0,100
2529,0,0,100
2530,0,0,100
2531,0,0,100
2532,0,0,100
2533,0,0,100
2534,0,0,100
2535,0,0,100
2536,0,0,100
2537,0,0,100
2538,0,0,100
2539,0,0,100
2540,0,0,100
2541,0,0,100
2542,0,0,100
2543,0,0,100
2544,0,0,100
2545,0,0,100
2546,0,0,100
2547,0,0,100
2548,0,0,100
2549,0,0,100
2550,0,0,100
2551,0,0,100
2552,0,0,100
2553,0,0,100
2554,0,0,100
2555,0,0,100
2556,0,0,100
2557,0,0,100
2558,0,0,100
2559,0,0,100
2560,0,0,100
2561,0,0,100
2562,0,0,100
2563,0,0,100
2564,0,0,100
2565,0,0,100
2566,0,0,100
2567,0,0,100
2568,0,0,100
2569,0,0,100
2570,0,0,100
2571,0,0,100
2572,0,0,100
2573,0,0,100
2574,0,0,100
2575,0,0,100
2576,0,0,100
2577,0,0,100
2578,0,0,100
2579,0,0,100
2580,0,0,100
2581,0,0,100
2582,0,0,100
2583,0,0,100
2584,0,0,100
2585,0,0,100
2586,0,0,100
2587,0,0,100
2588,0,0,100
2589,0,0,100
2590,0,0,100
2591,0,0,100
2592,0,0,100
2593,0,0,100
2594,0,0,100
2595,0,0,100
2596,0,0,100
2597,0,0,100
2598,0,0,100
2599,0,0,100
2600,0,0,100
2601,0,0,100
2602,0,0,100
2603,0,0,100
2604,0,0,100
2605,0,0,100
2606,0,0,100
2607,0,0,100
2608,0,0,100
2609,0,0,100
2610,0,0,100
2611,0,0,100
2612,0,0,100
2613,0,0,100
2614,0,0,100
2615,0,0,100
2616,0,0,100
2617,0,0,100
2618,0,0,100
2619,0,0,100
2620,0,0,100
2621,0,0,100
2622,0,0,100
2623,0,0,100
2624,0,0,100
2625,0,0,100
2626,0,0,100
2627,0,0,100
2628,0,0,100
2629,0,0,100
2630,0,0,100
2631,0,0,100
2632,0,0,100
2633,0,0,100
2634,0,0,100
2635,0,0,100
2636,0,0,100
2637,0,0,100
2638,0,0,100
2639,0,0,100
2640,0,0,100
2641,0,0,100
2642,0,0,100
2643,0,0,100
2644,0,0,100
2645,0,0,100
2646,0,0,100
2647,0,0,100
2648,0,0,100
2649,0,0,100
2650,0,0,100
2651,0,0,100
2652,0,0,100
2653,0,0,100
2654,0,0,100
2655,0,0,100
2656,0,0,100
2657,0,0,100
2658,0,0,100
2659,0,0,100
2660,0,0,100
2661,0,0,100
2662,0,0,100
2663,0,0,100
2664,0,0,100
2665,0,0,100
2666,0,0,100
2667,0,0,100
2668,0,0,100
2669,0,0,100
2670,0,0,100
2671,0,0,100
2672,0,0,100
2673,0,0,100
2674,0,0,100
2675,0,0,100
2676,0,0,100
2677,0,0,100
2678,0,0,100
2679,0,0,100
2680,0,0,100
2681,0,0,100
2682,0,0,100
2683,0,0,100
2684,0,0,100
2685,0,0,100
2686,0,0,100
2687,0,0,100
2688,0,0,100
2689,0,0,100
2690,0,0,100
2691,0,0,100
2692,0,0,100
2693,0,0,100
2694,0,0,100
2695,0,0,100
2696,0,0,100
2697,0,0,100
2698,0,0,100
2699,0,0,100
2700,0,0,100
2701,0,0,100
2702,0,0,100
2703,0,0,100
2704,0,0,100
2705,0,0,100
2706,0,0,100
2707,0,0,100
2708,0,0,100
2709,0,0,100
2710,0,0,100
2711,0,0,100
2712,0,0,100
2713,0,0,100
2714,0,0,100
2715,0,0,100
2716,0,0,100
2717,0,0,100
2718,0,0,100
2719,0,0,100
2720,0,0,100
2721,0,0,100
2722,0,0,100
2723,0,0,100
2724,0,0,100
2725,0,0,100
2726,0,0,100
2727,0,0,100
2728,0,0,100
2729,0,0,100
2730,0,0,100
2731,0,0,100
2732,0,0,100
2733,0,0,100
2734,0,0,100
2735,0,0,100
2736,0,0,100
2737,0,0,100
2738,0,0,100
2739,0,0,100
2740,0,0,100
2741,0,0,100
2742,0,0,100
2743,0,0,100
2744,0,0,100
2745,0,0,100
2746,0,0,100
2747,0,0,100
2748,0,0,100
2749,0,0,100
2750,0,0,100
2751,0,0,100
2752,0,0,100
2753,0,0,100
2754,0,0,100
2755,0,0,100
2756,0,0,100
2757,0,0,100
2758,0,0,100
2759,0,0,100
2760,0,0,100
2761,0,0,100
2762,0,0,100
2763,0,0,100
2764,0,0,100
2765,0,0,100
2766,0,0,100
2767,0,0,100
2768,0,0,100
2769,0,0,100
2770,0,0,100
2771,0,0,100
2772,0,0,100
2773,0,0,100
2774,0,0,100
2775,0,0,100
2776,0,0,100
2777,0,0,100
2778,0,0,100
2779,0,0,100
2780,0,0,100
2781,0,0,100
2782,0,0,100
2783,0,0,100
2784,0,0,100
2785,0,0,100
2786,0,0,100
2787,0,0,100
2788,0,0,100
2789,0,0,100
2790,0,0,100
2791,0,0,100
2792,0,0,100
2793,0,0,100
2794,0,0,100
2795,0,0,100
2796,0,0,100
2797,0,0,100
2798,0,0,100
2799,0,0,100
2800,0,0,100
2801,0,0,100
2802,0,0,100
2803,0,0,100
2804,0,0,100
2805,0,0,100
2806,0,0,100
2807,0,0,100
2808,0,0,100
2809,0,0,100
2810,0,0,100
2811,0,0,100
2812,0,0,100
2813,0,0,100
2814,0,0,100
2815,0,0,100
2816,0,0,100
2817,0,0,100
2818,0,0,100
2819,0,0,100
2820,0,0,100
2821,0,0,100
2822,0,0,100
2823,0,0,100
2824,0,0,100
2825,0,0,100
2826,0,0,100
2827,0,0,100
2828,0,0,100
2829,0,0,100
2830,0,0,100
2831,0,0,100
2832,0,0,100
2833,0,0,100
2834,0,0,100
2835,0,0,100
2836,0,0,100
2837,0,0,100
2838,0,0,100
2839,0,0,100
2840,0,0,100
2841,0,0,100
2842,0,0,100
2843,0,0,100
2844,0,0,100
2845,0,0,100
2846,0,0,100
2847,0,0,100
2848,0,0,100
2849,0,0,100
2850,0,0,100
2851,0,0,100
2852,0,0,100
2853,0,0,100
2854,0,0,100
2855,0,0,100
2856,0,0,100
2857,0,0,100
2858,0,0,100
2859,0,0,100
2860,0,0,100
2861,0,0,100
2862,0,0,100
2863,0,0,100
2864,0,0,100
2865,0,0,100
2866,0,0,100
2867,0,0,100
2868,0,0,100
2869,0,0,100
2870,0,0,100
2871,0,0,100
2872,0,0,100
2873,0,0,100
2874,0,0,100
2875,0,0,100
2876,0,0,100
2877,0,0,100
2878,0,0,100
2879,0,0,100
2880,0,0,100
2881,0,0,100
2882,0,0,100
2883,0,0,100
2884,0,0,100
2885,0,0,100
2886,0,0,100
2887,0,0,100
2888,0,0,100
2889,0,0,100
2890,0,0,100
2891,0,0,100
2892,0,0,100
2893,0,0,100
2894,0,0,100
2895,0,0,100
2896,0,0,100
2897,0,0,100
2898,0,0,100
2899,0,0,100
2900,0,0,100
2901,0,0,100
2902,0,0,100
2903,0,0,100
2904,0,0,100
2905,0,0,100
2906,0,0,100
2907,0,0,100
2908,0,0,100
2909,0,0,100
2910,0,0,100
2911,0,0,100
2912,0,0,100
2913,0,0,100
2914,0,0,100
2915,0,0,100
2916,0,0,100
2917,0,0,100
2918,0,0,100
2919,0,0,100
2920,0,0,100
2921,0,0,100
2922,0,0,100
2923,0,0,100
2924,0,0,100
2925,0,0,100
2926,0,0,100
2927,0,0,100
2928,0,0,100
2929,0,0,100
2930,0,0,100
2931,0,0,100
2932,0,0,100
2933,0,0,100
2934,0,0,100
2935,0,0,100
2936,0,0,100
2937,0,0,100
2938,0,0,100
2939,0,0,100
2940,0,0,100
2941,0,0,100
2942,0,0,100
2943,0,0,100
2944,0,0,100
2945,0,0,100
2946,0,0,100
2947,0,0,100
2948,0,0,100
2949,0,0,100
2950,0,0,100
2951,0,0,100
2952,0,0,100
2953,0,0,100
2954,0,0,100
2955,0,0,100
2956,0,0,100
2957,0,0,100
2958,0,0,100
2959,0,0,100
2960,0,0,100
2961,0,0,100
2962,0,0,100
2963,0,0,100
2964,0,0,100
2965,0,0,100
2966,0,0,100
2967,0,0,100
2968,0,0,100
2969,0,0,100
2970,0,0,100
2971,0,0,100
2972,0,0,100
2973,0,0,100
2974,0,0,100
2975,0,0,100
2976,0,0,100
2977,0,0,100
2978,0,0,100
2979,0,0,100
2980,0,0,100
2981,0,0,100
2982,0,0,100
2983,0,0,100
2984,0,0,100
2985,0,0,100
2986,0,0,100
2987,0,0,100
2988,0,0,100
2989,0,0,100
2990,0,0,100
2991,0,0,100
2992,0,0,100
2993,0,0,100
2994,0,0,100
2995,0,0,100
2996,0,0,100
2997,0,0,100
2998,0,0,100
2999,0,0,100
3000,0,0,100
