Time,Healthy,Undetectable,Detectable
0,100,0,0
1,100,0,0
2,99,1,0
3,99,1,0
4,99,1,0
5,99,1,0
6,99,1,0
7,99,1,0
8,99,1,0
9,99,1,0
10,99,1,0
11,99,1,0
12,99,1,0
13,99,1,0
14,98,2,0
15,98,2,0
16,97,3,0
17,97,3,0
18,97,3,0
19,97,3,0
20,97,3,0
21,97,3,0
22,97,3,0
23,97,3,0
24,97,3,0
25,97,3,0
26,97,3,0
27,97,3,0
28,97,2,1
29,97,2,1
30,97,2,1
31,97,2,1
32,97,2,1
33,97,2,1
34,97,2,1
35,97,2,1
36,97,1,2
37,97,1,2
38,97,1,2
39,97,1,2
40,97,1,2
41,97,1,2
42,96,2,2
43,95,3,2
44,95,3,2
45,95,3,2
46,95,3,2
47,95,3,2
48,95,3,2
49,95,3,2
50,95,3,2
51,95,3,2
52,95,3,2
53,95,3,2
54,95,3,2
55,95,2,3
56,95,2,3
57,95,2,3
58,95,2,3
59,95,1,4
60,95,1,4
61,95,1,4
62,95,1,4
63,95,1,4
64,95,1,4
65,95,1,4
66,95,1,4
67,95,1,4
68,95,1,4
69,95,1,4
70,95,1,4
71,95,1,4
72,95,1,4
73,95,1,4
74,95,1,4
75,95,1,4
76,95,1,4
77,94,2,4
78,94,2,4
79,93,3,4
80,93,3,4
81,92,4,4
82,92,4,4
83,91,5,4
84,91,5,4
85,91,5,4
86,91,5,4
87,91,5,4
88,90,6,4
89,90,6,4
90,90,6,4
91,90,6,4
92,90,6,4
93,90,6,4
94,90,6,4
95,90,5,5
96,90,5,5
97,90,5,5
98,90,5,5
99,90,5,5
100,89,6,5
101,89,6,5
102,89,6,5
103,89,6,5
104,89,5,6
105,89,5,6
106,89,5,6
107,89,5,6
108,89,5,6
109,89,4,7
110,89,4,7
111,89,4,7
112,89,4,7
113,89,4,7
114,89,3,8
115,89,3,8
116,88,4,8
117,88,4,8
118,88,4,8
119,88,4,8
120,88,4,8
121,88,4,8
122,88,4,8
123,88,4,8
124,87,5,8
125,87,4,9
126,86,5,9
127,86,5,9
128,86,5,9
129,86,5,9
130,86,5,9
131,86,5,9
132,86,5,9
133,86,5,9
134,86,5,9
135,86,5,9
136,86,5,9
137,86,5,9
138,86,5,9
139,86,4,10
140,86,4,10
141,86,4,10
142,86,4,10
143,85,5,10
144,85,5,10
145,85,5,10
146,85,5,10
147,85,5,10
148,85,5,10
149,85,5,10
150,85,5,10
151,85,5,10
152,85,5,10
153,85,5,10
154,85,5,10
155,85,5,10
156,84,6,10
157,84,6,10
158,84,6,10
159,84,6,10
160,83,7,10
161,83,7,10
162,83,6,11
163,83,6,11
164,83,6,11
165,82,7,11
166,82,6,12
167,81,7,12
168,81,7,12
169,81,7,12
170,81,7,12
171,81,7,12
172,81,6,13
173,81,5,14
174,81,5,14
175,80,6,14
176,80,6,14
177,80,6,14
178,80,6,14
179,80,6,14
180,78,8,14
181,78,8,14
182,78,7,15
183,78,7,15
184,78,7,15
185,78,7,15
186,77,8,15
187,77,8,15
188,77,8,15
189,77,8,15
190,77,8,15
191,77,7,16
192,77,6,17
193,77,6,17
194,77,6,17
195,77,6,17
196,77,6,17
197,77,6,17
198,77,6,17
199,76,5,19
200,76,5,19
201,76,5,19
202,76,5,19
203,76,5,19
204,76,5,19
205,76,5,19
206,76,5,19
207,76,5,19
208,76,5,19
209,75,6,19
210,75,6,19
211,75,6,19
212,75,6,19
213,75,6,19
214,75,6,19
215,75,6,19
216,75,6,19
217,75,6,19
218,75,6,19
219,75,6,19
220,75,6,19
221,75,5,20
222,75,4,21
223,75,4,21
224,75,4,21
225,75,3,22
226,75,3,22
227,75,2,23
228,74,3,23
229,73,4,23
230,72,5,23
231,72,4,24
232,72,4,24
233,72,4,24
234,72,4,24
235,72,4,24
236,72,4,24
237,72,4,24
238,71,5,24
239,70,6,24
240,70,6,24
241,70,6,24
242,70,6,24
243,70,5,25
244,70,5,25
245,70,5,25
246,70,5,25
247,70,4,26
248,70,4,26
249,70,4,26
250,70,4,26
251,69,5,26
252,69,5,26
253,69,5,26
254,69,5,26
255,69,5,26
256,67,7,26
257,67,7,26
258,67,7,26
259,67,6,27
260,67,5,28
261,67,5,28
262,67,5,28
263,66,6,28
264,66,6,28
265,65,7,28
266,65,7,28
267,65,7,28
268,65,7,28
269,65,7,28
270,65,7,28
271,65,7,28
272,65,7,28
273,64,8,28
274,64,8,28
275,64,8,28
276,63,9,28
277,61,11,28
278,61,11,28
279,61,11,28
280,61,11,28
281,61,10,29
282,60,11,29
283,60,11,29
284,59,12,29
285,59,12,29
286,59,12,29
287,58,11,31
288,58,11,31
289,58,11,31
290,58,11,31
291,58,11,31
292,58,10,32
293,58,10,32
294,58,10,32
295,58,10,32
296,58,10,32
297,58,10,32
298,58,10,32
299,58,10,32
300,57,10,33
301,57,10,33
302,57,10,33
303,57,10,33
304,57,10,33
305,57,10,33
306,57,10,33
307,57,10,33
308,57,10,33
309,57,10,33
310,57,10,33
311,57,10,33
312,56,10,34
313,56,10,34
314,56,10,34
315,56,10,34
316,56,10,34
317,56,10,34
318,56,9,35
319,56,9,35
320,56,9,35
321,56,9,35
322,56,9,35
323,56,8,36
324,56,8,36
325,56,8,36
326,56,8,36
327,56,8,36
328,56,8,36
329,56,8,36
330,56,8,36
331,56,6,38
332,56,6,38
333,56,5,39
334,56,4,40
335,56,4,40
336,56,4,40
337,56,4,40
338,56,4,40
339,56,4,40
340,56,4,40
341,56,4,40
342,56,4,40
343,56,4,40
344,56,4,40
345,56,4,40
346,56,4,40
347,56,4,40
348,56,4,40
349,55,5,40
350,55,5,40
351,54,6,40
352,54,6,40
353,54,6,40
354,54,6,40
355,54,6,40
356,53,7,40
357,52,8,40
358,52,8,40
359,52,8,40
360,52,7,41
361,52,6,42
362,52,6,42
363,52,5,43
364,52,5,43
365,52,5,43
366,52,5,43
367,52,5,43
368,52,5,43
369,52,5,43
370,52,4,44
371,52,4,44
372,52,4,44
373,52,4,44
374,52,4,44
375,52,4,44
376,52,4,44
377,51,5,44
378,51,5,44
379,51,5,44
380,51,5,44
381,51,5,44
382,51,5,44
383,51,5,44
384,51,5,44
385,51,5,44
386,51,5,44
387,51,5,44
388,50,6,44
389,50,6,44
390,49,7,44
391,48,8,44
392,48,8,44
393,48,8,44
394,48,7,45
395,48,7,45
396,47,7,46
397,47,7,46
398,47,6,47
399,47,6,47
400,47,6,47
401,47,6,47
402,47,6,47
403,47,6,47
404,47,5,48
405,47,5,48
406,47,5,48
407,46,6,48
408,46,6,48
409,46,5,49
410,45,6,49
411,45,6,49
412,45,6,49
413,45,6,49
414,45,6,49
415,44,6,50
416,44,6,50
417,44,6,50
418,44,6,50
419,43,7,50
420,43,7,50
421,43,7,50
422,41,9,50
423,41,8,51
424,41,8,51
425,41,8,51
426,41,8,51
427,40,9,51
428,40,8,52
429,40,7,53
430,40,7,53
431,40,7,53
432,40,7,53
433,40,7,53
434,40,7,53
435,40,7,53
436,40,7,53
437,40,7,53
438,40,7,53
439,40,7,53
440,39,8,53
441,39,7,54
442,39,6,55
443,38,7,55
444,38,7,55
445,38,7,55
446,38,7,55
447,38,7,55
448,38,7,55
449,38,7,55
450,38,6,56
451,38,6,56
452,37,7,56
453,37,6,57
454,37,5,58
455,37,5,58
456,37,5,58
457,37,5,58
458,37,5,58
459,37,5,58
460,37,5,58
461,36,6,58
462,36,6,58
463,36,4,60
464,36,4,60
465,36,4,60
466,36,4,60
467,36,4,60
468,36,4,60
469,36,4,60
470,35,5,60
471,35,5,60
472,35,5,60
473,35,5,60
474,35,5,60
475,35,4,61
476,35,4,61
477,35,4,61
478,35,4,61
479,35,4,61
480,35,4,61
481,35,4,61
482,35,4,61
483,35,4,61
484,34,5,61
485,34,4,62
486,34,4,62
487,34,3,63
488,34,3,63
489,34,3,63
490,34,3,63
491,33,4,63
492,33,4,63
493,33,4,63
494,33,4,63
495,33,4,63
496,33,4,63
497,33,4,63
498,33,4,63
499,33,4,63
500,33,4,63
501,33,4,63
502,33,3,64
503,33,3,64
504,33,3,64
505,33,3,64
506,33,2,65
507,33,2,65
508,33,2,65
509,33,2,65
510,33,2,65
511,33,2,65
512,32,3,65
513,32,3,65
514,32,3,65
515,32,3,65
516,32,3,65
517,32,3,65
518,32,3,65
519,32,3,65
520,32,3,65
521,32,3,65
522,32,3,65
523,32,3,65
524,32,3,65
525,32,3,65
526,32,3,65
527,32,3,65
528,32,3,65
529,32,3,65
530,32,2,66
531,32,2,66
532,32,2,66
533,32,2,66
534,32,2,66
535,32,2,66
536,32,2,66
537,32,1,67
538,32,1,67
539,32,1,67
540,32,1,67
541,32,1,67
542,32,1,67
543,32,1,67
544,32,1,67
545,32,1,67
546,31,2,67
547,31,2,67
548,31,2,67
549,31,2,67
550,31,2,67
551,31,2,67
552,31,2,67
553,31,2,67
554,31,2,67
555,31,2,67
556,31,2,67
557,31,2,67
558,30,3,67
559,30,3,67
560,30,3,67
561,30,3,67
562,30,3,67
563,30,3,67
564,30,3,67
565,30,3,67
566,30,3,67
567,30,3,67
568,30,3,67
569,30,3,67
570,30,3,67
571,30,3,67
572,30,3,67
573,30,3,67
574,30,3,67
575,30,3,67
576,30,3,67
577,30,3,67
578,30,3,67
579,30,3,67
580,30,3,67
581,29,4,67
582,29,4,67
583,29,4,67
584,29,4,67
585,29,4,67
586,29,4,67
587,28,5,67
588,28,5,67
589,28,5,67
590,28,5,67
591,28,5,67
592,28,5,67
593,27,6,67
594,27,6,67
595,27,6,67
596,27,6,67
597,27,6,67
598,27,6,67
599,27,6,67
600,27,6,67
601,27,6,67
602,27,6,67
603,26,7,67
604,25,8,67
605,25,8,67
606,25,8,67
607,25,8,67
608,25,7,68
609,25,7,68
610,24,8,68
611,24,8,68
612,24,8,68
613,24,8,68
614,24,8,68
615,24,8,68
616,24,8,68
617,24,8,68
618,24,8,68
619,24,8,68
620,24,8,68
621,24,8,68
622,24,8,68
623,24,8,68
624,24,8,68
625,24,8,68
626,24,8,68
627,24,8,68
628,24,8,68
629,24,8,68
630,24,8,68
631,24,8,68
632,24,8,68
633,24,8,68
634,24,8,68
635,24,7,69
636,24,7,69
637,24,7,69
638,24,6,70
639,23,7,70
640,23,6,71
641,23,6,71
642,23,6,71
643,23,6,71
644,23,6,71
645,22,7,71
646,22,7,71
647,22,6,72
648,22,6,72
649,22,6,72
650,22,6,72
651,21,6,73
652,21,6,73
653,21,6,73
654,21,6,73
655,21,6,73
656,21,5,74
657,21,4,75
658,21,4,75
659,21,4,75
660,21,4,75
661,21,4,75
662,20,5,75
663,20,5,75
664,20,5,75
665,20,5,75
666,20,5,75
667,20,5,75
668,20,5,75
669,20,5,75
670,20,5,75
671,20,5,75
672,20,5,75
673,20,5,75
674,19,6,75
675,19,5,76
676,19,5,76
677,19,5,76
678,19,4,77
679,19,4,77
680,19,4,77
681,19,4,77
682,19,4,77
683,19,4,77
684,19,4,77
685,19,4,77
686,19,4,77
687,19,4,77
688,19,4,77
689,18,5,77
690,17,6,77
691,17,6,77
692,17,6,77
693,17,6,77
694,17,6,77
695,17,6,77
696,17,6,77
697,17,6,77
698,17,6,77
699,17,6,77
700,17,6,77
701,17,6,77
702,17,6,77
703,17,6,77
704,17,6,77
705,17,5,78
706,17,5,78
707,17,5,78
708,17,5,78
709,17,5,78
710,16,6,78
711,16,6,78
712,16,6,78
713,16,6,78
714,16,6,78
715,16,6,78
716,16,6,78
717,16,6,78
718,16,6,78
719,16,6,78
720,16,6,78
721,16,6,78
722,16,6,78
723,16,5,79
724,16,5,79
725,16,5,79
726,16,5,79
727,16,5,79
728,16,5,79
729,16,5,79
730,16,5,79
731,16,4,80
732,16,4,80
733,16,4,80
734,16,4,80
735,16,4,80
736,16,4,80
737,16,4,80
738,16,4,80
739,16,3,81
740,16,3,81
741,16,3,81
742,16,3,81
743,16,3,81
744,16,3,81
745,16,3,81
746,16,3,81
747,16,3,81
748,16,3,81
749,16,3,81
750,16,3,81
751,16,3,81
752,16,3,81
753,16,3,81
754,16,3,81
755,16,3,81
756,16,3,81
757,16,3,81
758,16,3,81
759,16,3,81
760,16,3,81
761,16,3,81
762,16,2,82
763,16,2,82
764,16,2,82
765,16,2,82
766,16,2,82
767,16,2,82
768,16,2,82
769,16,2,82
770,16,1,83
771,16,1,83
772,16,1,83
773,16,1,83
774,16,1,83
775,16,1,83
776,16,1,83
777,16,1,83
778,16,1,83
779,16,1,83
780,16,1,83
781,16,1,83
782,16,1,83
783,15,2,83
784,15,2,83
785,15,2,83
786,15,1,84
787,15,1,84
788,15,1,84
789,15,1,84
790,15,1,84
791,15,1,84
792,15,1,84
793,15,1,84
794,15,1,84
795,15,1,84
796,15,1,84
797,15,1,84
798,15,1,84
799,14,2,84
800,14,2,84
801,14,2,84
802,14,2,84
803,14,2,84
804,14,2,84
805,14,2,84
806,14,2,84
807,14,2,84
808,13,3,84
809,13,3,84
810,13,3,84
811,13,3,84
812,13,3,84
813,13,3,84
814,13,2,85
815,13,2,85
816,13,2,85
817,13,2,85
818,13,2,85
819,13,2,85
820,13,2,85
821,13,2,85
822,13,2,85
823,13,2,85
824,13,2,85
825,13,2,85
826,13,2,85
827,13,2,85
828,13,2,85
829,13,2,85
830,13,2,85
831,13,2,85
832,13,2,85
833,13,2,85
834,13,2,85
835,13,1,86
836,12,2,86
837,12,2,86
838,12,2,86
839,12,2,86
840,12,2,86
841,12,2,86
842,12,2,86
843,12,2,86
844,12,2,86
845,12,1,87
846,12,1,87
847,12,1,87
848,12,1,87
849,12,1,87
850,12,1,87
851,12,1,87
852,12,1,87
853,12,1,87
854,12,1,87
855,12,1,87
856,12,1,87
857,12,1,87
858,12,1,87
859,12,1,87
860,12,1,87
861,12,1,87
862,12,1,87
863,12,1,87
864,12,1,87
865,12,1,87
866,12,1,87
867,12,1,87
868,12,1,87
869,12,1,87
870,12,1,87
871,12,1,87
872,12,1,87
873,12,1,87
874,12,1,87
875,12,1,87
876,12,1,87
877,12,1,87
878,12,1,87
879,12,1,87
880,12,1,87
881,12,1,87
882,12,1,87
883,12,1,87
884,12,1,87
885,12,1,87
886,12,1,87
887,12,1,87
888,12,1,87
889,12,1,87
890,12,1,87
891,12,1,87
892,12,1,87
893,12,1,87
894,12,1,87
895,12,1,87
896,12,1,87
897,12,1,87
898,12,1,87
899,12,1,87
900,12,1,87
901,12,1,87
902,12,1,87
903,12,1,87
904,12,1,87
905,12,1,87
906,12,1,87
907,12,1,87
908,12,1,87
909,12,1,87
910,12,1,87
911,12,1,87
912,12,1,87
913,12,1,87
914,12,1,87
915,12,1,87
916,12,1,87
917,12,1,87
918,12,1,87
919,12,1,87
920,12,1,87
921,12,1,87
922,12,1,87
923,12,1,87
924,12,1,87
925,12,1,87
926,12,1,87
927,12,1,87
928,12,1,87
929,12,1,87
930,12,1,87
931,12,1,87
932,12,1,87
933,12,1,87
934,12,1,87
935,12,1,87
936,12,1,87
937,12,1,87
938,12,1,87
939,12,1,87
940,12,1,87
941,12,1,87
942,12,1,87
943,12,1,87
944,12,1,87
945,12,1,87
946,12,1,87
947,12,1,87
948,12,1,87
949,12,1,87
950,12,1,87
951,12,1,87
952,12,1,87
953,12,1,87
954,12,1,87
955,12,1,87
956,12,1,87
957,12,1,87
958,12,1,87
959,12,1,87
960,12,1,87
961,12,1,87
962,12,1,87
963,12,1,87
964,12,1,87
965,12,1,87
966,12,0,88
967,12,0,88
968,12,0,88
969,12,0,88
970,12,0,88
971,12,0,88
972,12,0,88
973,12,0,88
974,12,0,88
975,12,0,88
976,12,0,88
977,12,0,88
978,12,0,88
979,12,0,88
980,12,0,88
981,12,0,88
982,12,0,88
983,12,0,88
984,12,0,88
985,11,1,88
986,11,1,88
987,11,1,88
988,11,1,88
989,11,1,88
990,11,1,88
991,11,1,88
992,11,1,88
993,11,1,88
994,11,1,88
995,11,1,88
996,11,1,88
997,11,1,88
998,11,1,88
999,11,1,88
1000,11,1,88
1001,11,1,88
1002,11,1,88
1003,11,1,88
1004,11,1,88
1005,11,0,89
1006,11,0,89
1007,11,0,89
1008,11,0,89
1009,11,0,89
1010,11,0,89
1011,11,0,89
1012,11,0,89
1013,11,0,89
1014,11,0,89
1015,11,0,89
1016,11,0,89
1017,11,0,89
1018,11,0,89
1019,11,0,89
1020,11,0,89
1021,11,0,89
1022,11,0,89
1023,11,0,89
1024,11,0,89
1025,11,0,89
1026,11,0,89
1027,11,0,89
1028,11,0,89
1029,11,0,89
1030,11,0,89
1031,11,0,89
1032,11,0,89
1033,11,0,89
1034,11,0,89
1035,11,0,89
1036,11,0,89
1037,11,0,89
1038,11,0,89
1039,11,0,89
1040,11,0,89
1041,11,0,89
1042,11,0,89
1043,11,0,89
1044,11,0,89
1045,11,0,89
1046,11,0,89
1047,11,0,89
1048,11,0,89
1049,11,0,89
1050,11,0,89
1051,11,0,89
1052,11,0,89
1053,11,0,89
1054,11,0,89
1055,11,0,89
1056,11,0,89
1057,11,0,89
1058,11,0,89
1059,11,0,89
1060,11,0,89
1061,11,0,89
1062,11,0,89
1063,11,0,89
1064,11,0,89
1065,11,0,89
1066,11,0,89
1067,11,0,89
1068,11,0,89
1069,11,0,89
1070,11,0,89
1071,11,0,89
1072,11,0,89
1073,11,0,89
1074,11,0,89
1075,11,0,89
1076,11,0,89
1077,11,0,89
1078,11,0,89
1079,11,0,89
1080,11,0,89
1081,11,0,89
1082,11,0,89
1083,11,0,89
1084,11,0,89
1085,11,0,89
1086,11,0,89
1087,11,0,89
1088,11,0,89
1089,10,1,89
1090,10,1,89
1091,10,1,89
1092,10,1,89
1093,10,1,89
1094,10,1,89
1095,10,1,89
1096,10,1,89
1097,10,1,89
1098,10,1,89
1099,10,1,89
1100,10,1,89
1101,10,1,89
1102,10,1,89
1103,10,1,89
1104,10,1,89
1105,10,1,89
1106,10,1,89
1107,10,1,89
1108,10,1,89
1109,10,1,89
1110,10,1,89
1111,10,1,89
1112,10,1,89
1113,10,1,89
1114,10,1,89
1115,10,1,89
1116,10,1,89
1117,10,1,89
1118,10,1,89
1119,10,1,89
1120,10,1,89
1121,10,1,89
1122,10,1,89
1123,10,1,89
1124,10,1,89
1125,10,1,89
1126,10,1,89
1127,10,1,89
1128,10,1,89
1129,10,1,89
1130,10,1,89
1131,10,1,89
1132,10,1,89
1133,10,1,89
1134,10,1,89
1135,10,1,89
1136,10,1,89
1137,10,1,89
1138,10,1,89
1139,10,1,89
1140,10,1,89
1141,10,1,89
1142,10,1,89
1143,10,1,89
1144,10,1,89
1145,9,2,89
1146,9,2,89
1147,9,2,89
1148,9,2,89
1149,9,2,89
1150,9,2,89
1151,9,2,89
1152,9,2,89
1153,9,2,89
1154,9,2,89
1155,9,1,90
1156,9,1,90
1157,9,1,90
1158,9,1,90
1159,9,1,90
1160,9,1,90
1161,9,1,90
1162,9,1,90
1163,9,1,90
1164,9,1,90
1165,9,1,90
1166,9,1,90
1167,9,1,90
1168,9,1,90
1169,9,1,90
1170,9,1,90
1171,9,1,90
1172,9,1,90
1173,9,1,90
1174,9,1,90
1175,9,1,90
1176,9,1,90
1177,9,1,90
1178,9,1,90
1179,9,1,90
1180,9,1,90
1181,9,0,91
1182,9,0,91
1183,9,0,91
1184,9,0,91
1185,9,0,91
1186,9,0,91
1187,9,0,91
1188,9,0,91
1189,9,0,91
1190,9,0,91
1191,9,0,91
1192,9,0,91
1193,9,0,91
1194,9,0,91
1195,9,0,91
1196,9,0,91
1197,9,0,91
1198,9,0,91
1199,9,0,91
1200,9,0,91
1201,9,0,91
1202,9,0,91
1203,9,0,91
1204,9,0,91
1205,9,0,91
1206,9,0,91
1207,9,0,91
1208,9,0,91
1209,9,0,91
1210,9,0,91
1211,9,0,91
1212,9,0,91
1213,9,0,91
1214,9,0,91
1215,9,0,91
1216,9,0,91
1217,9,0,91
1218,9,0,91
1219,9,0,91
1220,9,0,91
1221,9,0,91
1222,9,0,91
1223,9,0,91
1224,9,0,91
1225,9,0,91
1226,9,0,91
1227,9,0,91
1228,9,0,91
1229,9,0,91
1230,9,0,91
1231,9,0,91
1232,9,0,91
1233,9,0,91
1234,9,0,91
1235,9,0,91
1236,9,0,91
1237,9,0,91
1238,9,0,91
1239,9,0,91
1240,9,0,91
1241,9,0,91
1242,9,0,91
1243,9,0,91
1244,9,0,91
1245,9,0,91
1246,9,0,91
1247,9,0,91
1248,9,0,91
1249,9,0,91
1250,9,0,91
1251,9,0,91
1252,9,0,91
1253,9,0,91
1254,9,0,91
1255,9,0,91
1256,9,0,91
1257,9,0,91
1258,9,0,91
1259,9,0,91
1260,9,0,91
1261,9,0,91
1262,9,0,91
1263,9,0,91
1264,9,0,91
1265,9,0,91
1266,9,0,91
1267,9,0,91
1268,9,0,91
1269,9,0,91
1270,9,0,91
1271,9,0,91
1272,9,0,91
1273,9,0,91
1274,9,0,91
1275,9,0,91
1276,9,0,91
1277,9,0,91
1278,9,0,91
1279,9,0,91
1280,9,0,91
1281,9,0,91
1282,9,0,91
1283,9,0,91
1284,9,0,91
1285,9,0,91
1286,9,0,91
1287,9,0,91
1288,9,0,91
1289,9,0,91
1290,9,0,91
1291,9,0,91
1292,9,0,91
1293,9,0,91
1294,9,0,91
1295,9,0,91
1296,9,0,91
1297,9,0,91
1298,9,0,91
1299,9,0,91
1300,9,0,91
1301,9,0,91
1302,9,0,91
1303,9,0,91
1304,9,0,91
1305,9,0,91
1306,9,0,91
1307,9,0,91
1308,9,0,91
1309,9,0,91
1310,8,1,91
1311,8,1,91
1312,8,1,91
1313,8,1,91
1314,8,1,91
1315,8,1,91
1316,8,1,91
1317,8,1,91
1318,8,1,91
1319,8,1,91
1320,8,1,91
1321,8,1,91
1322,8,1,91
1323,8,1,91
1324,8,1,91
1325,8,1,91
1326,8,1,91
1327,8,1,91
1328,8,1,91
1329,8,1,91
1330,8,1,91
1331,8,1,91
1332,8,1,91
1333,8,1,91
1334,8,1,91
1335,8,1,91
1336,8,1,91
1337,7,2,91
1338,7,2,91
1339,7,2,91
1340,7,2,91
1341,7,2,91
1342,7,2,91
1343,7,2,91
1344,7,2,91
1345,7,2,91
1346,7,2,91
1347,7,1,92
1348,7,1,92
1349,7,1,92
1350,7,1,92
1351,7,1,92
1352,7,1,92
1353,7,1,92
1354,7,1,92
1355,7,1,92
1356,7,1,92
1357,7,1,92
1358,7,0,93
1359,7,0,93
1360,7,0,93
1361,7,0,93
1362,7,0,93
1363,7,0,93
1364,7,0,93
1365,7,0,93
1366,7,0,93
1367,7,0,93
1368,7,0,93
1369,7,0,93
1370,7,0,93
1371,7,0,93
1372,7,0,93
1373,7,0,93
1374,7,0,93
1375,7,0,93
1376,7,0,93
1377,7,0,93
1378,7,0,93
1379,7,0,93
1380,7,0,93
1381,7,0,93
1382,7,0,93
1383,7,0,93
1384,7,0,93
1385,7,0,93
1386,7,0,93
1387,7,0,93
1388,7,0,93
1389,7,0,93
1390,7,0,93
1391,7,0,93
1392,7,0,93
1393,7,0,93
1394,7,0,93
1395,7,0,93
1396,7,0,93
1397,7,0,93
1398,7,0,93
1399,7,0,93
1400,7,0,93
1401,7,0,93
1402,7,0,93
1403,7,0,93
1404,7,0,93
1405,7,0,93
1406,7,0,93
1407,6,1,93
1408,6,1,93
1409,6,1,93
1410,6,1,93
1411,6,1,93
1412,6,1,93
1413,6,1,93
1414,6,1,93
1415,6,1,93
1416,6,1,93
1417,6,1,93
1418,6,1,93
1419,6,1,93
1420,6,1,93
1421,6,1,93
1422,6,1,93
1423,6,1,93
1424,6,1,93
1425,6,1,93
1426,6,1,93
1427,6,1,93
1428,6,1,93
1429,6,1,93
1430,6,1,93
1431,6,1,93
1432,6,1,93
1433,6,1,93
1434,6,1,93
1435,6,1,93
1436,6,1,93
1437,6,1,93
1438,6,1,93
1439,6,1,93
1440,6,1,93
1441,6,1,93
1442,6,1,93
1443,6,1,93
1444,6,1,93
1445,6,1,93
1446,6,1,93
1447,6,1,93
1448,6,1,93
1449,6,1,93
1450,6,1,93
1451,6,1,93
1452,6,1,93
1453,6,1,93
1454,6,1,93
1455,6,1,93
1456,6,1,93
1457,6,1,93
1458,6,1,93
1459,6,1,93
1460,6,1,93
1461,6,1,93
1462,6,1,93
1463,6,1,93
1464,6,1,93
1465,6,1,93
1466,6,1,93
1467,6,1,93
1468,6,1,93
1469,6,1,93
1470,6,1,93
1471,6,1,93
1472,6,1,93
1473,6,1,93
1474,6,1,93
1475,6,1,93
1476,6,1,93
1477,6,1,93
1478,6,1,93
1479,6,1,93
1480,6,1,93
1481,6,1,93
1482,6,1,93
1483,6,1,93
1484,6,1,93
1485,6,1,93
1486,6,1,93
1487,6,1,93
1488,6,1,93
1489,6,1,93
1490,6,0,94
1491,6,0,94
1492,6,0,94
1493,6,0,94
1494,6,0,94
1495,6,0,94
1496,6,0,94
1497,6,0,94
1498,6,0,94
1499,6,0,94
1500,6,0,94
1501,6,0,94
1502,6,0,94
1503,6,0,94
1504,6,0,94
1505,6,0,94
1506,6,0,94
1507,6,0,94
1508,6,0,94
1509,6,0,94
1510,6,0,94
1511,6,0,94
1512,6,0,94
1513,6,0,94
1514,6,0,94
1515,6,0,94
1516,6,0,94
1517,6,0,94
1518,6,0,94
1519,6,0,94
1520,6,0,94
1521,6,0,94
1522,6,0,94
1523,6,0,94
1524,6,0,94
1525,6,0,94
1526,6,0,94
1527,6,0,94
1528,6,0,94
1529,6,0,94
1530,6,0,94
1531,6,0,94
1532,6,0,94
1533,6,0,94
1534,6,0,94
1535,6,0,94
1536,6,0,94
1537,6,0,94
1538,6,0,94
1539,6,0,94
1540,6,0,94
1541,6,0,94
1542,6,0,94
1543,6,0,94
1544,6,0,94
1545,6,0,94
1546,6,0,94
1547,6,0,94
1548,6,0,94
1549,6,0,94
1550,6,0,94
1551,6,0,94
1552,6,0,94
1553,6,0,94
1554,6,0,94
1555,6,0,94
1556,6,0,94
1557,6,0,94
1558,6,0,94
1559,6,0,94
1560,6,0,94
1561,6,0,94
1562,6,0,94
1563,6,0,94
1564,6,0,94
1565,6,0,94
1566,6,0,94
1567,6,0,94
1568,6,0,94
1569,6,0,94
1570,6,0,94
1571,6,0,94
1572,6,0,94
1573,6,0,94
1574,6,0,94
1575,6,0,94
1576,6,0,94
1577,6,0,94
1578,6,0,94
1579,6,0,94
1580,6,0,94
1581,6,0,94
1582,6,0,94
1583,6,0,94
1584,6,0,94
1585,6,0,94
1586,6,0,94
1587,6,0,94
1588,6,0,94
1589,6,0,94
1590,6,0,94
1591,6,0,94
1592,6,0,94
1593,6,0,94
1594,6,0,94
1595,6,0,94
1596,6,0,94
1597,6,0,94
1598,6,0,94
1599,6,0,94
1600,6,0,94
1601,6,0,94
1602,6,0,94
1603,6,0,94
1604,6,0,94
1605,6,0,94
1606,6,0,94
1607,6,0,94
1608,6,0,94
1609,6,0,94
1610,6,0,94
1611,6,0,94
1612,6,0,94
1613,6,0,94
1614,6,0,94
1615,6,0,94
1616,6,0,94
1617,6,0,94
1618,6,0,94
1619,6,0,94
1620,6,0,94
1621,6,0,94
1622,6,0,94
1623,6,0,94
1624,6,0,94
1625,6,0,94
1626,6,0,94
1627,6,0,94
1628,6,0,94
1629,6,0,94
1630,6,0,94
1631,6,0,94
1632,6,0,94
1633,6,0,94
1634,6,0,94
1635,6,0,94
1636,6,0,94
1637,6,0,94
1638,6,0,94
1639,6,0,94
1640,6,0,94
1641,6,0,94
1642,6,0,94
1643,6,0,94
1644,6,0,94
1645,6,0,94
1646,6,0,94
1647,6,0,94
1648,6,0,94
1649,6,0,94
1650,6,0,94
1651,6,0,94
1652,6,0,94
1653,6,0,94
1654,6,0,94
1655,6,0,94
1656,6,0,94
1657,6,0,94
1658,6,0,94
1659,6,0,94
1660,6,0,94
1661,6,0,94
1662,6,0,94
1663,6,0,94
1664,6,0,94
1665,6,0,94
1666,6,0,94
1667,6,0,94
1668,6,0,94
1669,6,0,94
1670,6,0,94
1671,6,0,94
1672,6,0,94
1673,6,0,94
1674,6,0,94
1675,6,0,94
1676,6,0,94
1677,6,0,94
1678,6,0,94
1679,6,0,94
1680,6,0,94
1681,6,0,94
1682,6,0,94
1683,6,0,94
1684,6,0,94
1685,6,0,94
1686,5,1,94
1687,5,1,94
1688,5,1,94
1689,5,1,94
1690,5,1,94
1691,5,1,94
1692,5,1,94
1693,5,1,94
1694,5,1,94
1695,5,1,94
1696,5,1,94
1697,5,1,94
1698,5,1,94
1699,5,1,94
1700,5,1,94
1701,5,1,94
1702,5,1,94
1703,5,1,94
1704,5,1,94
1705,5,1,94
1706,5,1,94
1707,5,1,94
1708,5,1,94
1709,5,1,94
1710,5,1,94
1711,5,1,94
1712,5,1,94
1713,5,1,94
1714,5,1,94
1715,5,1,94
1716,5,1,94
1717,5,1,94
1718,5,1,94
1719,5,1,94
1720,5,1,94
1721,5,1,94
1722,5,1,94
1723,5,1,94
1724,5,1,94
1725,5,1,94
1726,5,1,94
1727,5,1,94
1728,5,1,94
1729,5,1,94
1730,5,1,94
1731,5,1,94
1732,5,1,94
1733,5,1,94
1734,5,1,94
1735,5,1,94
1736,5,1,94
1737,5,1,94
1738,5,1,94
1739,5,1,94
1740,5,1,94
1741,5,1,94
1742,5,1,94
1743,5,1,94
1744,5,1,94
1745,5,1,94
1746,5,1,94
1747,5,1,94
1748,5,1,94
1749,5,1,94
1750,5,1,94
1751,5,1,94
1752,5,1,94
1753,5,1,94
1754,5,1,94
1755,5,1,94
1756,5,1,94
1757,5,1,94
1758,5,1,94
1759,5,1,94
1760,5,1,94
1761,5,1,94
1762,5,1,94
1763,5,1,94
1764,5,1,94
1765,5,1,94
1766,5,1,94
1767,5,1,94
1768,5,1,94
1769,5,1,94
1770,5,1,94
1771,5,1,94
1772,5,1,94
1773,5,1,94
1774,5,1,94
1775,5,1,94
1776,5,1,94
1777,5,1,94
1778,5,1,94
1779,5,1,94
1780,5,1,94
1781,5,1,94
1782,5,1,94
1783,5,1,94
1784,5,1,94
1785,5,1,94
1786,5,1,94
1787,5,1,94
1788,5,1,94
1789,5,0,95
1790,5,0,95
1791,5,0,95
1792,5,0,95
1793,5,0,95
1794,5,0,95
1795,5,0,95
1796,5,0,95
1797,5,0,95
1798,5,0,95
1799,5,0,95
1800,5,0,95
1801,5,0,95
1802,5,0,95
1803,5,0,95
1804,5,0,95
1805,5,0,95
1806,5,0,95
1807,5,0,95
1808,5,0,95
1809,5,0,95
1810,5,0,95
1811,5,0,95
1812,5,0,95
1813,5,0,95
1814,5,0,95
1815,5,0,95
1816,5,0,95
1817,5,0,95
1818,5,0,95
1819,5,0,95
1820,5,0,95
1821,5,0,95
1822,5,0,95
1823,5,0,95
1824,5,0,95
1825,5,0,95
1826,5,0,95
1827,5,0,95
1828,5,0,95
1829,5,0,95
1830,5,0,95
1831,5,0,95
1832,5,0,95
1833,5,0,95
1834,5,0,95
1835,5,0,95
1836,5,0,95
1837,5,0,95
1838,5,0,95
1839,5,0,95
1840,5,0,95
1841,5,0,95
1842,5,0,95
1843,5,0,95
1844,5,0,95
1845,5,0,95
1846,5,0,95
1847,5,0,95
1848,5,0,95
1849,5,0,95
1850,5,0,95
1851,5,0,95
1852,5,0,95
1853,5,0,95
1854,5,0,95
1855,5,0,95
1856,5,0,95
1857,5,0,95
1858,5,0,95
1859,5,0,95
1860,5,0,95
1861,5,0,95
1862,5,0,95
1863,5,0,95
1864,5,0,95
1865,5,0,95
1866,5,0,95
1867,5,0,95
1868,5,0,95
1869,5,0,95
1870,5,0,95
1871,5,0,95
1872,5,0,95
1873,5,0,95
1874,5,0,95
1875,5,0,95
1876,5,0,95
1877,5,0,95
1878,5,0,95
1879,5,0,95
1880,5,0,95
1881,5,0,95
1882,5,0,95
1883,5,0,95
1884,5,0,95
1885,5,0,95
1886,5,0,95
1887,5,0,95
1888,5,0,95
1889,5,0,95
1890,5,0,95
1891,5,0,95
1892,5,0,95
1893,5,0,95
1894,5,0,95
1895,5,0,95
1896,5,0,95
1897,5,0,95
1898,5,0,95
1899,5,0,95
1900,5,0,95
1901,5,0,95
1902,5,0,95
1903,5,0,95
1904,5,0,95
1905,5,0,95
1906,5,0,95
1907,5,0,95
1908,5,0,95
1909,5,0,95
1910,5,0,95
1911,5,0,95
1912,5,0,95
1913,5,0,95
1914,5,0,95
1915,5,0,95
1916,5,0,95
1917,5,0,95
1918,5,0,95
1919,5,0,95
1920,5,0,95
1921,5,0,95
1922,5,0,95
1923,5,0,95
1924,5,0,95
1925,5,0,95
1926,5,0,95
1927,5,0,95
1928,5,0,95
1929,5,0,95
1930,5,0,95
1931,5,0,95
1932,5,0,95
1933,5,0,95
1934,5,0,95
1935,5,0,95
1936,5,0,95
1937,5,0,95
1938,5,0,95
1939,5,0,95
1940,5,0,95
1941,5,0,95
1942,5,0,95
1943,5,0,95
1944,5,0,95
1945,5,0,95
1946,5,0,95
1947,5,0,95
1948,5,0,95
1949,5,0,95
1950,5,0,95
1951,5,0,95
1952,5,0,95
1953,5,0,95
1954,5,0,95
1955,5,0,95
1956,5,0,95
1957,5,0,95
1958,5,0,95
1959,5,0,95
1960,5,0,95
1961,5,0,95
1962,5,0,95
1963,5,0,95
1964,5,0,95
1965,5,0,95
1966,5,0,95
1967,5,0,95
1968,5,0,95
1969,5,0,95
1970,5,0,95
1971,5,0,95
1972,5,0,95
1973,5,0,95
1974,5,0,95
1975,5,0,95
1976,5,0,95
1977,5,0,95
1978,5,0,95
1979,5,0,95
1980,5,0,95
1981,5,0,95
1982,5,0,95
1983,5,0,95
1984,5,0,95
1985,5,0,95
1986,5,0,95
1987,5,0,95
1988,5,0,95
1989,5,0,95
1990,5,0,95
1991,5,0,95
1992,5,0,95
1993,5,0,95
1994,5,0,95
1995,5,0,95
1996,5,0,95
1997,5,0,95
1998,5,0,95
1999,5,0,95
2000,5,0,95
2001,5,0,95
2002,5,0,95
2003,5,0,95
2004,5,0,95
2005,5,0,95
2006,5,0,95
2007,5,0,95
2008,5,0,95
2009,5,0,95
2010,5,0,95
2011,5,0,95
2012,5,0,95
2013,5,0,95
2014,5,0,95
2015,5,0,95
2016,5,0,95
2017,5,0,95
2018,5,0,95
2019,5,0,95
2020,5,0,95
2021,5,0,95
2022,5,0,95
2023,5,0,95
2024,5,0,95
2025,5,0,95
2026,5,0,95
2027,5,0,95
2028,5,0,95
2029,5,0,95
2030,5,0,95
2031,5,0,95
2032,5,0,95
2033,5,0,95
2034,5,0,95
2035,5,0,95
2036,5,0,95
2037,5,0,95
2038,5,0,95
2039,5,0,95
2040,5,0,95
2041,5,0,95
2042,5,0,95
2043,5,0,95
2044,5,0,95
2045,5,0,95
2046,5,0,95
2047,5,0,95
2048,5,0,95
2049,5,0,95
2050,5,0,95
2051,5,0,95
2052,5,0,95
2053,5,0,95
2054,5,0,95
2055,5,0,95
2056,5,0,95
2057,5,0,95
2058,5,0,95
2059,5,0,95
2060,5,0,95
2061,5,0,95
2062,5,0,95
2063,5,0,95
2064,5,0,95
2065,5,0,95
2066,5,0,95
2067,5,0,95
2068,5,0,95
2069,5,0,95
2070,5,0,95
2071,5,0,95
2072,5,0,95
2073,5,0,95
2074,5,0,95
2075,5,0,95
2076,5,0,95
2077,5,0,95
2078,5,0,95
2079,5,0,95
2080,5,0,95
2081,5,0,95
2082,5,0,95
2083,5,0,95
2084,5,0,95
2085,5,0,95
2086,5,0,95
2087,5,0,95
2088,5,0,95
2089,5,0,95
2090,5,0,95
2091,5,0,95
2092,5,0,95
2093,5,0,95
2094,5,0,95
2095,5,0,95
2096,5,0,95
2097,5,0,95
2098,5,0,95
2099,5,0,95
2100,5,0,95
2101,5,0,95
2102,5,0,95
2103,5,0,95
2104,5,0,95
2105,5,0,95
2106,5,0,95
2107,5,0,95
2108,5,0,95
2109,5,0,95
2110,5,0,95
2111,5,0,95
2112,5,0,95
2113,5,0,95
2114,5,0,95
2115,5,0,95
2116,5,0,95
2117,5,0,95
2118,5,0,95
2119,5,0,95
2120,5,0,95
2121,5,0,95
2122,5,0,95
2123,5,0,95
2124,5,0,95
2125,5,0,95
2126,5,0,95
2127,5,0,95
2128,5,0,95
2129,5,0,95
2130,5,0,95
2131,5,0,95
2132,5,0,95
2133,5,0,95
2134,5,0,95
2135,5,0,95
2136,5,0,95
2137,5,0,95
2138,5,0,95
2139,5,0,95
2140,5,0,95
2141,5,0,95
2142,5,0,95
2143,5,0,95
2144,5,0,95
2145,5,0,95
2146,5,0,95
2147,5,0,95
2148,5,0,95
2149,5,0,95
2150,5,0,95
2151,5,0,95
2152,5,0,95
2153,5,0,95
2154,5,0,95
2155,5,0,95
2156,5,0,95
2157,5,0,95
2158,5,0,95
2159,5,0,95
2160,5,0,95
2161,5,0,95
2162,5,0,95
2163,5,0,95
2164,5,0,95
2165,5,0,95
2166,5,0,95
2167,5,0,95
2168,5,0,95
2169,5,0,95
2170,5,0,95
2171,5,0,95
2172,5,0,95
2173,5,0,95
2174,5,0,95
2175,5,0,95
2176,5,0,95
2177,5,0,95
2178,5,0,95
2179,5,0,95
2180,5,0,95
2181,5,0,95
2182,5,0,95
2183,5,0,95
2184,5,0,95
2185,5,0,95
2186,5,0,95
2187,5,0,95
2188,5,0,95
2189,5,0,95
2190,5,0,95
2191,5,0,95
2192,5,0,95
2193,5,0,95
2194,5,0,95
2195,5,0,95
2196,5,0,95
2197,5,0,95
2198,5,0,95
2199,5,0,95
2200,5,0,95
2201,5,0,95
2202,5,0,95
2203,5,0,95
2204,5,0,95
2205,5,0,95
2206,5,0,95
2207,5,0,95
2208,5,0,95
2209,5,0,95
2210,5,0,95
2211,5,0,95
2212,5,0,95
2213,5,0,95
2214,5,0,95
2215,5,0,95
2216,5,0,95
2217,5,0,95
2218,5,0,95
2219,5,0,95
2220,5,0,95
2221,5,0,95
2222,5,0,95
2223,5,0,95
2224,5,0,95
2225,5,0,95
2226,5,0,95
2227,5,0,95
2228,5,0,95
2229,5,0,95
2230,5,0,95
2231,5,0,95
2232,5,0,95
2233,5,0,95
2234,5,0,95
2235,5,0,95
2236,5,0,95
2237,5,0,95
2238,5,0,95
2239,5,0,95
2240,5,0,95
2241,5,0,95
2242,5,0,95
2243,5,0,95
2244,5,0,95
2245,5,0,95
2246,5,0,95
2247,5,0,95
2248,5,0,95
2249,5,0,95
2250,5,0,95
2251,5,0,95
2252,5,0,95
2253,5,0,95
2254,5,0,95
2255,5,0,95
2256,5,0,95
2257,5,0,95
2258,5,0,95
2259,5,0,95
2260,5,0,95
2261,5,0,95
2262,5,0,95
2263,5,0,95
2264,5,0,95
2265,5,0,95
2266,5,0,95
2267,5,0,95
2268,5,0,95
2269,5,0,95
2270,5,0,95
2271,5,0,95
2272,5,0,95
2273,5,0,95
2274,5,0,95
2275,5,0,95
2276,5,0,95
2277,5,0,95
2278,5,0,95
2279,5,0,95
2280,5,0,95
2281,5,0,95
2282,5,0,95
2283,5,0,95
2284,5,0,95
2285,5,0,95
2286,5,0,95
2287,5,0,95
2288,5,0,95
2289,5,0,95
2290,5,0,95
2291,5,0,95
2292,5,0,95
2293,5,0,95
2294,5,0,95
2295,5,0,95
2296,5,0,95
2297,5,0,95
2298,5,0,95
2299,5,0,95
2300,5,0,95
2301,5,0,95
2302,5,0,95
2303,5,0,95
2304,5,0,95
2305,5,0,95
2306,5,0,95
2307,5,0,95
2308,5,0,95
2309,5,0,95
2310,5,0,95
2311,5,0,95
2312,5,0,95
2313,5,0,95
2314,5,0,95
2315,5,0,95
2316,5,0,95
2317,5,0,95
2318,5,0,95
2319,5,0,95
2320,5,0,95
2321,5,0,95
2322,5,0,95
2323,5,0,95
2324,5,0,95
2325,5,0,95
2326,5,0,95
2327,5,0,95
2328,5,0,95
2329,5,0,95
2330,5,0,95
2331,5,0,95
2332,5,0,95
2333,5,0,95
2334,5,0,95
2335,5,0,95
2336,5,0,95
2337,5,0,95
2338,5,0,95
2339,5,0,95
2340,5,0,95
2341,5,0,95
2342,5,0,95
2343,5,0,95
2344,5,0,95
2345,5,0,95
2346,5,0,95
2347,5,0,95
2348,5,0,95
2349,5,0,95
2350,5,0,95
2351,5,0,95
2352,5,0,95
2353,5,0,95
2354,5,0,95
2355,5,0,95
2356,5,0,95
2357,5,0,95
2358,5,0,95
2359,5,0,95
2360,5,0,95
2361,5,0,95
2362,5,0,95
2363,5,0,95
2364,5,0,95
2365,5,0,95
2366,5,0,95
2367,5,0,95
2368,5,0,95
2369,5,0,95
2370,5,0,95
2371,5,0,95
2372,5,0,95
2373,5,0,95
2374,5,0,95
2375,5,0,95
2376,5,0,95
2377,5,0,95
2378,5,0,95
2379,5,0,95
2380,5,0,95
2381,5,0,95
2382,5,0,95
2383,5,0,95
2384,5,0,95
2385,5,0,95
2386,5,0,95
2387,5,0,95
2388,5,0,95
2389,5,0,95
2390,5,0,95
2391,5,0,95
2392,5,0,95
2393,5,0,95
2394,5,0,95
2395,5,0,95
2396,5,0,95
2397,5,0,95
2398,4,1,95
2399,4,1,95
2400,4,1,95
2401,4,1,95
2402,4,1,95
2403,4,1,95
2404,4,1,95
2405,4,1,95
2406,4,1,95
2407,4,1,95
2408,4,1,95
2409,4,1,95
2410,4,1,95
2411,4,1,95
2412,4,1,95
2413,4,1,95
2414,4,1,95
2415,4,1,95
2416,4,1,95
2417,4,1,95
2418,4,1,95
2419,4,1,95
2420,4,1,95
2421,4,0,96
2422,4,0,96
2423,4,0,96
2424,4,0,96
2425,4,0,96
2426,4,0,96
2427,4,0,96
2428,4,0,96
2429,4,0,96
2430,4,0,96
2431,4,0,96
2432,4,0,96
2433,4,0,96
2434,4,0,96
2435,4,0,96
2436,4,0,96
2437,4,0,96
2438,4,0,96
2439,4,0,96
2440,4,0,96
2441,4,0,96
2442,4,0,96
2443,4,0,96
2444,4,0,96
2445,4,0,96
2446,4,0,96
2447,4,0,96
2448,4,0,96
2449,4,0,96
2450,4,0,96
2451,4,0,96
2452,4,0,96
2453,4,0,96
2454,4,0,96
2455,4,0,96
2456,4,0,96
2457,4,0,96
2458,4,0,96
2459,4,0,96
2460,4,0,96
2461,4,0,96
2462,4,0,96
2463,4,0,96
2464,4,0,96
2465,4,0,96
2466,4,0,96
2467,4,0,96
2468,4,0,96
2469,4,0,96
2470,4,0,96
2471,4,0,96
2472,4,0,96
2473,4,0,96
2474,4,0,96
2475,4,0,96
2476,4,0,96
2477,4,0,96
2478,4,0,96
2479,4,0,96
2480,4,0,96
2481,4,0,96
2482,4,0,96
2483,4,0,96
2484,4,0,96
2485,4,0,96
2486,4,0,96
2487,4,0,96
2488,4,0,96
2489,4,0,96
2490,4,0,96
2491,4,0,96
2492,4,0,96
2493,4,0,96
2494,4,0,96
2495,4,0,96
2496,4,0,96
2497,4,0,96
2498,4,0,96
2499,4,0,96
2500,4,0,96
2501,4,0,96
2502,4,0,96
2503,4,0,96
2504,4,0,96
2505,4,0,96
2506,4,0,96
2507,4,0,96
2508,4,0,96
2509,4,0,96
2510,4,0,96
2511,4,0,96
2512,4,0,96
2513,4,0,96
2514,4,0,96
2515,4,0,96
2516,4,0,96
2517,4,0,96
2518,4,0,96
2519,4,0,96
2520,4,0,96
2521,4,0,96
2522,4,0,96
2523,4,0,96
2524,4,0,96
2525,4,0,96
2526,4,0,96
2527,4,0,96
2528,4,0,96
2529,4,0,96
2530,4,0,96
2531,4,0,96
2532,4,0,96
2533,4,0,96
2534,4,0,96
2535,4,0,96
2536,4,0,96
2537,4,0,96
2538,4,0,96
2539,4,0,96
2540,4,0,96
2541,4,0,96
2542,4,0,96
2543,4,0,96
2544,4,0,96
2545,4,0,96
2546,4,0,96
2547,4,0,96
2548,4,0,96
2549,4,0,96
2550,4,0,96
2551,4,0,96
2552,4,0,96
2553,4,0,96
2554,4,0,96
2555,4,0,96
2556,4,0,96
2557,4,0,96
2558,4,0,96
2559,4,0,96
2560,4,0,96
2561,4,0,96
2562,4,0,96
2563,4,0,96
2564,4,0,96
2565,4,0,96
2566,4,0,96
2567,4,0,96
2568,4,0,96
2569,4,0,96
2570,4,0,96
2571,4,0,96
2572,4,0,96
2573,4,0,96
2574,4,0,96
2575,4,0,96
2576,4,0,96
2577,4,0,96
2578,4,0,96
2579,4,0,96
2580,4,0,96
2581,4,0,96
2582,4,0,96
2583,4,0,96
2584,4,0,96
2585,4,0,96
2586,4,0,96
2587,4,0,96
2588,4,0,96
2589,4,0,96
2590,4,0,96
2591,4,0,96
2592,4,0,96
2593,4,0,96
2594,4,0,96
2595,4,0,96
2596,4,0,96
2597,4,0,96
2598,4,0,96
2599,4,0,96
2600,4,0,96
2601,4,0,96
2602,4,0,96
2603,4,0,96
2604,4,0,96
2605,4,0,96
2606,4,0,96
2607,4,0,96
2608,4,0,96
2609,4,0,96
2610,4,0,96
2611,4,0,96
2612,4,0,96
2613,4,0,96
2614,4,0,96
2615,4,0,96
2616,4,0,96
2617,4,0,96
2618,4,0,96
2619,4,0,96
2620,4,0,96
2621,4,0,96
2622,4,0,96
2623,4,0,96
2624,4,0,96
2625,4,0,96
2626,4,0,96
2627,4,0,96
2628,4,0,96
2629,4,0,96
2630,4,0,96
2631,4,0,96
2632,4,0,96
2633,4,0,96
2634,4,0,96
2635,4,0,96
2636,4,0,96
2637,4,0,96
2638,4,0,96
2639,4,0,96
2640,4,0,96
2641,4,0,96
2642,4,0,96
2643,4,0,96
2644,4,0,96
2645,4,0,96
2646,4,0,96
2647,4,0,96
2648,4,0,96
2649,4,0,96
2650,4,0,96
2651,4,0,96
2652,4,0,96
2653,4,0,96
2654,4,0,96
2655,4,0,96
2656,4,0,96
2657,4,0,96
2658,4,0,96
2659,4,0,96
2660,4,0,96
2661,4,0,96
2662,4,0,96
2663,4,0,96
2664,4,0,96
2665,4,0,96
2666,4,0,96
2667,4,0,96
2668,4,0,96
2669,4,0,96
2670,4,0,96
2671,4,0,96
2672,4,0,96
2673,4,0,96
2674,4,0,96
2675,4,0,96
2676,4,0,96
2677,4,0,96
2678,4,0,96
2679,4,0,96
2680,4,0,96
2681,4,0,96
2682,4,0,96
2683,4,0,96
2684,4,0,96
2685,4,0,96
2686,4,0,96
2687,4,0,96
2688,4,0,96
2689,4,0,96
2690,4,0,96
2691,4,0,96
2692,4,0,96
2693,4,0,96
2694,4,0,96
2695,4,0,96
2696,4,0,96
2697,4,0,96
2698,4,0,96
2699,4,0,96
2700,4,0,96
2701,4,0,96
2702,4,0,96
2703,4,0,96
2704,4,0,96
2705,4,0,96
2706,4,0,96
2707,4,0,96
2708,4,0,96
2709,4,0,96
2710,4,0,96
2711,4,0,96
2712,4,0,96
2713,4,0,96
2714,4,0,96
2715,4,0,96
2716,4,0,96
2717,4,0,96
2718,4,0,96
2719,4,0,96
2720,4,0,96
2721,4,0,96
2722,4,0,96
2723,4,0,96
2724,4,0,96
2725,4,0,96
2726,4,0,96
2727,4,0,96
2728,4,0,96
2729,4,0,96
2730,4,0,96
2731,4,0,96
2732,4,0,96
2733,4,0,96
2734,4,0,96
2735,4,0,96
2736,4,0,96
2737,4,0,96
2738,4,0,96
2739,4,0,96
2740,4,0,96
2741,4,0,96
2742,4,0,96
2743,4,0,96
2744,4,0,96
2745,4,0,96
2746,4,0,96
2747,4,0,96
2748,4,0,96
2749,4,0,96
2750,4,0,96
2751,4,0,96
2752,4,0,96
2753,4,0,96
2754,4,0,96
2755,4,0,96
2756,4,0,96
2757,4,0,96
2758,4,0,96
2759,4,0,96
2760,4,0,96
2761,4,0,96
2762,4,0,96
2763,4,0,96
2764,4,0,96
2765,4,0,96
2766,4,0,96
2767,4,0,96
2768,4,0,96
2769,4,0,96
2770,4,0,96
2771,4,0,96
2772,4,0,96
2773,4,0,96
2774,4,0,96
2775,4,0,96
2776,4,0,96
2777,4,0,96
2778,4,0,96
2779,4,0,96
2780,4,0,96
2781,4,0,96
2782,4,0,96
2783,4,0,96
2784,4,0,96
2785,4,0,96
2786,4,0,96
2787,4,0,96
2788,4,0,96
2789,4,0,96
2790,4,0,96
2791,4,0,96
2792,4,0,96
2793,4,0,96
2794,4,0,96
2795,4,0,96
2796,4,0,96
2797,4,0,96
2798,4,0,96
2799,4,0,96
2800,4,0,96
2801,4,0,96
2802,4,0,96
2803,4,0,96
2804,4,0,96
2805,4,0,96
2806,4,0,96
2807,4,0,96
2808,4,0,96
2809,4,0,96
2810,4,0,96
2811,4,0,96
2812,4,0,96
2813,4,0,96
2814,4,0,96
2815,4,0,96
2816,4,0,96
2817,4,0,96
2818,3,1,96
2819,3,1,96
2820,3,1,96
2821,3,1,96
2822,3,1,96
2823,3,1,96
2824,3,1,96
2825,3,1,96
2826,3,1,96
2827,3,1,96
2828,3,1,96
2829,3,1,96
2830,3,1,96
2831,3,1,96
2832,3,1,96
2833,3,1,96
2834,3,1,96
2835,3,1,96
2836,3,1,96
2837,3,1,96
2838,3,1,96
2839,3,1,96
2840,3,1,96
2841,3,1,96
2842,3,1,96
2843,3,1,96
2844,3,1,96
2845,3,1,96
2846,3,1,96
2847,3,1,96
2848,3,1,96
2849,3,1,96
2850,3,1,96
2851,3,1,96
2852,3,1,96
2853,3,1,96
2854,3,1,96
2855,3,1,96
2856,3,1,96
2857,3,1,96
2858,3,1,96
2859,3,1,96
2860,3,1,96
2861,3,1,96
2862,3,1,96
2863,3,1,96
2864,3,1,96
2865,3,1,96
2866,3,1,96
2867,3,1,96
2868,3,1,96
2869,3,1,96
2870,3,1,96
2871,3,1,96
2872,3,1,96
2873,3,1,96
2874,3,1,96
2875,3,1,96
2876,3,1,96
2877,3,1,96
2878,3,1,96
2879,3,1,96
2880,3,1,96
2881,3,1,96
2882,3,1,96
2883,3,1,96
2884,3,1,96
2885,3,1,96
2886,3,1,96
2887,3,1,96
2888,3,1,96
2889,3,1,96
2890,3,1,96
2891,3,1,96
2892,3,1,96
2893,3,1,96
2894,3,1,96
2895,3,1,96
2896,3,1,96
2897,3,1,96
2898,3,1,96
2899,3,1,96
2900,3,1,96
2901,3,1,96
2902,3,1,96
2903,3,1,96
2904,3,1,96
2905,3,1,96
2906,3,1,96
2907,3,1,96
2908,3,1,96
2909,3,1,96
2910,3,1,96
2911,3,1,96
2912,3,1,96
2913,3,1,96
2914,3,1,96
2915,3,1,96
2916,3,1,96
2917,3,1,96
2918,3,1,96
2919,3,1,96
2920,3,1,96
2921,3,1,96
2922,3,1,96
2923,3,1,96
2924,3,1,96
2925,3,1,96
2926,3,1,96
2927,3,1,96
2928,3,1,96
2929,3,1,96
2930,3,1,96
2931,3,1,96
2932,3,1,96
2933,3,1,96
2934,3,1,96
2935,3,1,96
2936,3,1,96
2937,3,1,96
2938,3,1,96
2939,3,1,96
2940,3,1,96
2941,3,1,96
2942,3,1,96
2943,3,1,96
2944,3,1,96
2945,3,1,96
2946,3,1,96
2947,3,1,96
2948,3,1,96
2949,3,1,96
2950,3,1,96
2951,3,1,96
2952,3,1,96
2953,3,1,96
2954,3,1,96
2955,3,1,96
2956,3,1,96
2957,3,1,96
2958,3,1,96
2959,3,1,96
2960,3,1,96
2961,3,1,96
2962,3,1,96
2963,3,1,96
2964,3,1,96
2965,3,1,96
2966,3,1,96
2967,3,0,97
2968,3,0,97
2969,3,0,97
2970,3,0,97
2971,3,0,97
2972,3,0,97
2973,3,0,97
2974,3,0,97
2975,3,0,97
2976,3,0,97
2977,3,0,97
2978,3,0,97
2979,3,0,97
2980,3,0,97
2981,3,0,97
2982,3,0,97
2983,3,0,97
2984,3,0,97
2985,3,0,97
2986,3,0,97
2987,3,0,97
2988,3,0,97
2989,3,0,97
2990,3,0,97
2991,3,0,97
2992,3,0,97
2993,3,0,97
2994,3,0,97
2995,3,0,97
2996,3,0,97
2997,3,0,97
2998,3,0,97
2999,3,0,97
3000,3,0,97
