Time,Healthy,Undetectable,Detectable
0,100,0,0
1,100,0,0
2,100,0,0
3,100,0,0
4,100,0,0
5,100,0,0
6,100,0,0
7,100,0,0
8,100,0,0
9,100,0,0
10,99,1,0
11,99,1,0
12,99,1,0
13,99,1,0
14,99,1,0
15,99,1,0
16,99,1,0
17,99,1,0
18,99,1,0
19,99,1,0
20,99,1,0
21,99,1,0
22,99,1,0
23,99,1,0
24,99,1,0
25,99,1,0
26,99,1,0
27,98,2,0
28,97,3,0
29,97,3,0
30,97,3,0
31,97,2,1
32,97,2,1
33,97,2,1
34,97,2,1
35,97,2,1
36,97,2,1
37,97,2,1
38,97,2,1
39,97,2,1
40,97,2,1
41,95,4,1
42,95,4,1
43,95,4,1
44,95,4,1
45,95,4,1
46,94,5,1
47,93,6,1
48,93,6,1
49,93,6,1
50,93,6,1
51,92,7,1
52,92,7,1
53,92,7,1
54,92,7,1
55,92,7,1
56,92,7,1
57,92,7,1
58,92,7,1
59,92,7,1
60,92,6,2
61,92,6,2
62,92,6,2
63,92,6,2
64,92,6,2
65,91,7,2
66,91,7,2
67,91,7,2
68,91,7,2
69,91,7,2
70,91,7,2
71,91,7,2
72,91,7,2
73,91,7,2
74,91,6,3
75,91,6,3
76,91,6,3
77,91,6,3
78,90,7,3
79,90,7,3
80,90,6,4
81,90,6,4
82,90,6,4
83,90,5,5
84,90,5,5
85,90,5,5
86,90,5,5
87,90,5,5
88,90,5,5
89,90,5,5
90,90,5,5
91,90,5,5
92,90,5,5
93,89,6,5
94,89,6,5
95,89,6,5
96,89,6,5
97,89,6,5
98,89,6,5
99,89,5,6
100,89,5,6
101,89,5,6
102,89,5,6
103,89,5,6
104,89,5,6
105,89,5,6
106,89,4,7
107,89,4,7
108,89,4,7
109,89,4,7
110,89,4,7
111,89,4,7
112,88,5,7
113,88,5,7
114,88,5,7
115,88,5,7
116,88,5,7
117,88,5,7
118,88,5,7
119,88,5,7
120,88,5,7
121,88,5,7
122,87,6,7
123,87,6,7
124,87,6,7
125,87,6,7
126,87,6,7
127,87,6,7
128,87,6,7
129,87,6,7
130,87,5,8
131,87,5,8
132,87,5,8
133,87,5,8
134,87,5,8
135,87,4,9
136,86,5,9
137,86,5,9
138,86,5,9
139,86,5,9
140,86,5,9
141,86,5,9
142,86,5,9
143,86,5,9
144,86,5,9
145,86,5,9
146,86,5,9
147,86,5,9
148,85,5,10
149,85,5,10
150,85,5,10
151,85,5,10
152,85,4,11
153,85,4,11
154,85,4,11
155,84,5,11
156,84,5,11
157,84,5,11
158,84,5,11
159,84,3,13
160,84,2,14
161,84,2,14
162,84,2,14
163,84,2,14
164,84,1,15
165,84,1,15
166,84,1,15
167,84,1,15
168,84,1,15
169,84,1,15
170,84,1,15
171,84,1,15
172,84,1,15
173,84,1,15
174,84,1,15
175,84,1,15
176,84,1,15
177,84,1,15
178,84,1,15
179,84,1,15
180,83,2,15
181,83,2,15
182,82,3,15
183,82,3,15
184,82,3,15
185,82,3,15
186,82,3,15
187,82,3,15
188,82,3,15
189,82,3,15
190,82,3,15
191,82,3,15
192,82,3,15
193,82,3,15
194,82,3,15
195,82,3,15
196,82,3,15
197,82,3,15
198,82,2,16
199,82,2,16
200,82,2,16
201,82,2,16
202,82,2,16
203,82,2,16
204,82,2,16
205,82,2,16
206,82,2,16
207,82,2,16
208,82,2,16
209,82,2,16
210,82,2,16
211,82,2,16
212,82,2,16
213,82,2,16
214,82,2,16
215,82,2,16
216,82,2,16
217,82,2,16
218,82,2,16
219,82,2,16
220,82,2,16
221,82,2,16
222,82,2,16
223,82,2,16
224,82,1,17
225,82,0,18
226,82,0,18
227,82,0,18
228,82,0,18
229,82,0,18
230,82,0,18
231,82,0,18
232,82,0,18
233,82,0,18
234,82,0,18
235,82,0,18
236,82,0,18
237,81,1,18
238,81,1,18
239,81,1,18
240,81,1,18
241,81,1,18
242,81,1,18
243,81,1,18
244,81,1,18
245,79,3,18
246,79,3,18
247,79,3,18
248,79,3,18
249,79,3,18
250,79,3,18
251,79,3,18
252,79,3,18
253,79,3,18
254,79,3,18
255,79,3,18
256,79,3,18
257,79,3,18
258,79,3,18
259,79,3,18
260,79,3,18
261,79,3,18
262,79,3,18
263,79,3,18
264,79,3,18
265,79,3,18
266,79,3,18
267,79,3,18
268,79,3,18
269,79,3,18
270,79,3,18
271,79,3,18
272,78,4,18
273,78,4,18
274,78,4,18
275,78,4,18
276,78,4,18
277,78,4,18
278,78,4,18
279,78,4,18
280,78,4,18
281,78,4,18
282,78,4,18
283,78,4,18
284,77,5,18
285,77,5,18
286,77,5,18
287,76,5,19
288,76,5,19
289,76,5,19
290,76,5,19
291,76,4,20
292,76,4,20
293,76,4,20
294,76,4,20
295,76,4,20
296,76,4,20
297,76,4,20
298,75,4,21
299,75,4,21
300,75,4,21
301,75,4,21
302,75,4,21
303,75,4,21
304,75,4,21
305,75,4,21
306,75,4,21
307,74,5,21
308,74,5,21
309,74,5,21
310,74,5,21
311,74,5,21
312,74,5,21
313,74,5,21
314,74,5,21
315,74,5,21
316,74,5,21
317,74,5,21
318,74,5,21
319,74,5,21
320,74,5,21
321,74,5,21
322,74,5,21
323,74,5,21
324,73,6,21
325,73,6,21
326,73,6,21
327,73,6,21
328,73,6,21
329,73,6,21
330,73,6,21
331,73,5,22
332,73,5,22
333,73,5,22
334,71,7,22
335,71,7,22
336,70,8,22
337,69,9,22
338,69,9,22
339,69,9,22
340,69,9,22
341,69,7,24
342,69,7,24
343,68,8,24
344,68,8,24
345,68,8,24
346,68,8,24
347,68,7,25
348,68,5,27
349,68,5,27
350,68,5,27
351,68,5,27
352,68,5,27
353,67,6,27
354,67,6,27
355,66,7,27
356,65,8,27
357,65,8,27
358,64,9,27
359,63,10,27
360,63,10,27
361,63,10,27
362,63,10,27
363,63,10,27
364,63,10,27
365,62,11,27
366,62,11,27
367,62,11,27
368,62,11,27
369,62,11,27
370,62,11,27
371,62,11,27
372,62,11,27
373,62,11,27
374,62,11,27
375,62,11,27
376,62,11,27
377,62,10,28
378,62,10,28
379,62,10,28
380,62,9,29
381,62,9,29
382,62,8,30
383,62,8,30
384,62,8,30
385,61,9,30
386,61,9,30
387,61,9,30
388,61,9,30
389,61,9,30
390,61,9,30
391,61,9,30
392,61,8,31
393,61,8,31
394,61,8,31
395,61,8,31
396,61,8,31
397,61,8,31
398,61,8,31
399,61,8,31
400,60,8,32
401,60,8,32
402,60,8,32
403,59,9,32
404,58,10,32
405,58,10,32
406,58,10,32
407,58,10,32
408,58,10,32
409,58,10,32
410,58,10,32
411,57,11,32
412,57,10,33
413,57,10,33
414,57,10,33
415,57,10,33
416,57,10,33
417,57,10,33
418,57,10,33
419,56,11,33
420,56,11,33
421,56,11,33
422,56,11,33
423,56,11,33
424,56,10,34
425,56,10,34
426,55,11,34
427,55,11,34
428,55,11,34
429,55,10,35
430,55,9,36
431,55,9,36
432,55,9,36
433,55,9,36
434,55,9,36
435,55,9,36
436,55,7,38
437,55,7,38
438,55,7,38
439,55,7,38
440,55,7,38
441,55,7,38
442,55,7,38
443,55,7,38
444,55,7,38
445,55,6,39
446,55,6,39
447,55,6,39
448,55,6,39
449,55,6,39
450,55,6,39
451,55,5,40
452,55,5,40
453,55,5,40
454,55,5,40
455,55,5,40
456,55,5,40
457,55,5,40
458,55,5,40
459,55,5,40
460,55,5,40
461,55,5,40
462,54,6,40
463,54,6,40
464,54,6,40
465,54,6,40
466,54,6,40
467,54,6,40
468,54,6,40
469,54,6,40
470,54,6,40
471,54,6,40
472,54,6,40
473,54,6,40
474,54,6,40
475,54,6,40
476,54,6,40
477,54,6,40
478,54,6,40
479,54,6,40
480,54,6,40
481,54,6,40
482,53,7,40
483,53,7,40
484,53,6,41
485,53,6,41
486,53,6,41
487,53,6,41
488,53,6,41
489,53,6,41
490,53,6,41
491,53,6,41
492,53,6,41
493,53,6,41
494,53,6,41
495,53,6,41
496,53,6,41
497,53,6,41
498,53,6,41
499,53,6,41
500,53,6,41
501,52,7,41
502,52,7,41
503,52,7,41
504,52,7,41
505,52,7,41
506,52,7,41
507,52,7,41
508,52,7,41
509,52,6,42
510,52,6,42
511,52,6,42
512,50,8,42
513,50,8,42
514,50,8,42
515,50,7,43
516,50,7,43
517,50,6,44
518,49,7,44
519,49,6,45
520,49,6,45
521,49,6,45
522,49,6,45
523,49,6,45
524,49,6,45
525,49,6,45
526,49,6,45
527,49,6,45
528,49,6,45
529,49,6,45
530,49,6,45
531,49,6,45
532,49,6,45
533,49,5,46
534,49,5,46
535,49,5,46
536,49,5,46
537,49,5,46
538,49,5,46
539,49,5,46
540,49,5,46
541,49,5,46
542,49,5,46
543,49,5,46
544,48,6,46
545,48,6,46
546,48,6,46
547,48,6,46
548,48,6,46
549,48,6,46
550,47,7,46
551,47,7,46
552,47,7,46
553,47,7,46
554,46,8,46
555,46,8,46
556,45,9,46
557,45,9,46
558,45,9,46
559,45,7,48
560,44,8,48
561,44,8,48
562,44,7,49
563,44,7,49
564,44,7,49
565,44,7,49
566,44,7,49
567,44,7,49
568,44,7,49
569,44,7,49
570,44,7,49
571,44,7,49
572,44,7,49
573,44,7,49
574,44,7,49
575,44,7,49
576,44,7,49
577,44,7,49
578,44,7,49
579,43,8,49
580,43,8,49
581,43,8,49
582,43,8,49
583,43,8,49
584,43,8,49
585,43,8,49
586,43,8,49
587,43,8,49
588,43,8,49
589,43,8,49
590,43,8,49
591,43,8,49
592,43,8,49
593,43,7,50
594,43,7,50
595,43,7,50
596,43,7,50
597,42,8,50
598,42,8,50
599,42,8,50
600,42,8,50
601,42,8,50
602,42,8,50
603,41,8,51
604,41,7,52
605,41,7,52
606,39,8,53
607,39,8,53
608,39,8,53
609,39,8,53
610,38,9,53
611,38,9,53
612,38,9,53
613,38,9,53
614,38,9,53
615,38,9,53
616,38,8,54
617,38,8,54
618,37,9,54
619,37,9,54
620,37,9,54
621,37,9,54
622,37,9,54
623,37,8,55
624,37,8,55
625,37,7,56
626,37,7,56
627,36,8,56
628,36,8,56
629,36,8,56
630,36,8,56
631,36,8,56
632,36,8,56
633,36,8,56
634,36,8,56
635,35,9,56
636,35,9,56
637,35,9,56
638,35,9,56
639,35,9,56
640,35,9,56
641,35,9,56
642,35,9,56
643,35,9,56
644,35,9,56
645,35,8,57
646,35,8,57
647,35,7,58
648,35,7,58
649,35,6,59
650,35,6,59
651,34,7,59
652,34,7,59
653,34,6,60
654,34,6,60
655,34,6,60
656,34,6,60
657,33,7,60
658,33,7,60
659,33,7,60
660,33,6,61
661,32,7,61
662,31,8,61
663,31,8,61
664,31,8,61
665,31,8,61
666,31,8,61
667,31,8,61
668,31,8,61
669,31,8,61
670,31,8,61
671,30,9,61
672,30,9,61
673,30,9,61
674,30,9,61
675,30,9,61
676,30,9,61
677,30,9,61
678,30,9,61
679,30,9,61
680,30,9,61
681,30,9,61
682,30,9,61
683,30,9,61
684,30,9,61
685,30,8,62
686,30,8,62
687,30,8,62
688,30,8,62
689,30,8,62
690,30,8,62
691,29,9,62
692,29,9,62
693,29,9,62
694,29,9,62
695,29,9,62
696,28,10,62
697,28,9,63
698,28,9,63
699,28,8,64
700,28,8,64
701,28,8,64
702,28,8,64
703,28,8,64
704,28,8,64
705,28,8,64
706,27,9,64
707,27,9,64
708,27,9,64
709,27,9,64
710,27,8,65
711,27,8,65
712,26,9,65
713,26,9,65
714,26,9,65
715,26,9,65
716,26,9,65
717,26,9,65
718,26,9,65
719,26,9,65
720,26,9,65
721,26,9,65
722,26,9,65
723,26,9,65
724,26,9,65
725,26,9,65
726,25,10,65
727,25,9,66
728,25,9,66
729,25,9,66
730,25,8,67
731,25,7,68
732,25,7,68
733,25,7,68
734,25,7,68
735,25,6,69
736,25,6,69
737,25,6,69
738,25,6,69
739,25,6,69
740,25,6,69
741,25,6,69
742,25,6,69
743,25,6,69
744,25,6,69
745,25,6,69
746,25,6,69
747,24,7,69
748,24,7,69
749,24,6,70
750,24,6,70
751,24,6,70
752,24,6,70
753,24,5,71
754,24,5,71
755,24,5,71
756,24,5,71
757,24,5,71
758,24,5,71
759,24,5,71
760,24,5,71
761,24,5,71
762,24,5,71
763,24,5,71
764,24,5,71
765,24,5,71
766,24,5,71
767,24,4,72
768,24,4,72
769,24,4,72
770,24,4,72
771,24,4,72
772,24,4,72
773,24,3,73
774,24,3,73
775,24,2,74
776,24,2,74
777,24,2,74
778,24,2,74
779,24,2,74
780,24,1,75
781,24,1,75
782,24,1,75
783,24,1,75
784,24,1,75
785,24,1,75
786,24,1,75
787,23,2,75
788,23,2,75
789,23,2,75
790,23,2,75
791,23,2,75
792,23,2,75
793,23,2,75
794,23,2,75
795,23,2,75
796,23,2,75
797,23,2,75
798,23,2,75
799,23,2,75
800,23,2,75
801,23,2,75
802,23,2,75
803,23,2,75
804,23,2,75
805,23,2,75
806,23,2,75
807,23,2,75
808,23,2,75
809,23,2,75
810,23,2,75
811,23,2,75
812,23,2,75
813,23,2,75
814,23,2,75
815,23,2,75
816,23,2,75
817,22,2,76
818,22,2,76
819,21,3,76
820,21,3,76
821,21,3,76
822,21,3,76
823,21,3,76
824,21,3,76
825,21,3,76
826,21,3,76
827,21,3,76
828,21,3,76
829,21,3,76
830,21,3,76
831,21,2,77
832,21,2,77
833,21,2,77
834,21,2,77
835,21,2,77
836,21,2,77
837,21,2,77
838,21,2,77
839,21,2,77
840,21,2,77
841,21,2,77
842,21,2,77
843,20,3,77
844,20,3,77
845,20,3,77
846,20,3,77
847,19,4,77
848,19,4,77
849,19,4,77
850,19,4,77
851,19,4,77
852,19,4,77
853,19,4,77
854,19,4,77
855,19,4,77
856,19,3,78
857,19,3,78
858,19,3,78
859,19,3,78
860,19,3,78
861,19,3,78
862,19,3,78
863,19,3,78
864,19,3,78
865,19,3,78
866,19,3,78
867,19,3,78
868,19,3,78
869,19,2,79
870,19,2,79
871,19,2,79
872,19,2,79
873,19,2,79
874,19,2,79
875,19,2,79
876,19,2,79
877,19,2,79
878,19,2,79
879,19,2,79
880,19,2,79
881,19,2,79
882,19,2,79
883,19,2,79
884,19,2,79
885,19,2,79
886,19,2,79
887,19,2,79
888,19,1,80
889,19,0,81
890,19,0,81
891,19,0,81
892,19,0,81
893,19,0,81
894,19,0,81
895,19,0,81
896,19,0,81
897,19,0,81
898,19,0,81
899,19,0,81
900,19,0,81
901,19,0,81
902,19,0,81
903,19,0,81
904,19,0,81
905,19,0,81
906,19,0,81
907,19,0,81
908,19,0,81
909,19,0,81
910,19,0,81
911,19,0,81
912,19,0,81
913,19,0,81
914,19,0,81
915,19,0,81
916,19,0,81
917,19,0,81
918,19,0,81
919,18,1,81
920,18,1,81
921,17,2,81
922,17,2,81
923,17,2,81
924,17,2,81
925,17,2,81
926,17,2,81
927,17,2,81
928,17,2,81
929,17,2,81
930,17,2,81
931,17,2,81
932,17,2,81
933,17,2,81
934,17,2,81
935,17,2,81
936,17,2,81
937,17,2,81
938,17,2,81
939,17,2,81
940,17,2,81
941,17,2,81
942,17,1,82
943,17,1,82
944,17,1,82
945,17,1,82
946,17,1,82
947,17,1,82
948,17,1,82
949,17,1,82
950,17,1,82
951,17,1,82
952,17,1,82
953,17,1,82
954,17,1,82
955,17,1,82
956,17,1,82
957,17,1,82
958,17,1,82
959,17,1,82
960,16,2,82
961,16,2,82
962,16,2,82
963,16,2,82
964,16,2,82
965,16,2,82
966,16,2,82
967,16,2,82
968,16,2,82
969,16,2,82
970,16,2,82
971,16,2,82
972,16,2,82
973,16,2,82
974,16,2,82
975,16,2,82
976,16,2,82
977,16,2,82
978,16,1,83
979,16,1,83
980,16,1,83
981,16,1,83
982,16,1,83
983,16,1,83
984,16,1,83
985,16,1,83
986,16,1,83
987,15,2,83
988,15,2,83
989,15,2,83
990,15,2,83
991,15,2,83
992,15,2,83
993,15,2,83
994,15,2,83
995,15,2,83
996,15,2,83
997,15,2,83
998,15,2,83
999,15,2,83
1000,15,2,83
1001,15,2,83
1002,15,2,83
1003,15,2,83
1004,15,2,83
1005,15,2,83
1006,15,2,83
1007,15,2,83
1008,14,3,83
1009,14,3,83
1010,14,3,83
1011,14,3,83
1012,14,3,83
1013,14,3,83
1014,14,3,83
1015,14,3,83
1016,14,3,83
1017,14,3,83
1018,14,3,83
1019,14,2,84
1020,14,2,84
1021,14,2,84
1022,14,2,84
1023,14,2,84
1024,14,2,84
1025,14,2,84
1026,14,2,84
1027,14,2,84
1028,14,2,84
1029,14,2,84
1030,14,1,85
1031,14,1,85
1032,14,1,85
1033,14,1,85
1034,14,1,85
1035,14,1,85
1036,14,1,85
1037,14,1,85
1038,14,0,86
1039,14,0,86
1040,14,0,86
1041,14,0,86
1042,14,0,86
1043,14,0,86
1044,14,0,86
1045,14,0,86
1046,14,0,86
1047,13,1,86
1048,13,1,86
1049,13,1,86
1050,13,1,86
1051,13,1,86
1052,13,1,86
1053,13,1,86
1054,13,1,86
1055,13,1,86
1056,13,1,86
1057,13,1,86
1058,13,1,86
1059,12,2,86
1060,12,2,86
1061,12,2,86
1062,12,2,86
1063,12,2,86
1064,12,2,86
1065,12,2,86
1066,12,2,86
1067,12,2,86
1068,12,2,86
1069,12,1,87
1070,12,1,87
1071,12,1,87
1072,12,0,88
1073,12,0,88
1074,12,0,88
1075,12,0,88
1076,12,0,88
1077,12,0,88
1078,12,0,88
1079,12,0,88
1080,12,0,88
1081,12,0,88
1082,12,0,88
1083,12,0,88
1084,12,0,88
1085,12,0,88
1086,12,0,88
1087,12,0,88
1088,12,0,88
1089,12,0,88
1090,12,0,88
1091,12,0,88
1092,12,0,88
1093,12,0,88
1094,12,0,88
1095,12,0,88
1096,12,0,88
1097,12,0,88
1098,12,0,88
1099,12,0,88
1100,12,0,88
1101,11,1,88
1102,11,1,88
1103,11,1,88
1104,11,1,88
1105,11,1,88
1106,11,1,88
1107,11,1,88
1108,11,1,88
1109,11,1,88
1110,11,1,88
1111,11,1,88
1112,11,1,88
1113,11,1,88
1114,11,1,88
1115,11,1,88
1116,11,1,88
1117,11,1,88
1118,11,1,88
1119,11,1,88
1120,11,0,89
1121,11,0,89
1122,11,0,89
1123,11,0,89
1124,11,0,89
1125,11,0,89
1126,11,0,89
1127,11,0,89
1128,11,0,89
1129,11,0,89
1130,11,0,89
1131,11,0,89
1132,11,0,89
1133,11,0,89
1134,11,0,89
1135,11,0,89
1136,11,0,89
1137,11,0,89
1138,11,0,89
1139,11,0,89
1140,11,0,89
1141,11,0,89
1142,11,0,89
1143,11,0,89
1144,11,0,89
1145,11,0,89
1146,11,0,89
1147,11,0,89
1148,11,0,89
1149,10,1,89
1150,10,1,89
1151,10,1,89
1152,10,1,89
1153,10,1,89
1154,10,1,89
1155,10,1,89
1156,10,1,89
1157,10,1,89
1158,10,1,89
1159,9,2,89
1160,9,2,89
1161,9,2,89
1162,9,2,89
1163,9,2,89
1164,9,2,89
1165,9,2,89
1166,9,2,89
1167,9,2,89
1168,9,2,89
1169,9,2,89
1170,9,2,89
1171,9,2,89
1172,9,2,89
1173,9,2,89
1174,9,2,89
1175,9,2,89
1176,9,2,89
1177,9,2,89
1178,9,2,89
1179,9,2,89
1180,9,2,89
1181,9,2,89
1182,9,2,89
1183,9,2,89
1184,9,2,89
1185,9,2,89
1186,9,2,89
1187,9,2,89
1188,9,2,89
1189,9,2,89
1190,9,2,89
1191,9,2,89
1192,9,2,89
1193,9,2,89
1194,9,2,89
1195,9,2,89
1196,9,2,89
1197,9,2,89
1198,9,2,89
1199,9,2,89
1200,9,2,89
1201,9,2,89
1202,9,2,89
1203,9,2,89
1204,8,3,89
1205,8,3,89
1206,8,3,89
1207,8,3,89
1208,8,3,89
1209,8,3,89
1210,8,3,89
1211,8,3,89
1212,7,4,89
1213,7,4,89
1214,7,4,89
1215,7,4,89
1216,7,4,89
1217,7,4,89
1218,7,4,89
1219,7,4,89
1220,7,4,89
1221,7,4,89
1222,7,3,90
1223,7,3,90
1224,7,3,90
1225,7,3,90
1226,7,3,90
1227,7,3,90
1228,7,3,90
1229,7,3,90
1230,7,3,90
1231,7,3,90
1232,7,3,90
1233,7,3,90
1234,7,3,90
1235,7,3,90
1236,7,3,90
1237,7,3,90
1238,7,3,90
1239,7,3,90
1240,7,3,90
1241,7,3,90
1242,7,3,90
1243,7,3,90
1244,7,3,90
1245,7,3,90
1246,7,3,90
1247,7,3,90
1248,7,3,90
1249,7,3,90
1250,7,3,90
1251,7,3,90
1252,7,3,90
1253,6,4,90
1254,6,4,90
1255,6,4,90
1256,6,4,90
1257,6,4,90
1258,6,4,90
1259,6,4,90
1260,5,5,90
1261,5,5,90
1262,5,5,90
1263,5,5,90
1264,5,5,90
1265,5,5,90
1266,5,5,90
1267,5,5,90
1268,5,5,90
1269,5,5,90
1270,5,5,90
1271,5,5,90
1272,5,5,90
1273,5,5,90
1274,5,3,92
1275,5,3,92
1276,5,3,92
1277,5,3,92
1278,5,3,92
1279,5,3,92
1280,5,3,92
1281,5,3,92
1282,5,3,92
1283,5,3,92
1284,5,3,92
1285,5,3,92
1286,5,3,92
1287,5,3,92
1288,5,3,92
1289,5,3,92
1290,5,3,92
1291,5,3,92
1292,5,3,92
1293,5,3,92
1294,5,3,92
1295,5,3,92
1296,5,3,92
1297,5,3,92
1298,5,3,92
1299,5,3,92
1300,5,3,92
1301,5,3,92
1302,5,3,92
1303,5,3,92
1304,5,3,92
1305,5,3,92
1306,5,3,92
1307,5,3,92
1308,5,3,92
1309,5,3,92
1310,5,3,92
1311,5,3,92
1312,5,3,92
1313,5,3,92
1314,5,3,92
1315,5,3,92
1316,5,3,92
1317,5,3,92
1318,5,3,92
1319,5,3,92
1320,5,3,92
1321,5,3,92
1322,5,2,93
1323,5,2,93
1324,5,2,93
1325,5,2,93
1326,5,2,93
1327,5,2,93
1328,5,2,93
1329,5,2,93
1330,5,2,93
1331,5,2,93
1332,5,2,93
1333,5,2,93
1334,5,2,93
1335,5,2,93
1336,5,1,94
1337,5,1,94
1338,5,1,94
1339,5,1,94
1340,5,1,94
1341,5,1,94
1342,5,1,94
1343,5,1,94
1344,5,1,94
1345,5,1,94
1346,5,1,94
1347,5,1,94
1348,5,1,94
1349,5,1,94
1350,5,1,94
1351,5,1,94
1352,5,1,94
1353,5,1,94
1354,5,1,94
1355,5,1,94
1356,5,1,94
1357,5,1,94
1358,5,1,94
1359,5,1,94
1360,5,1,94
1361,4,2,94
1362,4,2,94
1363,4,2,94
1364,4,2,94
1365,4,2,94
1366,4,2,94
1367,4,2,94
1368,4,2,94
1369,4,2,94
1370,4,2,94
1371,4,2,94
1372,4,2,94
1373,4,2,94
1374,4,2,94
1375,4,2,94
1376,4,2,94
1377,4,2,94
1378,4,2,94
1379,4,2,94
1380,4,2,94
1381,4,2,94
1382,4,2,94
1383,4,2,94
1384,4,2,94
1385,4,2,94
1386,4,2,94
1387,4,2,94
1388,4,2,94
1389,4,2,94
1390,4,2,94
1391,4,2,94
1392,4,2,94
1393,4,2,94
1394,4,2,94
1395,4,2,94
1396,4,2,94
1397,4,2,94
1398,4,1,95
1399,4,1,95
1400,4,1,95
1401,4,1,95
1402,4,1,95
1403,4,1,95
1404,4,1,95
1405,4,1,95
1406,4,1,95
1407,4,1,95
1408,4,1,95
1409,4,1,95
1410,4,1,95
1411,4,1,95
1412,4,1,95
1413,4,1,95
1414,4,1,95
1415,4,1,95
1416,4,1,95
1417,4,1,95
1418,4,1,95
1419,4,1,95
1420,4,1,95
1421,4,1,95
1422,4,1,95
1423,3,2,95
1424,3,2,95
1425,3,2,95
1426,3,2,95
1427,3,2,95
1428,3,2,95
1429,3,2,95
1430,3,2,95
1431,3,2,95
1432,3,2,95
1433,3,2,95
1434,3,2,95
1435,3,2,95
1436,3,2,95
1437,3,1,96
1438,3,1,96
1439,3,1,96
1440,3,0,97
1441,3,0,97
1442,3,0,97
1443,3,0,97
1444,3,0,97
1445,3,0,97
1446,3,0,97
1447,3,0,97
1448,3,0,97
1449,3,0,97
1450,3,0,97
1451,3,0,97
1452,3,0,97
1453,3,0,97
1454,3,0,97
1455,3,0,97
1456,3,0,97
1457,3,0,97
1458,3,0,97
1459,3,0,97
1460,3,0,97
1461,3,0,97
1462,3,0,97
1463,3,0,97
1464,3,0,97
1465,3,0,97
1466,3,0,97
1467,3,0,97
1468,3,0,97
1469,3,0,97
1470,3,0,97
1471,3,0,97
1472,3,0,97
1473,3,0,97
1474,3,0,97
1475,3,0,97
1476,3,0,97
1477,3,0,97
1478,3,0,97
1479,3,0,97
1480,3,0,97
1481,3,0,97
1482,3,0,97
1483,3,0,97
1484,3,0,97
1485,3,0,97
1486,3,0,97
1487,3,0,97
1488,3,0,97
1489,3,0,97
1490,3,0,97
1491,3,0,97
1492,3,0,97
1493,3,0,97
1494,3,0,97
1495,3,0,97
1496,3,0,97
1497,3,0,97
1498,3,0,97
1499,3,0,97
1500,3,0,97
1501,3,0,97
1502,3,0,97
1503,3,0,97
1504,3,0,97
1505,3,0,97
1506,3,0,97
1507,3,0,97
1508,3,0,97
1509,3,0,97
1510,3,0,97
1511,3,0,97
1512,3,0,97
1513,3,0,97
1514,3,0,97
1515,3,0,97
1516,3,0,97
1517,3,0,97
1518,3,0,97
1519,3,0,97
1520,3,0,97
1521,3,0,97
1522,3,0,97
1523,3,0,97
1524,3,0,97
1525,3,0,97
1526,3,0,97
1527,3,0,97
1528,3,0,97
1529,3,0,97
1530,3,0,97
1531,3,0,97
1532,3,0,97
1533,3,0,97
1534,3,0,97
1535,3,0,97
1536,3,0,97
1537,3,0,97
1538,3,0,97
1539,3,0,97
1540,3,0,97
1541,3,0,97
1542,3,0,97
1543,3,0,97
1544,3,0,97
1545,3,0,97
1546,3,0,97
1547,3,0,97
1548,3,0,97
1549,3,0,97
1550,3,0,97
1551,3,0,97
1552,3,0,97
1553,3,0,97
1554,3,0,97
1555,3,0,97
1556,3,0,97
1557,3,0,97
1558,3,0,97
1559,3,0,97
1560,3,0,97
1561,3,0,97
1562,3,0,97
1563,3,0,97
1564,3,0,97
1565,3,0,97
1566,3,0,97
1567,3,0,97
1568,3,0,97
1569,3,0,97
1570,3,0,97
1571,3,0,97
1572,3,0,97
1573,3,0,97
1574,3,0,97
1575,3,0,97
1576,3,0,97
1577,3,0,97
1578,3,0,97
1579,3,0,97
1580,3,0,97
1581,3,0,97
1582,3,0,97
1583,3,0,97
1584,3,0,97
1585,3,0,97
1586,3,0,97
1587,3,0,97
1588,3,0,97
1589,3,0,97
1590,3,0,97
1591,3,0,97
1592,3,0,97
1593,3,0,97
1594,3,0,97
1595,3,0,97
1596,3,0,97
1597,3,0,97
1598,3,0,97
1599,3,0,97
1600,3,0,97
1601,3,0,97
1602,3,0,97
1603,3,0,97
1604,3,0,97
1605,3,0,97
1606,3,0,97
1607,3,0,97
1608,3,0,97
1609,3,0,97
1610,3,0,97
1611,3,0,97
1612,3,0,97
1613,3,0,97
1614,3,0,97
1615,3,0,97
1616,3,0,97
1617,3,0,97
1618,3,0,97
1619,3,0,97
1620,3,0,97
1621,3,0,97
1622,3,0,97
1623,3,0,97
1624,3,0,97
1625,3,0,97
1626,3,0,97
1627,3,0,97
1628,3,0,97
1629,3,0,97
1630,3,0,97
1631,3,0,97
1632,3,0,97
1633,3,0,97
1634,3,0,97
1635,3,0,97
1636,3,0,97
1637,3,0,97
1638,3,0,97
1639,3,0,97
1640,3,0,97
1641,3,0,97
1642,3,0,97
1643,3,0,97
1644,3,0,97
1645,3,0,97
1646,3,0,97
1647,3,0,97
1648,3,0,97
1649,3,0,97
1650,3,0,97
1651,3,0,97
1652,3,0,97
1653,3,0,97
1654,3,0,97
1655,3,0,97
1656,3,0,97
1657,3,0,97
1658,3,0,97
1659,3,0,97
1660,3,0,97
1661,3,0,97
1662,3,0,97
1663,3,0,97
1664,3,0,97
1665,3,0,97
1666,3,0,97
1667,3,0,97
1668,3,0,97
1669,3,0,97
1670,3,0,97
1671,3,0,97
1672,3,0,97
1673,3,0,97
1674,3,0,97
1675,3,0,97
1676,3,0,97
1677,3,0,97
1678,3,0,97
1679,3,0,97
1680,3,0,97
1681,3,0,97
1682,3,0,97
1683,3,0,97
1684,3,0,97
1685,3,0,97
1686,3,0,97
1687,3,0,97
1688,3,0,97
1689,3,0,97
1690,3,0,97
1691,3,0,97
1692,3,0,97
1693,3,0,97
1694,3,0,97
1695,3,0,97
1696,3,0,97
1697,3,0,97
1698,3,0,97
1699,3,0,97
1700,3,0,97
1701,3,0,97
1702,3,0,97
1703,3,0,97
1704,3,0,97
1705,3,0,97
1706,3,0,97
1707,3,0,97
1708,3,0,97
1709,3,0,97
1710,3,0,97
1711,3,0,97
1712,3,0,97
1713,3,0,97
1714,3,0,97
1715,3,0,97
1716,3,0,97
1717,3,0,97
1718,3,0,97
1719,3,0,97
1720,3,0,97
1721,3,0,97
1722,3,0,97
1723,3,0,97
1724,3,0,97
1725,3,0,97
1726,3,0,97
1727,3,0,97
1728,3,0,97
1729,3,0,97
1730,3,0,97
1731,3,0,97
1732,3,0,97
1733,3,0,97
1734,3,0,97
1735,3,0,97
1736,3,0,97
1737,3,0,97
1738,3,0,97
1739,3,0,97
1740,3,0,97
1741,3,0,97
1742,3,0,97
1743,3,0,97
1744,3,0,97
1745,3,0,97
1746,3,0,97
1747,3,0,97
1748,3,0,97
1749,3,0,97
1750,3,0,97
1751,3,0,97
1752,3,0,97
1753,3,0,97
1754,3,0,97
1755,3,0,97
1756,3,0,97
1757,3,0,97
1758,3,0,97
1759,3,0,97
1760,3,0,97
1761,3,0,97
1762,3,0,97
1763,3,0,97
1764,3,0,97
1765,3,0,97
1766,3,0,97
1767,3,0,97
1768,3,0,97
1769,3,0,97
1770,3,0,97
1771,3,0,97
1772,3,0,97
1773,3,0,97
1774,3,0,97
1775,3,0,97
1776,3,0,97
1777,3,0,97
1778,3,0,97
1779,3,0,97
1780,3,0,97
1781,3,0,97
1782,3,0,97
1783,3,0,97
1784,3,0,97
1785,3,0,97
1786,3,0,97
1787,3,0,97
1788,3,0,97
1789,3,0,97
1790,3,0,97
1791,3,0,97
1792,3,0,97
1793,3,0,97
1794,3,0,97
1795,3,0,97
1796,3,0,97
1797,3,0,97
1798,3,0,97
1799,3,0,97
1800,3,0,97
1801,3,0,97
1802,3,0,97
1803,3,0,97
1804,3,0,97
1805,3,0,97
1806,3,0,97
1807,3,0,97
1808,3,0,97
1809,3,0,97
1810,3,0,97
1811,3,0,97
1812,3,0,97
1813,3,0,97
1814,3,0,97
1815,3,0,97
1816,3,0,97
1817,3,0,97
1818,3,0,97
1819,3,0,97
1820,3,0,97
1821,3,0,97
1822,3,0,97
1823,3,0,97
1824,3,0,97
1825,3,0,97
1826,3,0,97
1827,3,0,97
1828,3,0,97
1829,3,0,97
1830,3,0,97
1831,3,0,97
1832,3,0,97
1833,3,0,97
1834,3,0,97
1835,3,0,97
1836,3,0,97
1837,3,0,97
1838,3,0,97
1839,3,0,97
1840,3,0,97
1841,3,0,97
1842,3,0,97
1843,3,0,97
1844,3,0,97
1845,3,0,97
1846,3,0,97
1847,3,0,97
1848,3,0,97
1849,3,0,97
1850,3,0,97
1851,3,0,97
1852,3,0,97
1853,3,0,97
1854,3,0,97
1855,3,0,97
1856,3,0,97
1857,3,0,97
1858,3,0,97
1859,3,0,97
1860,3,0,97
1861,3,0,97
1862,2,1,97
1863,2,1,97
1864,2,1,97
1865,2,1,97
1866,2,1,97
1867,2,1,97
1868,2,1,97
1869,2,1,97
1870,2,1,97
1871,2,1,97
1872,2,1,97
1873,2,1,97
1874,2,1,97
1875,2,1,97
1876,2,1,97
1877,2,1,97
1878,2,1,97
1879,2,1,97
1880,2,1,97
1881,2,1,97
1882,2,1,97
1883,2,1,97
1884,2,1,97
1885,2,1,97
1886,2,0,98
1887,2,0,98
1888,2,0,98
1889,2,0,98
1890,2,0,98
1891,2,0,98
1892,2,0,98
1893,2,0,98
1894,2,0,98
1895,2,0,98
1896,2,0,98
1897,2,0,98
1898,2,0,98
1899,2,0,98
1900,2,0,98
1901,2,0,98
1902,2,0,98
1903,2,0,98
1904,2,0,98
1905,2,0,98
1906,2,0,98
1907,2,0,98
1908,2,0,98
1909,2,0,98
1910,2,0,98
1911,2,0,98
1912,2,0,98
1913,2,0,98
1914,2,0,98
1915,2,0,98
1916,2,0,98
1917,2,0,98
1918,2,0,98
1919,2,0,98
1920,2,0,98
1921,2,0,98
1922,2,0,98
1923,2,0,98
1924,2,0,98
1925,2,0,98
1926,2,0,98
1927,2,0,98
1928,2,0,98
1929,2,0,98
1930,2,0,98
1931,2,0,98
1932,2,0,98
1933,2,0,98
1934,2,0,98
1935,2,0,98
1936,2,0,98
1937,2,0,98
1938,2,0,98
1939,2,0,98
1940,2,0,98
1941,2,0,98
1942,2,0,98
1943,2,0,98
1944,2,0,98
1945,2,0,98
1946,2,0,98
1947,2,0,98
1948,2,0,98
1949,2,0,98
1950,2,0,98
1951,2,0,98
1952,2,0,98
1953,2,0,98
1954,2,0,98
1955,2,0,98
1956,2,0,98
1957,2,0,98
1958,2,0,98
1959,2,0,98
1960,2,0,98
1961,2,0,98
1962,2,0,98
1963,2,0,98
1964,2,0,98
1965,2,0,98
1966,2,0,98
1967,2,0,98
1968,2,0,98
1969,2,0,98
1970,2,0,98
1971,2,0,98
1972,2,0,98
1973,2,0,98
1974,2,0,98
1975,2,0,98
1976,2,0,98
1977,2,0,98
1978,2,0,98
1979,2,0,98
1980,2,0,98
1981,2,0,98
1982,2,0,98
1983,2,0,98
1984,2,0,98
1985,2,0,98
1986,2,0,98
1987,2,0,98
1988,2,0,98
1989,2,0,98
1990,2,0,98
1991,2,0,98
1992,2,0,98
1993,2,0,98
1994,2,0,98
1995,2,0,98
1996,2,0,98
1997,2,0,98
1998,2,0,98
1999,2,0,98
2000,2,0,98
2001,2,0,98
2002,2,0,98
2003,2,0,98
2004,2,0,98
2005,2,0,98
2006,2,0,98
2007,2,0,98
2008,2,0,98
2009,2,0,98
2010,2,0,98
2011,2,0,98
2012,2,0,98
2013,2,0,98
2014,2,0,98
2015,2,0,98
2016,2,0,98
2017,2,0,98
2018,2,0,98
2019,2,0,98
2020,2,0,98
2021,2,0,98
2022,2,0,98
2023,2,0,98
2024,2,0,98
2025,2,0,98
2026,2,0,98
2027,2,0,98
2028,2,0,98
2029,2,0,98
2030,2,0,98
2031,2,0,98
2032,2,0,98
2033,2,0,98
2034,2,0,98
2035,2,0,98
2036,2,0,98
2037,2,0,98
2038,2,0,98
2039,2,0,98
2040,2,0,98
2041,2,0,98
2042,2,0,98
2043,2,0,98
2044,2,0,98
2045,2,0,98
2046,2,0,98
2047,2,0,98
2048,2,0,98
2049,2,0,98
2050,2,0,98
2051,2,0,98
2052,2,0,98
2053,2,0,98
2054,2,0,98
2055,2,0,98
2056,2,0,98
2057,2,0,98
2058,2,0,98
2059,2,0,98
2060,2,0,98
2061,2,0,98
2062,2,0,98
2063,2,0,98
2064,2,0,98
2065,2,0,98
2066,2,0,98
2067,2,0,98
2068,2,0,98
2069,2,0,98
2070,2,0,98
2071,2,0,98
2072,2,0,98
2073,2,0,98
2074,2,0,98
2075,2,0,98
2076,2,0,98
2077,2,0,98
2078,2,0,98
2079,2,0,98
2080,2,0,98
2081,2,0,98
2082,2,0,98
2083,2,0,98
2084,2,0,98
2085,2,0,98
2086,2,0,98
2087,2,0,98
2088,2,0,98
2089,2,0,98
2090,2,0,98
2091,2,0,98
2092,2,0,98
2093,2,0,98
2094,2,0,98
2095,2,0,98
2096,2,0,98
2097,2,0,98
2098,2,0,98
2099,2,0,98
2100,2,0,98
2101,2,0,98
2102,2,0,98
2103,2,0,98
2104,2,0,98
2105,2,0,98
2106,2,0,98
2107,2,0,98
2108,2,0,98
2109,2,0,98
2110,2,0,98
2111,2,0,98
2112,2,0,98
2113,2,0,98
2114,2,0,98
2115,2,0,98
2116,2,0,98
2117,2,0,98
2118,2,0,98
2119,2,0,98
2120,2,0,98
2121,2,0,98
2122,2,0,98
2123,2,0,98
2124,2,0,98
2125,2,0,98
2126,2,0,98
2127,2,0,98
2128,2,0,98
2129,2,0,98
2130,2,0,98
2131,2,0,98
2132,2,0,98
2133,2,0,98
2134,2,0,98
2135,2,0,98
2136,2,0,98
2137,2,0,98
2138,2,0,98
2139,2,0,98
2140,2,0,98
2141,2,0,98
2142,2,0,98
2143,2,0,98
2144,2,0,98
2145,2,0,98
2146,2,0,98
2147,2,0,98
2148,2,0,98
2149,2,0,98
2150,2,0,98
2151,2,0,98
2152,2,0,98
2153,2,0,98
2154,2,0,98
2155,2,0,98
2156,2,0,98
2157,2,0,98
2158,2,0,98
2159,2,0,98
2160,2,0,98
2161,2,0,98
2162,2,0,98
2163,2,0,98
2164,2,0,98
2165,2,0,98
2166,2,0,98
2167,2,0,98
2168,2,0,98
2169,2,0,98
2170,2,0,98
2171,2,0,98
2172,2,0,98
2173,2,0,98
2174,2,0,98
2175,2,0,98
2176,2,0,98
2177,2,0,98
2178,2,0,98
2179,2,0,98
2180,2,0,98
2181,2,0,98
2182,2,0,98
2183,2,0,98
2184,2,0,98
2185,2,0,98
2186,2,0,98
2187,2,0,98
2188,2,0,98
2189,2,0,98
2190,2,0,98
2191,2,0,98
2192,2,0,98
2193,2,0,98
2194,2,0,98
2195,2,0,98
2196,2,0,98
2197,2,0,98
2198,2,0,98
2199,2,0,98
2200,2,0,98
2201,2,0,98
2202,2,0,98
2203,2,0,98
2204,2,0,98
2205,2,0,98
2206,2,0,98
2207,2,0,98
2208,2,0,98
2209,2,0,98
2210,2,0,98
2211,2,0,98
2212,2,0,98
2213,2,0,98
2214,2,0,98
2215,2,0,98
2216,2,0,98
2217,2,0,98
2218,2,0,98
2219,2,0,98
2220,2,0,98
2221,2,0,98
2222,2,0,98
2223,2,0,98
2224,2,0,98
2225,2,0,98
2226,2,0,98
2227,2,0,98
2228,2,0,98
2229,2,0,98
2230,2,0,98
2231,2,0,98
2232,2,0,98
2233,2,0,98
2234,2,0,98
2235,2,0,98
2236,2,0,98
2237,2,0,98
2238,2,0,98
2239,2,0,98
2240,2,0,98
2241,2,0,98
2242,2,0,98
2243,2,0,98
2244,2,0,98
2245,2,0,98
2246,2,0,98
2247,2,0,98
2248,2,0,98
2249,2,0,98
2250,2,0,98
2251,2,0,98
2252,2,0,98
2253,2,0,98
2254,2,0,98
2255,2,0,98
2256,2,0,98
2257,2,0,98
2258,2,0,98
2259,2,0,98
2260,2,0,98
2261,2,0,98
2262,2,0,98
2263,2,0,98
2264,2,0,98
2265,2,0,98
2266,2,0,98
2267,2,0,98
2268,2,0,98
2269,2,0,98
2270,2,0,98
2271,2,0,98
2272,2,0,98
2273,2,0,98
2274,2,0,98
2275,2,0,98
2276,2,0,98
2277,2,0,98
2278,2,0,98
2279,2,0,98
2280,2,0,98
2281,2,0,98
2282,2,0,98
2283,2,0,98
2284,2,0,98
2285,2,0,98
2286,2,0,98
2287,2,0,98
2288,2,0,98
2289,2,0,98
2290,2,0,98
2291,2,0,98
2292,2,0,98
2293,2,0,98
2294,2,0,98
2295,2,0,98
2296,2,0,98
2297,2,0,98
2298,2,0,98
2299,2,0,98
2300,2,0,98
2301,2,0,98
2302,2,0,98
2303,2,0,98
2304,2,0,98
2305,2,0,98
2306,2,0,98
2307,2,0,98
2308,2,0,98
2309,2,0,98
2310,2,0,98
2311,2,0,98
2312,2,0,98
2313,2,0,98
2314,2,0,98
2315,2,0,98
2316,2,0,98
2317,2,0,98
2318,2,0,98
2319,2,0,98
2320,2,0,98
2321,2,0,98
2322,2,0,98
2323,2,0,98
2324,2,0,98
2325,2,0,98
2326,2,0,98
2327,2,0,98
2328,2,0,98
2329,2,0,98
2330,2,0,98
2331,2,0,98
2332,2,0,98
2333,2,0,98
2334,2,0,98
2335,2,0,98
2336,2,0,98
2337,2,0,98
2338,2,0,98
2339,2,0,98
2340,2,0,98
2341,2,0,98
2342,2,0,98
2343,2,0,98
2344,2,0,98
2345,2,0,98
2346,2,0,98
2347,2,0,98
2348,2,0,98
2349,2,0,98
2350,2,0,98
2351,2,0,98
2352,2,0,98
2353,2,0,98
2354,2,0,98
2355,2,0,98
2356,2,0,98
2357,2,0,98
2358,2,0,98
2359,2,0,98
2360,2,0,98
2361,2,0,98
2362,2,0,98
2363,2,0,98
2364,2,0,98
2365,2,0,98
2366,2,0,98
2367,2,0,98
2368,2,0,98
2369,2,0,98
2370,2,0,98
2371,2,0,98
2372,2,0,98
2373,2,0,98
2374,2,0,98
2375,2,0,98
2376,2,0,98
2377,2,0,98
2378,2,0,98
2379,2,0,98
2380,2,0,98
2381,2,0,98
2382,2,0,98
2383,2,0,98
2384,2,0,98
2385,2,0,98
2386,2,0,98
2387,2,0,98
2388,2,0,98
2389,2,0,98
2390,2,0,98
2391,2,0,98
2392,2,0,98
2393,2,0,98
2394,2,0,98
2395,2,0,98
2396,2,0,98
2397,2,0,98
2398,2,0,98
2399,2,0,98
2400,2,0,98
2401,2,0,98
2402,2,0,98
2403,2,0,98
2404,2,0,98
2405,2,0,98
2406,2,0,98
2407,2,0,98
2408,2,0,98
2409,2,0,98
2410,2,0,98
2411,2,0,98
2412,2,0,98
2413,2,0,98
2414,2,0,98
2415,2,0,98
2416,2,0,98
2417,2,0,98
2418,2,0,98
2419,2,0,98
2420,2,0,98
2421,2,0,98
2422,2,0,98
2423,2,0,98
2424,2,0,98
2425,2,0,98
2426,2,0,98
2427,2,0,98
2428,2,0,98
2429,2,0,98
2430,2,0,98
2431,2,0,98
2432,2,0,98
2433,2,0,98
2434,2,0,98
2435,2,0,98
2436,2,0,98
2437,2,0,98
2438,2,0,98
2439,2,0,98
2440,2,0,98
2441,2,0,98
2442,2,0,98
2443,2,0,98
2444,2,0,98
2445,2,0,98
2446,2,0,98
2447,2,0,98
2448,2,0,98
2449,2,0,98
2450,2,0,98
2451,2,0,98
2452,2,0,98
2453,2,0,98
2454,2,0,98
2455,2,0,98
2456,2,0,98
2457,2,0,98
2458,2,0,98
2459,2,0,98
2460,2,0,98
2461,2,0,98
2462,2,0,98
2463,2,0,98
2464,2,0,98
2465,2,0,98
2466,2,0,98
2467,2,0,98
2468,2,0,98
2469,2,0,98
2470,2,0,98
2471,2,0,98
2472,2,0,98
2473,2,0,98
2474,2,0,98
2475,2,0,98
2476,2,0,98
2477,2,0,98
2478,2,0,98
2479,2,0,98
2480,2,0,98
2481,2,0,98
2482,2,0,98
2483,2,0,98
2484,2,0,98
2485,2,0,98
2486,2,0,98
2487,2,0,98
2488,2,0,98
2489,2,0,98
2490,2,0,98
2491,2,0,98
2492,2,0,98
2493,2,0,98
2494,2,0,98
2495,2,0,98
2496,2,0,98
2497,2,0,98
2498,2,0,98
2499,2,0,98
2500,2,0,98
2501,2,0,98
2502,2,0,98
2503,2,0,98
2504,2,0,98
2505,2,0,98
2506,2,0,98
2507,2,0,98
2508,2,0,98
2509,2,0,98
2510,2,0,98
2511,2,0,98
2512,2,0,98
2513,2,0,98
2514,2,0,98
2515,2,0,98
2516,2,0,98
2517,2,0,98
2518,2,0,98
2519,2,0,98
2520,2,0,98
2521,2,0,98
2522,2,0,98
2523,2,0,98
2524,2,0,98
2525,2,0,98
2526,2,0,98
2527,2,0,98
2528,2,0,98
2529,2,0,98
2530,2,0,98
2531,2,0,98
2532,2,0,98
2533,2,0,98
2534,2,0,98
2535,2,0,98
2536,2,0,98
2537,2,0,98
2538,2,0,98
2539,2,0,98
2540,2,0,98
2541,2,0,98
2542,2,0,98
2543,2,0,98
2544,2,0,98
2545,2,0,98
2546,2,0,98
2547,2,0,98
2548,2,0,98
2549,2,0,98
2550,2,0,98
2551,2,0,98
2552,2,0,98
2553,2,0,98
2554,2,0,98
2555,2,0,98
2556,2,0,98
2557,2,0,98
2558,2,0,98
2559,2,0,98
2560,2,0,98
2561,2,0,98
2562,2,0,98
2563,2,0,98
2564,2,0,98
2565,2,0,98
2566,2,0,98
2567,2,0,98
2568,2,0,98
2569,2,0,98
2570,2,0,98
2571,2,0,98
2572,2,0,98
2573,2,0,98
2574,2,0,98
2575,2,0,98
2576,2,0,98
2577,2,0,98
2578,2,0,98
2579,2,0,98
2580,2,0,98
2581,2,0,98
2582,2,0,98
2583,2,0,98
2584,2,0,98
2585,2,0,98
2586,2,0,98
2587,2,0,98
2588,2,0,98
2589,2,0,98
2590,2,0,98
2591,2,0,98
2592,2,0,98
2593,2,0,98
2594,2,0,98
2595,2,0,98
2596,2,0,98
2597,2,0,98
2598,2,0,98
2599,2,0,98
2600,2,0,98
2601,2,0,98
2602,2,0,98
2603,2,0,98
2604,2,0,98
2605,2,0,98
2606,2,0,98
2607,2,0,98
2608,2,0,98
2609,2,0,98
2610,2,0,98
2611,2,0,98
2612,2,0,98
2613,2,0,98
2614,2,0,98
2615,2,0,98
2616,2,0,98
2617,2,0,98
2618,2,0,98
2619,2,0,98
2620,2,0,98
2621,2,0,98
2622,2,0,98
2623,2,0,98
2624,2,0,98
2625,2,0,98
2626,2,0,98
2627,2,0,98
2628,2,0,98
2629,2,0,98
2630,2,0,98
2631,2,0,98
2632,2,0,98
2633,2,0,98
2634,2,0,98
2635,2,0,98
2636,2,0,98
2637,2,0,98
2638,2,0,98
2639,2,0,98
2640,2,0,98
2641,2,0,98
2642,2,0,98
2643,2,0,98
2644,2,0,98
2645,2,0,98
2646,2,0,98
2647,2,0,98
2648,2,0,98
2649,2,0,98
2650,2,0,98
2651,2,0,98
2652,2,0,98
2653,2,0,98
2654,2,0,98
2655,2,0,98
2656,2,0,98
2657,2,0,98
2658,2,0,98
2659,2,0,98
2660,2,0,98
2661,2,0,98
2662,2,0,98
2663,2,0,98
2664,2,0,98
2665,2,0,98
2666,2,0,98
2667,2,0,98
2668,2,0,98
2669,2,0,98
2670,2,0,98
2671,2,0,98
2672,2,0,98
2673,2,0,98
2674,2,0,98
2675,2,0,98
2676,2,0,98
2677,2,0,98
2678,2,0,98
2679,2,0,98
2680,2,0,98
2681,2,0,98
2682,2,0,98
2683,2,0,98
2684,2,0,98
2685,2,0,98
2686,2,0,98
2687,2,0,98
2688,2,0,98
2689,2,0,98
2690,2,0,98
2691,2,0,98
2692,2,0,98
2693,2,0,98
2694,2,0,98
2695,2,0,98
2696,2,0,98
2697,2,0,98
2698,2,0,98
2699,2,0,98
2700,2,0,98
2701,2,0,98
2702,2,0,98
2703,2,0,98
2704,2,0,98
2705,2,0,98
2706,2,0,98
2707,2,0,98
2708,2,0,98
2709,2,0,98
2710,2,0,98
2711,2,0,98
2712,2,0,98
2713,2,0,98
2714,2,0,98
2715,2,0,98
2716,2,0,98
2717,2,0,98
2718,2,0,98
2719,2,0,98
2720,2,0,98
2721,2,0,98
2722,2,0,98
2723,2,0,98
2724,2,0,98
2725,2,0,98
2726,2,0,98
2727,2,0,98
2728,2,0,98
2729,2,0,98
2730,2,0,98
2731,2,0,98
2732,2,0,98
2733,2,0,98
2734,2,0,98
2735,2,0,98
2736,2,0,98
2737,2,0,98
2738,2,0,98
2739,2,0,98
2740,2,0,98
2741,2,0,98
2742,2,0,98
2743,2,0,98
2744,2,0,98
2745,2,0,98
2746,2,0,98
2747,2,0,98
2748,2,0,98
2749,2,0,98
2750,2,0,98
2751,2,0,98
2752,2,0,98
2753,2,0,98
2754,2,0,98
2755,2,0,98
2756,2,0,98
2757,2,0,98
2758,2,0,98
2759,2,0,98
2760,2,0,98
2761,2,0,98
2762,2,0,98
2763,2,0,98
2764,2,0,98
2765,2,0,98
2766,2,0,98
2767,2,0,98
2768,2,0,98
2769,2,0,98
2770,2,0,98
2771,2,0,98
2772,2,0,98
2773,2,0,98
2774,2,0,98
2775,2,0,98
2776,2,0,98
2777,2,0,98
2778,2,0,98
2779,2,0,98
2780,2,0,98
2781,2,0,98
2782,2,0,98
2783,2,0,98
2784,2,0,98
2785,2,0,98
2786,2,0,98
2787,2,0,98
2788,2,0,98
2789,2,0,98
2790,2,0,98
2791,2,0,98
2792,2,0,98
2793,2,0,98
2794,2,0,98
2795,2,0,98
2796,2,0,98
2797,2,0,98
2798,2,0,98
2799,2,0,98
2800,2,0,98
2801,2,0,98
2802,2,0,98
2803,2,0,98
2804,2,0,98
2805,2,0,98
2806,2,0,98
2807,2,0,98
2808,2,0,98
2809,2,0,98
2810,2,0,98
2811,2,0,98
2812,2,0,98
2813,2,0,98
2814,2,0,98
2815,2,0,98
2816,2,0,98
2817,2,0,98
2818,2,0,98
2819,2,0,98
2820,2,0,98
2821,2,0,98
2822,2,0,98
2823,2,0,98
2824,2,0,98
2825,2,0,98
2826,2,0,98
2827,2,0,98
2828,2,0,98
2829,2,0,98
2830,2,0,98
2831,2,0,98
2832,2,0,98
2833,2,0,98
2834,2,0,98
2835,2,0,98
2836,2,0,98
2837,2,0,98
2838,2,0,98
2839,2,0,98
2840,2,0,98
2841,2,0,98
2842,2,0,98
2843,2,0,98
2844,2,0,98
2845,2,0,98
2846,2,0,98
2847,2,0,98
2848,2,0,98
2849,2,0,98
2850,2,0,98
2851,2,0,98
2852,2,0,98
2853,2,0,98
2854,2,0,98
2855,2,0,98
2856,2,0,98
2857,2,0,98
2858,2,0,98
2859,2,0,98
2860,2,0,98
2861,2,0,98
2862,2,0,98
2863,2,0,98
2864,2,0,98
2865,2,0,98
2866,2,0,98
2867,2,0,98
2868,2,0,98
2869,2,0,98
2870,2,0,98
2871,2,0,98
2872,2,0,98
2873,2,0,98
2874,2,0,98
2875,2,0,98
2876,2,0,98
2877,2,0,98
2878,2,0,98
2879,2,0,98
2880,2,0,98
2881,2,0,98
2882,2,0,98
2883,2,0,98
2884,2,0,98
2885,2,0,98
2886,2,0,98
2887,2,0,98
2888,2,0,98
2889,2,0,98
2890,2,0,98
2891,2,0,98
2892,2,0,98
2893,2,0,98
2894,2,0,98
2895,2,0,98
2896,2,0,98
2897,2,0,98
2898,2,0,98
2899,2,0,98
2900,2,0,98
2901,2,0,98
2902,2,0,98
2903,2,0,98
2904,2,0,98
2905,2,0,98
2906,2,0,98
2907,2,0,98
2908,2,0,98
2909,2,0,98
2910,2,0,98
2911,2,0,98
2912,2,0,98
2913,2,0,98
2914,2,0,98
2915,2,0,98
2916,2,0,98
2917,2,0,98
2918,2,0,98
2919,2,0,98
2920,2,0,98
2921,2,0,98
2922,2,0,98
2923,2,0,98
2924,2,0,98
2925,2,0,98
2926,2,0,98
2927,2,0,98
2928,2,0,98
2929,2,0,98
2930,2,0,98
2931,2,0,98
2932,2,0,98
2933,2,0,98
2934,2,0,98
2935,2,0,98
2936,2,0,98
2937,2,0,98
2938,2,0,98
2939,2,0,98
2940,2,0,98
2941,2,0,98
2942,2,0,98
2943,2,0,98
2944,2,0,98
2945,2,0,98
2946,2,0,98
2947,2,0,98
2948,2,0,98
2949,2,0,98
2950,2,0,98
2951,2,0,98
2952,2,0,98
2953,2,0,98
2954,2,0,98
2955,2,0,98
2956,2,0,98
2957,2,0,98
2958,2,0,98
2959,2,0,98
2960,2,0,98
2961,2,0,98
2962,2,0,98
2963,2,0,98
2964,2,0,98
2965,2,0,98
2966,2,0,98
2967,2,0,98
2968,2,0,98
2969,2,0,98
2970,2,0,98
2971,2,0,98
2972,2,0,98
2973,2,0,98
2974,2,0,98
2975,2,0,98
2976,2,0,98
2977,2,0,98
2978,2,0,98
2979,2,0,98
2980,2,0,98
2981,2,0,98
2982,2,0,98
2983,2,0,98
2984,2,0,98
2985,2,0,98
2986,2,0,98
2987,2,0,98
2988,2,0,98
2989,2,0,98
2990,2,0,98
2991,2,0,98
2992,2,0,98
2993,2,0,98
2994,2,0,98
2995,2,0,98
2996,2,0,98
2997,2,0,98
2998,2,0,98
2999,2,0,98
3000,2,0,98
